   1.0000000000000000E-002   0.0000000000000000     
   1.4999999999999999E-002   0.0000000000000000     
   2.0500000000000001E-002   0.0000000000000000     
   2.6550000000000001E-002   0.0000000000000000     
   3.3204999999999998E-002   0.0000000000000000     
   4.0525499999999999E-002   0.0000000000000000     
   4.8578049999999998E-002   0.0000000000000000     
   5.7435855000000001E-002   0.0000000000000000     
   6.7179440500000007E-002   0.0000000000000000     
   7.7897384550000018E-002   0.0000000000000000     
   8.9687123005000022E-002   0.0000000000000000     
  0.10265583530550003        0.0000000000000000     
  0.11692141883605003        0.0000000000000000     
  0.13261356071965505        0.0000000000000000     
  0.14987491679162057        0.0000000000000000     
  0.16886240847078265        0.0000000000000000     
  0.18974864931786092        0.0000000000000000     
  0.21272351424964703        0.0000000000000000     
  0.23799586567461176        0.0000000000000000     
  0.26579545224207296        0.0000000000000000     
  0.29637499746628027        0.0000000000000000     
  0.33001249721290832        0.0000000000000000     
  0.36701374693419919        0.0000000000000000     
  0.40771512162761914        0.0000000000000000     
  0.45248663379038107        0.0000000000000000     
  0.50173529716941923        0.0000000000000000     
  0.55590882688636123        0.0000000000000000     
  0.61549970957499744        0.0000000000000000     
  0.68104968053249726        0.0000000000000000     
  0.75315464858574699        0.0000000000000000     
  0.83247011344432176        0.0000000000000000     
  0.91971712478875400        0.0000000000000000     
   1.0156888372676294        0.0000000000000000     
   1.1212577209943924        0.0000000000000000     
   1.2373834930938317        0.0000000000000000     
   1.3651218424032150        0.0000000000000000     
   1.5056340266435366        0.0000000000000000     
   1.6601974293078905        0.0000000000000000     
   1.8302171722386797        0.0000000000000000     
   2.0172388894625479        0.0000000000000000     
   2.2229627784088031        0.0000000000000000     
   2.4492590562496837        0.0000000000000000     
   2.6981849618746523        0.0000000000000000     
   2.9720034580621175        0.0000000000000000     
   3.2732038038683293        0.0000000000000000     
   3.6045241842551623        0.0000000000000000     
   3.9689766026806788        0.0000000000000000     
   4.3698742629487466        0.0000000000000000     
   4.8108616892436213        0.0000000000000000     
   5.2959478581679837        0.0000000000000000     
   5.8295426439847828        0.0000000000000000     
   6.4164969083832615        0.0000000000000000     
   7.0621465992215882        0.0000000000000000     
   7.7723612591437474        0.0000000000000000     
   8.5535973850581222        0.0000000000000000     
   9.4129571235639347        0.0000000000000000     
   10.358252835920329        0.0000000000000000     
   11.398078119512363        0.0000000000000000     
   12.541885931463600        0.0000000000000000     
   13.800074524609961        0.0000000000000000     
   15.184081977070958        0.0000000000000000     
   16.706490174778054        0.0000000000000000     
   18.381139192255862        0.0000000000000000     
   20.223253111481451        0.0000000000000000     
   22.249578422629597        0.0000000000000000     
   24.478536264892558        0.0000000000000000     
   26.930389891381814        0.0000000000000000     
   29.627428880520000        0.0000000000000000     
   32.594171768572004        0.0000000000000000     
   35.857588945429207        0.0000000000000000     
   39.447347839972132        0.0000000000000000     
   43.396082623969349        0.0000000000000000     
   47.739690886366290        0.0000000000000000     
   52.517659975002921        0.0000000000000000     
   57.773425972503219        0.0000000000000000     
   63.554768569753548        0.0000000000000000     
   69.914245426728911        0.0000000000000000     
   76.909669969401804        0.0000000000000000     
   84.604636966341985        0.0000000000000000     
   93.069100662976197        0.0000000000000000     
   102.38001072927383        0.0000000000000000     
   112.38001072927383        0.0000000000000000     
   122.38001072927383        0.0000000000000000     
   132.38001072927383        0.0000000000000000     
   142.38001072927383        0.0000000000000000     
   152.38001072927383        0.0000000000000000     
   162.38001072927383        0.0000000000000000     
   172.38001072927383        0.0000000000000000     
   182.38001072927383        0.0000000000000000     
   192.38001072927383        0.0000000000000000     
   202.38001072927383        0.0000000000000000     
   212.38001072927383        0.0000000000000000     
   222.38001072927383        0.0000000000000000     
   232.38001072927383        0.0000000000000000     
   242.38001072927383        0.0000000000000000     
   252.38001072927383        0.0000000000000000     
   262.38001072927386        0.0000000000000000     
   272.38001072927386        0.0000000000000000     
   282.38001072927386        0.0000000000000000     
   292.38001072927386        0.0000000000000000     
   302.38001072927386        0.0000000000000000     
   312.38001072927386        0.0000000000000000     
   322.38001072927386        0.0000000000000000     
   332.38001072927386        0.0000000000000000     
   342.38001072927386        0.0000000000000000     
   352.38001072927386        0.0000000000000000     
   362.38001072927386        0.0000000000000000     
   372.38001072927386        0.0000000000000000     
   382.38001072927386        0.0000000000000000     
   392.38001072927386        0.0000000000000000     
   402.38001072927386        0.0000000000000000     
   412.38001072927386        0.0000000000000000     
   422.38001072927386        0.0000000000000000     
   432.38001072927386        0.0000000000000000     
   442.38001072927386        0.0000000000000000     
   452.38001072927386        0.0000000000000000     
   462.38001072927386        0.0000000000000000     
   472.38001072927386        0.0000000000000000     
   482.38001072927386        0.0000000000000000     
   492.38001072927386        0.0000000000000000     
   502.38001072927386        0.0000000000000000     
   512.38001072927386        0.0000000000000000     
   522.38001072927386        0.0000000000000000     
   532.38001072927386        0.0000000000000000     
   542.38001072927386        0.0000000000000000     
   552.38001072927386        0.0000000000000000     
   562.38001072927386        0.0000000000000000     
   572.38001072927386        0.0000000000000000     
   582.38001072927386        0.0000000000000000     
   592.38001072927386        0.0000000000000000     
   602.38001072927386        0.0000000000000000     
   612.38001072927386        0.0000000000000000     
   622.38001072927386        0.0000000000000000     
   632.38001072927386        0.0000000000000000     
   642.38001072927386        0.0000000000000000     
   652.38001072927386        0.0000000000000000     
   662.38001072927386        0.0000000000000000     
   672.38001072927386        0.0000000000000000     
   682.38001072927386        0.0000000000000000     
   692.38001072927386        0.0000000000000000     
   702.38001072927386        0.0000000000000000     
   712.38001072927386        0.0000000000000000     
   722.38001072927386        0.0000000000000000     
   732.38001072927386        0.0000000000000000     
   742.38001072927386        0.0000000000000000     
   752.38001072927386        0.0000000000000000     
   762.38001072927386        0.0000000000000000     
   772.38001072927386        0.0000000000000000     
   782.38001072927386        0.0000000000000000     
   792.38001072927386        0.0000000000000000     
   802.38001072927386        0.0000000000000000     
   812.38001072927386        0.0000000000000000     
   822.38001072927386        0.0000000000000000     
   832.38001072927386        0.0000000000000000     
   842.38001072927386        0.0000000000000000     
   852.38001072927386        0.0000000000000000     
   862.38001072927386        0.0000000000000000     
   872.38001072927386        0.0000000000000000     
   882.38001072927386        0.0000000000000000     
   892.38001072927386        0.0000000000000000     
   902.38001072927386        0.0000000000000000     
   912.38001072927386        0.0000000000000000     
   922.38001072927386        0.0000000000000000     
   932.38001072927386        0.0000000000000000     
   942.38001072927386        0.0000000000000000     
   952.38001072927386        0.0000000000000000     
   962.38001072927386        0.0000000000000000     
   972.38001072927386        0.0000000000000000     
   982.38001072927386        0.0000000000000000     
   992.38001072927386        0.0000000000000000     
   1002.3800107292739        0.0000000000000000     
   1012.3800107292739        0.0000000000000000     
   1022.3800107292739        0.0000000000000000     
   1032.3800107292739        0.0000000000000000     
   1042.3800107292739        0.0000000000000000     
   1052.3800107292739        0.0000000000000000     
   1062.3800107292739        0.0000000000000000     
   1072.3800107292739        0.0000000000000000     
   1082.3800107292739        0.0000000000000000     
   1092.3800107292739        0.0000000000000000     
   1102.3800107292739        0.0000000000000000     
   1112.3800107292739        0.0000000000000000     
   1122.3800107292739        0.0000000000000000     
   1132.3800107292739        0.0000000000000000     
   1142.3800107292739        0.0000000000000000     
   1152.3800107292739        0.0000000000000000     
   1162.3800107292739        0.0000000000000000     
   1172.3800107292739        0.0000000000000000     
   1182.3800107292739        0.0000000000000000     
   1192.3800107292739        0.0000000000000000     
   1202.3800107292739        0.0000000000000000     
   1212.3800107292739        0.0000000000000000     
   1222.3800107292739        0.0000000000000000     
   1232.3800107292739        0.0000000000000000     
   1242.3800107292739        0.0000000000000000     
   1252.3800107292739        0.0000000000000000     
   1262.3800107292739        0.0000000000000000     
   1272.3800107292739        0.0000000000000000     
   1282.3800107292739        0.0000000000000000     
   1292.3800107292739        0.0000000000000000     
   1302.3800107292739        0.0000000000000000     
   1312.3800107292739        0.0000000000000000     
   1322.3800107292739        0.0000000000000000     
   1332.3800107292739        0.0000000000000000     
   1342.3800107292739        0.0000000000000000     
   1352.3800107292739        0.0000000000000000     
   1362.3800107292739        0.0000000000000000     
   1372.3800107292739        0.0000000000000000     
   1382.3800107292739        0.0000000000000000     
   1392.3800107292739        0.0000000000000000     
   1402.3800107292739        0.0000000000000000     
   1412.3800107292739        0.0000000000000000     
   1422.3800107292739        0.0000000000000000     
   1432.3800107292739        0.0000000000000000     
   1442.3800107292739        0.0000000000000000     
   1452.3800107292739        0.0000000000000000     
   1462.3800107292739        0.0000000000000000     
   1472.3800107292739        0.0000000000000000     
   1482.3800107292739        0.0000000000000000     
   1492.3800107292739        0.0000000000000000     
   1502.3800107292739        0.0000000000000000     
   1512.3800107292739        0.0000000000000000     
   1522.3800107292739        0.0000000000000000     
   1532.3800107292739        0.0000000000000000     
   1542.3800107292739        0.0000000000000000     
   1552.3800107292739        0.0000000000000000     
   1562.3800107292739        0.0000000000000000     
   1572.3800107292739        0.0000000000000000     
   1582.3800107292739        0.0000000000000000     
   1592.3800107292739        0.0000000000000000     
   1602.3800107292739        0.0000000000000000     
   1612.3800107292739        0.0000000000000000     
   1622.3800107292739        0.0000000000000000     
   1632.3800107292739        0.0000000000000000     
   1642.3800107292739        0.0000000000000000     
   1652.3800107292739        0.0000000000000000     
   1662.3800107292739        0.0000000000000000     
   1672.3800107292739        0.0000000000000000     
   1682.3800107292739        0.0000000000000000     
   1692.3800107292739        0.0000000000000000     
   1702.3800107292739        0.0000000000000000     
   1712.3800107292739        0.0000000000000000     
   1722.3800107292739        0.0000000000000000     
   1732.3800107292739        0.0000000000000000     
   1742.3800107292739        0.0000000000000000     
   1752.3800107292739        0.0000000000000000     
   1762.3800107292739        0.0000000000000000     
   1772.3800107292739        0.0000000000000000     
   1782.3800107292739        0.0000000000000000     
   1792.3800107292739        0.0000000000000000     
   1802.3800107292739        0.0000000000000000     
   1812.3800107292739        0.0000000000000000     
   1822.3800107292739        0.0000000000000000     
   1832.3800107292739        0.0000000000000000     
   1842.3800107292739        0.0000000000000000     
   1852.3800107292739        0.0000000000000000     
   1862.3800107292739        0.0000000000000000     
   1872.3800107292739        0.0000000000000000     
   1882.3800107292739        0.0000000000000000     
   1892.3800107292739        0.0000000000000000     
   1902.3800107292739        0.0000000000000000     
   1912.3800107292739        0.0000000000000000     
   1922.3800107292739        0.0000000000000000     
   1932.3800107292739        0.0000000000000000     
   1942.3800107292739        0.0000000000000000     
   1952.3800107292739        0.0000000000000000     
   1962.3800107292739        0.0000000000000000     
   1972.3800107292739        0.0000000000000000     
   1982.3800107292739        0.0000000000000000     
   1992.3800107292739        0.0000000000000000     
   2002.3800107292739        0.0000000000000000     
   2012.3800107292739        0.0000000000000000     
   2022.3800107292739        0.0000000000000000     
   2032.3800107292739        0.0000000000000000     
   2042.3800107292739        0.0000000000000000     
   2052.3800107292736        0.0000000000000000     
   2062.3800107292736        0.0000000000000000     
   2072.3800107292736        0.0000000000000000     
   2082.3800107292736        0.0000000000000000     
   2092.3800107292736        0.0000000000000000     
   2102.3800107292736        0.0000000000000000     
   2112.3800107292736        0.0000000000000000     
   2122.3800107292736        0.0000000000000000     
   2132.3800107292736        0.0000000000000000     
   2142.3800107292736        0.0000000000000000     
   2152.3800107292736        0.0000000000000000     
   2162.3800107292736        0.0000000000000000     
   2172.3800107292736        0.0000000000000000     
   2182.3800107292736        0.0000000000000000     
   2192.3800107292736        0.0000000000000000     
   2202.3800107292736        0.0000000000000000     
   2212.3800107292736        0.0000000000000000     
   2222.3800107292736        0.0000000000000000     
   2232.3800107292736        0.0000000000000000     
   2242.3800107292736        0.0000000000000000     
   2252.3800107292736        0.0000000000000000     
   2262.3800107292736        0.0000000000000000     
   2272.3800107292736        0.0000000000000000     
   2282.3800107292736        0.0000000000000000     
   2292.3800107292736        0.0000000000000000     
   2302.3800107292736        0.0000000000000000     
   2312.3800107292736        0.0000000000000000     
   2322.3800107292736        0.0000000000000000     
   2332.3800107292736        0.0000000000000000     
   2342.3800107292736        0.0000000000000000     
   2352.3800107292736        0.0000000000000000     
   2362.3800107292736        0.0000000000000000     
   2372.3800107292736        0.0000000000000000     
   2382.3800107292736        0.0000000000000000     
   2392.3800107292736        0.0000000000000000     
   2402.3800107292736        0.0000000000000000     
   2412.3800107292736        0.0000000000000000     
   2422.3800107292736        0.0000000000000000     
   2432.3800107292736        0.0000000000000000     
   2442.3800107292736        0.0000000000000000     
   2452.3800107292736        0.0000000000000000     
   2462.3800107292736        0.0000000000000000     
   2472.3800107292736        0.0000000000000000     
   2482.3800107292736        0.0000000000000000     
   2492.3800107292736        0.0000000000000000     
   2502.3800107292736        0.0000000000000000     
   2512.3800107292736        0.0000000000000000     
   2522.3800107292736        0.0000000000000000     
   2532.3800107292736        0.0000000000000000     
   2542.3800107292736        0.0000000000000000     
   2552.3800107292736        0.0000000000000000     
   2562.3800107292736        0.0000000000000000     
   2572.3800107292736        0.0000000000000000     
   2582.3800107292736        0.0000000000000000     
   2592.3800107292736        0.0000000000000000     
   2602.3800107292736        0.0000000000000000     
   2612.3800107292736        0.0000000000000000     
   2622.3800107292736        0.0000000000000000     
   2632.3800107292736        0.0000000000000000     
   2642.3800107292736        0.0000000000000000     
   2652.3800107292736        0.0000000000000000     
   2662.3800107292736        0.0000000000000000     
   2672.3800107292736        0.0000000000000000     
   2682.3800107292736        0.0000000000000000     
   2692.3800107292736        0.0000000000000000     
   2702.3800107292736        0.0000000000000000     
   2712.3800107292736        0.0000000000000000     
   2722.3800107292736        0.0000000000000000     
   2732.3800107292736        0.0000000000000000     
   2742.3800107292736        0.0000000000000000     
   2752.3800107292736        0.0000000000000000     
   2762.3800107292736        0.0000000000000000     
   2772.3800107292736        0.0000000000000000     
   2782.3800107292736        0.0000000000000000     
   2792.3800107292736        0.0000000000000000     
   2802.3800107292736        0.0000000000000000     
   2812.3800107292736        0.0000000000000000     
   2822.3800107292736        0.0000000000000000     
   2832.3800107292736        0.0000000000000000     
   2842.3800107292736        0.0000000000000000     
   2852.3800107292736        0.0000000000000000     
   2862.3800107292736        0.0000000000000000     
   2872.3800107292736        0.0000000000000000     
   2882.3800107292736        0.0000000000000000     
   2892.3800107292736        0.0000000000000000     
   2902.3800107292736        0.0000000000000000     
   2912.3800107292736        0.0000000000000000     
   2922.3800107292736        0.0000000000000000     
   2932.3800107292736        0.0000000000000000     
   2942.3800107292736        0.0000000000000000     
   2952.3800107292736        0.0000000000000000     
   2962.3800107292736        0.0000000000000000     
   2972.3800107292736        0.0000000000000000     
   2982.3800107292736        0.0000000000000000     
   2992.3800107292736        0.0000000000000000     
   3002.3800107292736        0.0000000000000000     
   3012.3800107292736        0.0000000000000000     
   3022.3800107292736        0.0000000000000000     
   3032.3800107292736        0.0000000000000000     
   3042.3800107292736        0.0000000000000000     
   3052.3800107292736        0.0000000000000000     
   3062.3800107292736        0.0000000000000000     
   3072.3800107292736        0.0000000000000000     
   3082.3800107292736        0.0000000000000000     
   3092.3800107292736        0.0000000000000000     
   3102.3800107292736        0.0000000000000000     
   3112.3800107292736        0.0000000000000000     
   3122.3800107292736        0.0000000000000000     
   3132.3800107292736        0.0000000000000000     
   3142.3800107292736        0.0000000000000000     
   3152.3800107292736        0.0000000000000000     
   3162.3800107292736        0.0000000000000000     
   3172.3800107292736        0.0000000000000000     
   3182.3800107292736        0.0000000000000000     
   3192.3800107292736        0.0000000000000000     
   3202.3800107292736        0.0000000000000000     
   3212.3800107292736        0.0000000000000000     
   3222.3800107292736        0.0000000000000000     
   3232.3800107292736        0.0000000000000000     
   3242.3800107292736        0.0000000000000000     
   3252.3800107292736        0.0000000000000000     
   3262.3800107292736        0.0000000000000000     
   3272.3800107292736        0.0000000000000000     
   3282.3800107292736        0.0000000000000000     
   3292.3800107292736        0.0000000000000000     
   3302.3800107292736        0.0000000000000000     
   3312.3800107292736        0.0000000000000000     
   3322.3800107292736        0.0000000000000000     
   3332.3800107292736        0.0000000000000000     
   3342.3800107292736        0.0000000000000000     
   3352.3800107292736        0.0000000000000000     
   3362.3800107292736        0.0000000000000000     
   3372.3800107292736        0.0000000000000000     
   3382.3800107292736        0.0000000000000000     
   3392.3800107292736        0.0000000000000000     
   3402.3800107292736        0.0000000000000000     
   3412.3800107292736        0.0000000000000000     
   3422.3800107292736        0.0000000000000000     
   3432.3800107292736        0.0000000000000000     
   3442.3800107292736        0.0000000000000000     
   3452.3800107292736        0.0000000000000000     
   3462.3800107292736        0.0000000000000000     
   3472.3800107292736        0.0000000000000000     
   3482.3800107292736        0.0000000000000000     
   3492.3800107292736        0.0000000000000000     
   3502.3800107292736        0.0000000000000000     
   3512.3800107292736        0.0000000000000000     
   3522.3800107292736        0.0000000000000000     
   3532.3800107292736        0.0000000000000000     
   3542.3800107292736        0.0000000000000000     
   3552.3800107292736        0.0000000000000000     
   3562.3800107292736        0.0000000000000000     
   3572.3800107292736        0.0000000000000000     
   3582.3800107292736        0.0000000000000000     
   3592.3800107292736        0.0000000000000000     
   3602.3800107292736        0.0000000000000000     
   3612.3800107292736        0.0000000000000000     
   3622.3800107292736        0.0000000000000000     
   3632.3800107292736        0.0000000000000000     
   3642.3800107292736        0.0000000000000000     
   3652.3800107292736        0.0000000000000000     
   3662.3800107292736        0.0000000000000000     
   3672.3800107292736        0.0000000000000000     
   3682.3800107292736        0.0000000000000000     
   3692.3800107292736        0.0000000000000000     
   3702.3800107292736        0.0000000000000000     
   3712.3800107292736        0.0000000000000000     
   3722.3800107292736        0.0000000000000000     
   3732.3800107292736        0.0000000000000000     
   3742.3800107292736        0.0000000000000000     
   3752.3800107292736        0.0000000000000000     
   3762.3800107292736        0.0000000000000000     
   3772.3800107292736        0.0000000000000000     
   3782.3800107292736        0.0000000000000000     
   3792.3800107292736        0.0000000000000000     
   3802.3800107292736        0.0000000000000000     
   3812.3800107292736        0.0000000000000000     
   3822.3800107292736        0.0000000000000000     
   3832.3800107292736        0.0000000000000000     
   3842.3800107292736        0.0000000000000000     
   3852.3800107292736        0.0000000000000000     
   3862.3800107292736        0.0000000000000000     
   3872.3800107292736        0.0000000000000000     
   3882.3800107292736        0.0000000000000000     
   3892.3800107292736        0.0000000000000000     
   3902.3800107292736        0.0000000000000000     
   3912.3800107292736        0.0000000000000000     
   3922.3800107292736        0.0000000000000000     
   3932.3800107292736        0.0000000000000000     
   3942.3800107292736        0.0000000000000000     
   3952.3800107292736        0.0000000000000000     
   3962.3800107292736        0.0000000000000000     
   3972.3800107292736        0.0000000000000000     
   3982.3800107292736        0.0000000000000000     
   3992.3800107292736        0.0000000000000000     
   4002.3800107292736        0.0000000000000000     
   4012.3800107292736        0.0000000000000000     
   4022.3800107292736        0.0000000000000000     
   4032.3800107292736        0.0000000000000000     
   4042.3800107292736        0.0000000000000000     
   4052.3800107292736        0.0000000000000000     
   4062.3800107292736        0.0000000000000000     
   4072.3800107292736        0.0000000000000000     
   4082.3800107292736        0.0000000000000000     
   4092.3800107292736        0.0000000000000000     
   4102.3800107292736        0.0000000000000000     
   4112.3800107292736        0.0000000000000000     
   4122.3800107292736        0.0000000000000000     
   4132.3800107292736        0.0000000000000000     
   4142.3800107292736        0.0000000000000000     
   4152.3800107292736        0.0000000000000000     
   4162.3800107292736        0.0000000000000000     
   4172.3800107292736        0.0000000000000000     
   4182.3800107292736        0.0000000000000000     
   4192.3800107292736        0.0000000000000000     
   4202.3800107292736        0.0000000000000000     
   4212.3800107292736        0.0000000000000000     
   4222.3800107292736        0.0000000000000000     
   4232.3800107292736        0.0000000000000000     
   4242.3800107292736        0.0000000000000000     
   4252.3800107292736        0.0000000000000000     
   4262.3800107292736        0.0000000000000000     
   4272.3800107292736        0.0000000000000000     
   4282.3800107292736        0.0000000000000000     
   4292.3800107292736        0.0000000000000000     
   4302.3800107292736        0.0000000000000000     
   4312.3800107292736        0.0000000000000000     
   4322.3800107292736        0.0000000000000000     
   4332.3800107292736        0.0000000000000000     
   4342.3800107292736        0.0000000000000000     
   4352.3800107292736        0.0000000000000000     
   4362.3800107292736        0.0000000000000000     
   4372.3800107292736        0.0000000000000000     
   4382.3800107292736        0.0000000000000000     
   4392.3800107292736        0.0000000000000000     
   4402.3800107292736        0.0000000000000000     
   4412.3800107292736        0.0000000000000000     
   4422.3800107292736        0.0000000000000000     
   4432.3800107292736        0.0000000000000000     
   4442.3800107292736        0.0000000000000000     
   4452.3800107292736        0.0000000000000000     
   4462.3800107292736        0.0000000000000000     
   4472.3800107292736        0.0000000000000000     
   4482.3800107292736        0.0000000000000000     
   4492.3800107292736        0.0000000000000000     
   4502.3800107292736        0.0000000000000000     
   4512.3800107292736        0.0000000000000000     
   4522.3800107292736        0.0000000000000000     
   4532.3800107292736        0.0000000000000000     
   4542.3800107292736        0.0000000000000000     
   4552.3800107292736        0.0000000000000000     
   4562.3800107292736        0.0000000000000000     
   4572.3800107292736        0.0000000000000000     
   4582.3800107292736        0.0000000000000000     
   4592.3800107292736        0.0000000000000000     
   4602.3800107292736        0.0000000000000000     
   4612.3800107292736        0.0000000000000000     
   4622.3800107292736        0.0000000000000000     
   4632.3800107292736        0.0000000000000000     
   4642.3800107292736        0.0000000000000000     
   4652.3800107292736        0.0000000000000000     
   4662.3800107292736        0.0000000000000000     
   4672.3800107292736        0.0000000000000000     
   4682.3800107292736        0.0000000000000000     
   4692.3800107292736        0.0000000000000000     
   4702.3800107292736        0.0000000000000000     
   4712.3800107292736        0.0000000000000000     
   4722.3800107292736        0.0000000000000000     
   4732.3800107292736        0.0000000000000000     
   4742.3800107292736        0.0000000000000000     
   4752.3800107292736        0.0000000000000000     
   4762.3800107292736        0.0000000000000000     
   4772.3800107292736        0.0000000000000000     
   4782.3800107292736        0.0000000000000000     
   4792.3800107292736        0.0000000000000000     
   4802.3800107292736        0.0000000000000000     
   4812.3800107292736        0.0000000000000000     
   4822.3800107292736        0.0000000000000000     
   4832.3800107292736        0.0000000000000000     
   4842.3800107292736        0.0000000000000000     
   4852.3800107292736        0.0000000000000000     
   4862.3800107292736        0.0000000000000000     
   4872.3800107292736        0.0000000000000000     
   4882.3800107292736        0.0000000000000000     
   4892.3800107292736        0.0000000000000000     
   4902.3800107292736        0.0000000000000000     
   4912.3800107292736        0.0000000000000000     
   4922.3800107292736        0.0000000000000000     
   4932.3800107292736        0.0000000000000000     
   4942.3800107292736        0.0000000000000000     
   4952.3800107292736        0.0000000000000000     
   4962.3800107292736        0.0000000000000000     
   4972.3800107292736        0.0000000000000000     
   4982.3800107292736        0.0000000000000000     
   4992.3800107292736        0.0000000000000000     
   5002.3800107292736        0.0000000000000000     
   5012.3800107292736        0.0000000000000000     
   5022.3800107292736        0.0000000000000000     
   5032.3800107292736        0.0000000000000000     
   5042.3800107292736        0.0000000000000000     
   5052.3800107292736        0.0000000000000000     
   5062.3800107292736        0.0000000000000000     
   5072.3800107292736        0.0000000000000000     
   5082.3800107292736        0.0000000000000000     
   5092.3800107292736        0.0000000000000000     
   5102.3800107292736        0.0000000000000000     
   5112.3800107292736        0.0000000000000000     
   5122.3800107292736        0.0000000000000000     
   5132.3800107292736        0.0000000000000000     
   5142.3800107292736        0.0000000000000000     
   5152.3800107292736        0.0000000000000000     
   5162.3800107292736        0.0000000000000000     
   5172.3800107292736        0.0000000000000000     
   5182.3800107292736        0.0000000000000000     
   5192.3800107292736        0.0000000000000000     
   5202.3800107292736        0.0000000000000000     
   5212.3800107292736        0.0000000000000000     
   5222.3800107292736        0.0000000000000000     
   5232.3800107292736        0.0000000000000000     
   5242.3800107292736        0.0000000000000000     
   5252.3800107292736        0.0000000000000000     
   5262.3800107292736        0.0000000000000000     
   5272.3800107292736        0.0000000000000000     
   5282.3800107292736        0.0000000000000000     
   5292.3800107292736        0.0000000000000000     
   5302.3800107292736        0.0000000000000000     
   5312.3800107292736        0.0000000000000000     
   5322.3800107292736        0.0000000000000000     
   5332.3800107292736        0.0000000000000000     
   5342.3800107292736        0.0000000000000000     
   5352.3800107292736        0.0000000000000000     
   5362.3800107292736        0.0000000000000000     
   5372.3800107292736        0.0000000000000000     
   5382.3800107292736        0.0000000000000000     
   5392.3800107292736        0.0000000000000000     
   5402.3800107292736        0.0000000000000000     
   5412.3800107292736        0.0000000000000000     
   5422.3800107292736        0.0000000000000000     
   5432.3800107292736        0.0000000000000000     
   5442.3800107292736        0.0000000000000000     
   5452.3800107292736        0.0000000000000000     
   5462.3800107292736        0.0000000000000000     
   5472.3800107292736        0.0000000000000000     
   5482.3800107292736        0.0000000000000000     
   5492.3800107292736        0.0000000000000000     
   5502.3800107292736        0.0000000000000000     
   5512.3800107292736        0.0000000000000000     
   5522.3800107292736        0.0000000000000000     
   5532.3800107292736        0.0000000000000000     
   5542.3800107292736        0.0000000000000000     
   5552.3800107292736        0.0000000000000000     
   5562.3800107292736        0.0000000000000000     
   5572.3800107292736        0.0000000000000000     
   5582.3800107292736        0.0000000000000000     
   5592.3800107292736        0.0000000000000000     
   5602.3800107292736        0.0000000000000000     
   5612.3800107292736        0.0000000000000000     
   5622.3800107292736        0.0000000000000000     
   5632.3800107292736        0.0000000000000000     
   5642.3800107292736        0.0000000000000000     
   5652.3800107292736        0.0000000000000000     
   5662.3800107292736        0.0000000000000000     
   5672.3800107292736        0.0000000000000000     
   5682.3800107292736        0.0000000000000000     
   5692.3800107292736        0.0000000000000000     
   5702.3800107292736        0.0000000000000000     
   5712.3800107292736        0.0000000000000000     
   5722.3800107292736        0.0000000000000000     
   5732.3800107292736        0.0000000000000000     
   5742.3800107292736        0.0000000000000000     
   5752.3800107292736        0.0000000000000000     
   5762.3800107292736        0.0000000000000000     
   5772.3800107292736        0.0000000000000000     
   5782.3800107292736        0.0000000000000000     
   5792.3800107292736        0.0000000000000000     
   5802.3800107292736        0.0000000000000000     
   5812.3800107292736        0.0000000000000000     
   5822.3800107292736        0.0000000000000000     
   5832.3800107292736        0.0000000000000000     
   5842.3800107292736        0.0000000000000000     
   5852.3800107292736        0.0000000000000000     
   5862.3800107292736        0.0000000000000000     
   5872.3800107292736        0.0000000000000000     
   5882.3800107292736        0.0000000000000000     
   5892.3800107292736        0.0000000000000000     
   5902.3800107292736        0.0000000000000000     
   5912.3800107292736        0.0000000000000000     
   5922.3800107292736        0.0000000000000000     
   5932.3800107292736        0.0000000000000000     
   5942.3800107292736        0.0000000000000000     
   5952.3800107292736        0.0000000000000000     
   5962.3800107292736        0.0000000000000000     
   5972.3800107292736        0.0000000000000000     
   5982.3800107292736        0.0000000000000000     
   5992.3800107292736        0.0000000000000000     
   6002.3800107292736        0.0000000000000000     
   6012.3800107292736        0.0000000000000000     
   6022.3800107292736        0.0000000000000000     
   6032.3800107292736        0.0000000000000000     
   6042.3800107292736        0.0000000000000000     
   6052.3800107292736        0.0000000000000000     
   6062.3800107292736        0.0000000000000000     
   6072.3800107292736        0.0000000000000000     
   6082.3800107292736        0.0000000000000000     
   6092.3800107292736        0.0000000000000000     
   6102.3800107292736        0.0000000000000000     
   6112.3800107292736        0.0000000000000000     
   6122.3800107292736        0.0000000000000000     
   6132.3800107292736        0.0000000000000000     
   6142.3800107292736        0.0000000000000000     
   6152.3800107292736        0.0000000000000000     
   6162.3800107292736        0.0000000000000000     
   6172.3800107292736        0.0000000000000000     
   6182.3800107292736        0.0000000000000000     
   6192.3800107292736        0.0000000000000000     
   6202.3800107292736        0.0000000000000000     
   6212.3800107292736        0.0000000000000000     
   6222.3800107292736        0.0000000000000000     
   6232.3800107292736        0.0000000000000000     
   6242.3800107292736        0.0000000000000000     
   6252.3800107292736        0.0000000000000000     
   6262.3800107292736        0.0000000000000000     
   6272.3800107292736        0.0000000000000000     
   6282.3800107292736        0.0000000000000000     
   6292.3800107292736        0.0000000000000000     
   6302.3800107292736        0.0000000000000000     
   6312.3800107292736        0.0000000000000000     
   6322.3800107292736        0.0000000000000000     
   6332.3800107292736        0.0000000000000000     
   6342.3800107292736        0.0000000000000000     
   6352.3800107292736        0.0000000000000000     
   6362.3800107292736        0.0000000000000000     
   6372.3800107292736        0.0000000000000000     
   6382.3800107292736        0.0000000000000000     
   6392.3800107292736        0.0000000000000000     
   6402.3800107292736        0.0000000000000000     
   6412.3800107292736        0.0000000000000000     
   6422.3800107292736        0.0000000000000000     
   6432.3800107292736        0.0000000000000000     
   6442.3800107292736        0.0000000000000000     
   6452.3800107292736        0.0000000000000000     
   6462.3800107292736        0.0000000000000000     
   6472.3800107292736        0.0000000000000000     
   6482.3800107292736        0.0000000000000000     
   6492.3800107292736        0.0000000000000000     
   6502.3800107292736        0.0000000000000000     
   6512.3800107292736        0.0000000000000000     
   6522.3800107292736        0.0000000000000000     
   6532.3800107292736        0.0000000000000000     
   6542.3800107292736        0.0000000000000000     
   6552.3800107292736        0.0000000000000000     
   6562.3800107292736        0.0000000000000000     
   6572.3800107292736        0.0000000000000000     
   6582.3800107292736        0.0000000000000000     
   6592.3800107292736        0.0000000000000000     
   6602.3800107292736        0.0000000000000000     
   6612.3800107292736        0.0000000000000000     
   6622.3800107292736        0.0000000000000000     
   6632.3800107292736        0.0000000000000000     
   6642.3800107292736        0.0000000000000000     
   6652.3800107292736        0.0000000000000000     
   6662.3800107292736        0.0000000000000000     
   6672.3800107292736        0.0000000000000000     
   6682.3800107292736        0.0000000000000000     
   6692.3800107292736        0.0000000000000000     
   6702.3800107292736        0.0000000000000000     
   6712.3800107292736        0.0000000000000000     
   6722.3800107292736        0.0000000000000000     
   6732.3800107292736        0.0000000000000000     
   6742.3800107292736        0.0000000000000000     
   6752.3800107292736        0.0000000000000000     
   6762.3800107292736        0.0000000000000000     
   6772.3800107292736        0.0000000000000000     
   6782.3800107292736        0.0000000000000000     
   6792.3800107292736        0.0000000000000000     
   6802.3800107292736        0.0000000000000000     
   6812.3800107292736        0.0000000000000000     
   6822.3800107292736        0.0000000000000000     
   6832.3800107292736        0.0000000000000000     
   6842.3800107292736        0.0000000000000000     
   6852.3800107292736        0.0000000000000000     
   6862.3800107292736        0.0000000000000000     
   6872.3800107292736        0.0000000000000000     
   6882.3800107292736        0.0000000000000000     
   6892.3800107292736        0.0000000000000000     
   6902.3800107292736        0.0000000000000000     
   6912.3800107292736        0.0000000000000000     
   6922.3800107292736        0.0000000000000000     
   6932.3800107292736        0.0000000000000000     
   6942.3800107292736        0.0000000000000000     
   6952.3800107292736        0.0000000000000000     
   6962.3800107292736        0.0000000000000000     
   6972.3800107292736        0.0000000000000000     
   6982.3800107292736        0.0000000000000000     
   6992.3800107292736        0.0000000000000000     
   7002.3800107292736        0.0000000000000000     
   7012.3800107292736        0.0000000000000000     
   7022.3800107292736        0.0000000000000000     
   7032.3800107292736        0.0000000000000000     
   7042.3800107292736        0.0000000000000000     
   7052.3800107292736        0.0000000000000000     
   7062.3800107292736        0.0000000000000000     
   7072.3800107292736        0.0000000000000000     
   7082.3800107292736        0.0000000000000000     
   7092.3800107292736        0.0000000000000000     
   7102.3800107292736        0.0000000000000000     
   7112.3800107292736        0.0000000000000000     
   7122.3800107292736        0.0000000000000000     
   7132.3800107292736        0.0000000000000000     
   7142.3800107292736        0.0000000000000000     
   7152.3800107292736        0.0000000000000000     
   7162.3800107292736        0.0000000000000000     
   7172.3800107292736        0.0000000000000000     
   7182.3800107292736        0.0000000000000000     
   7192.3800107292736        0.0000000000000000     
   7202.3800107292736        0.0000000000000000     
   7212.3800107292736        0.0000000000000000     
   7222.3800107292736        0.0000000000000000     
   7232.3800107292736        0.0000000000000000     
   7242.3800107292736        0.0000000000000000     
   7252.3800107292736        0.0000000000000000     
   7262.3800107292736        0.0000000000000000     
   7272.3800107292736        0.0000000000000000     
   7282.3800107292736        0.0000000000000000     
   7292.3800107292736        0.0000000000000000     
   7302.3800107292736        0.0000000000000000     
   7312.3800107292736        0.0000000000000000     
   7322.3800107292736        0.0000000000000000     
   7332.3800107292736        0.0000000000000000     
   7342.3800107292736        0.0000000000000000     
   7352.3800107292736        0.0000000000000000     
   7362.3800107292736        0.0000000000000000     
   7372.3800107292736        0.0000000000000000     
   7382.3800107292736        0.0000000000000000     
   7392.3800107292736        0.0000000000000000     
   7402.3800107292736        0.0000000000000000     
   7412.3800107292736        0.0000000000000000     
   7422.3800107292736        0.0000000000000000     
   7432.3800107292736        0.0000000000000000     
   7442.3800107292736        0.0000000000000000     
   7452.3800107292736        0.0000000000000000     
   7462.3800107292736        0.0000000000000000     
   7472.3800107292736        0.0000000000000000     
   7482.3800107292736        0.0000000000000000     
   7492.3800107292736        0.0000000000000000     
   7502.3800107292736        0.0000000000000000     
   7512.3800107292736        0.0000000000000000     
   7522.3800107292736        0.0000000000000000     
   7532.3800107292736        0.0000000000000000     
   7542.3800107292736        0.0000000000000000     
   7552.3800107292736        0.0000000000000000     
   7562.3800107292736        0.0000000000000000     
   7572.3800107292736        0.0000000000000000     
   7582.3800107292736        0.0000000000000000     
   7592.3800107292736        0.0000000000000000     
   7602.3800107292736        0.0000000000000000     
   7612.3800107292736        0.0000000000000000     
   7622.3800107292736        0.0000000000000000     
   7632.3800107292736        0.0000000000000000     
   7642.3800107292736        0.0000000000000000     
   7652.3800107292736        0.0000000000000000     
   7662.3800107292736        0.0000000000000000     
   7672.3800107292736        0.0000000000000000     
   7682.3800107292736        0.0000000000000000     
   7692.3800107292736        0.0000000000000000     
   7702.3800107292736        0.0000000000000000     
   7712.3800107292736        0.0000000000000000     
   7722.3800107292736        0.0000000000000000     
   7732.3800107292736        0.0000000000000000     
   7742.3800107292736        0.0000000000000000     
   7752.3800107292736        0.0000000000000000     
   7762.3800107292736        0.0000000000000000     
   7772.3800107292736        0.0000000000000000     
   7782.3800107292736        0.0000000000000000     
   7792.3800107292736        0.0000000000000000     
   7802.3800107292736        0.0000000000000000     
   7812.3800107292736        0.0000000000000000     
   7822.3800107292736        0.0000000000000000     
   7832.3800107292736        0.0000000000000000     
   7842.3800107292736        0.0000000000000000     
   7852.3800107292736        0.0000000000000000     
   7862.3800107292736        0.0000000000000000     
   7872.3800107292736        0.0000000000000000     
   7882.3800107292736        0.0000000000000000     
   7892.3800107292736        0.0000000000000000     
   7902.3800107292736        0.0000000000000000     
   7912.3800107292736        0.0000000000000000     
   7922.3800107292736        0.0000000000000000     
   7932.3800107292736        0.0000000000000000     
   7942.3800107292736        0.0000000000000000     
   7952.3800107292736        0.0000000000000000     
   7962.3800107292736        0.0000000000000000     
   7972.3800107292736        0.0000000000000000     
   7982.3800107292736        0.0000000000000000     
   7992.3800107292736        0.0000000000000000     
   8002.3800107292736        0.0000000000000000     
   8012.3800107292736        0.0000000000000000     
   8022.3800107292736        0.0000000000000000     
   8032.3800107292736        0.0000000000000000     
   8042.3800107292736        0.0000000000000000     
   8052.3800107292736        0.0000000000000000     
   8062.3800107292736        0.0000000000000000     
   8072.3800107292736        0.0000000000000000     
   8082.3800107292736        0.0000000000000000     
   8092.3800107292736        0.0000000000000000     
   8102.3800107292736        0.0000000000000000     
   8112.3800107292736        0.0000000000000000     
   8122.3800107292736        0.0000000000000000     
   8132.3800107292736        0.0000000000000000     
   8142.3800107292736        0.0000000000000000     
   8152.3800107292736        0.0000000000000000     
   8162.3800107292736        0.0000000000000000     
   8172.3800107292736        0.0000000000000000     
   8182.3800107292736        0.0000000000000000     
   8192.3800107292736        0.0000000000000000     
   8202.3800107292736        0.0000000000000000     
   8212.3800107292736        0.0000000000000000     
   8222.3800107292736        0.0000000000000000     
   8232.3800107292736        0.0000000000000000     
   8242.3800107292736        0.0000000000000000     
   8252.3800107292736        0.0000000000000000     
   8262.3800107292736        0.0000000000000000     
   8272.3800107292736        0.0000000000000000     
   8282.3800107292736        0.0000000000000000     
   8292.3800107292736        0.0000000000000000     
   8302.3800107292736        0.0000000000000000     
   8312.3800107292736        0.0000000000000000     
   8322.3800107292736        0.0000000000000000     
   8332.3800107292736        0.0000000000000000     
   8342.3800107292736        0.0000000000000000     
   8352.3800107292736        0.0000000000000000     
   8362.3800107292736        0.0000000000000000     
   8372.3800107292736        0.0000000000000000     
   8382.3800107292736        0.0000000000000000     
   8392.3800107292736        0.0000000000000000     
   8402.3800107292736        0.0000000000000000     
   8412.3800107292736        0.0000000000000000     
   8422.3800107292736        0.0000000000000000     
   8432.3800107292736        0.0000000000000000     
   8442.3800107292736        0.0000000000000000     
   8452.3800107292736        0.0000000000000000     
   8462.3800107292736        0.0000000000000000     
   8472.3800107292736        0.0000000000000000     
   8482.3800107292736        0.0000000000000000     
   8492.3800107292736        0.0000000000000000     
   8502.3800107292736        0.0000000000000000     
   8512.3800107292736        0.0000000000000000     
   8522.3800107292736        0.0000000000000000     
   8532.3800107292736        0.0000000000000000     
   8542.3800107292736        0.0000000000000000     
   8552.3800107292736        0.0000000000000000     
   8562.3800107292736        0.0000000000000000     
   8572.3800107292736        0.0000000000000000     
   8582.3800107292736        0.0000000000000000     
   8592.3800107292736        0.0000000000000000     
   8602.3800107292736        0.0000000000000000     
   8612.3800107292736        0.0000000000000000     
   8622.3800107292736        0.0000000000000000     
   8632.3800107292736        0.0000000000000000     
   8642.3800107292736        0.0000000000000000     
   8652.3800107292736        0.0000000000000000     
   8662.3800107292736        0.0000000000000000     
   8672.3800107292736        0.0000000000000000     
   8682.3800107292736        0.0000000000000000     
   8692.3800107292736        0.0000000000000000     
   8702.3800107292736        0.0000000000000000     
   8712.3800107292736        0.0000000000000000     
   8722.3800107292736        0.0000000000000000     
   8732.3800107292736        0.0000000000000000     
   8742.3800107292736        0.0000000000000000     
   8752.3800107292736        0.0000000000000000     
   8762.3800107292736        0.0000000000000000     
   8772.3800107292736        0.0000000000000000     
   8782.3800107292736        0.0000000000000000     
   8792.3800107292736        0.0000000000000000     
   8802.3800107292736        0.0000000000000000     
   8812.3800107292736        0.0000000000000000     
   8822.3800107292736        0.0000000000000000     
   8832.3800107292736        0.0000000000000000     
   8842.3800107292736        0.0000000000000000     
   8852.3800107292736        0.0000000000000000     
   8862.3800107292736        0.0000000000000000     
   8872.3800107292736        0.0000000000000000     
   8882.3800107292736        0.0000000000000000     
   8892.3800107292736        0.0000000000000000     
   8902.3800107292736        0.0000000000000000     
   8912.3800107292736        0.0000000000000000     
   8922.3800107292736        0.0000000000000000     
   8932.3800107292736        0.0000000000000000     
   8942.3800107292736        0.0000000000000000     
   8952.3800107292736        0.0000000000000000     
   8962.3800107292736        0.0000000000000000     
   8972.3800107292736        0.0000000000000000     
   8982.3800107292736        0.0000000000000000     
   8992.3800107292736        0.0000000000000000     
   9002.3800107292736        0.0000000000000000     
   9012.3800107292736        0.0000000000000000     
   9022.3800107292736        0.0000000000000000     
   9032.3800107292736        0.0000000000000000     
   9042.3800107292736        0.0000000000000000     
   9052.3800107292736        0.0000000000000000     
   9062.3800107292736        0.0000000000000000     
   9072.3800107292736        0.0000000000000000     
   9082.3800107292736        0.0000000000000000     
   9092.3800107292736        0.0000000000000000     
   9102.3800107292736        0.0000000000000000     
   9112.3800107292736        0.0000000000000000     
   9122.3800107292736        0.0000000000000000     
   9132.3800107292736        0.0000000000000000     
   9142.3800107292736        0.0000000000000000     
   9152.3800107292736        0.0000000000000000     
   9162.3800107292736        0.0000000000000000     
   9172.3800107292736        0.0000000000000000     
   9182.3800107292736        0.0000000000000000     
   9192.3800107292736        0.0000000000000000     
   9202.3800107292736        0.0000000000000000     
   9212.3800107292736        0.0000000000000000     
   9222.3800107292736        0.0000000000000000     
   9232.3800107292736        0.0000000000000000     
   9242.3800107292736        0.0000000000000000     
   9252.3800107292736        0.0000000000000000     
   9262.3800107292736        0.0000000000000000     
   9272.3800107292736        0.0000000000000000     
   9282.3800107292736        0.0000000000000000     
   9292.3800107292736        0.0000000000000000     
   9302.3800107292736        0.0000000000000000     
   9312.3800107292736        0.0000000000000000     
   9322.3800107292736        0.0000000000000000     
   9332.3800107292736        0.0000000000000000     
   9342.3800107292736        0.0000000000000000     
   9352.3800107292736        0.0000000000000000     
   9362.3800107292736        0.0000000000000000     
   9372.3800107292736        0.0000000000000000     
   9382.3800107292736        0.0000000000000000     
   9392.3800107292736        0.0000000000000000     
   9402.3800107292736        0.0000000000000000     
   9412.3800107292736        0.0000000000000000     
   9422.3800107292736        0.0000000000000000     
   9432.3800107292736        0.0000000000000000     
   9442.3800107292736        0.0000000000000000     
   9452.3800107292736        0.0000000000000000     
   9462.3800107292736        0.0000000000000000     
   9472.3800107292736        0.0000000000000000     
   9482.3800107292736        0.0000000000000000     
   9492.3800107292736        0.0000000000000000     
   9502.3800107292736        0.0000000000000000     
   9512.3800107292736        0.0000000000000000     
   9522.3800107292736        0.0000000000000000     
   9532.3800107292736        0.0000000000000000     
   9542.3800107292736        0.0000000000000000     
   9552.3800107292736        0.0000000000000000     
   9562.3800107292736        0.0000000000000000     
   9572.3800107292736        0.0000000000000000     
   9582.3800107292736        0.0000000000000000     
   9591.1900053646368        0.0000000000000000     
   9600.0000000000000        0.0000000000000000     
