# NSTEP            DELTAT              TIME NET NANSF NEU VOL NET NANSF NEU FLX
      1      1.000000000E-02      1.000000000E-02      0.000000000E+00      0.000000000E+00
      2      5.000000000E-03      1.500000000E-02      0.000000000E+00      0.000000000E+00
      3      5.500000000E-03      2.050000000E-02      0.000000000E+00      0.000000000E+00
      4      6.050000000E-03      2.655000000E-02      0.000000000E+00      0.000000000E+00
      5      6.655000000E-03      3.320500000E-02      0.000000000E+00      0.000000000E+00
      6      7.320500000E-03      4.052550000E-02      0.000000000E+00      0.000000000E+00
      7      8.052550000E-03      4.857805000E-02      0.000000000E+00      0.000000000E+00
      8      8.857805000E-03      5.743585500E-02      0.000000000E+00      0.000000000E+00
      9      9.743585500E-03      6.717944050E-02      0.000000000E+00      0.000000000E+00
     10      1.071794405E-02      7.789738455E-02      0.000000000E+00      0.000000000E+00
     11      1.178973846E-02      8.968712301E-02      0.000000000E+00      0.000000000E+00
     12      1.296871230E-02      1.026558353E-01      0.000000000E+00      0.000000000E+00
     13      1.426558353E-02      1.169214188E-01      0.000000000E+00      0.000000000E+00
     14      1.569214188E-02      1.326135607E-01      0.000000000E+00      0.000000000E+00
     15      1.726135607E-02      1.498749168E-01      0.000000000E+00      0.000000000E+00
     16      1.898749168E-02      1.688624085E-01      0.000000000E+00      0.000000000E+00
     17      2.088624085E-02      1.897486493E-01      0.000000000E+00      0.000000000E+00
     18      2.297486493E-02      2.127235142E-01      0.000000000E+00      0.000000000E+00
     19      2.527235142E-02      2.379958657E-01      0.000000000E+00      0.000000000E+00
     20      2.779958657E-02      2.657954522E-01      0.000000000E+00      0.000000000E+00
     21      3.057954522E-02      2.963749975E-01      0.000000000E+00      0.000000000E+00
     22      3.363749975E-02      3.300124972E-01      0.000000000E+00      0.000000000E+00
     23      3.700124972E-02      3.670137469E-01      0.000000000E+00      0.000000000E+00
     24      4.070137469E-02      4.077151216E-01      0.000000000E+00      0.000000000E+00
     25      4.477151216E-02      4.524866338E-01      0.000000000E+00      0.000000000E+00
     26      4.924866338E-02      5.017352972E-01      0.000000000E+00      0.000000000E+00
     27      5.417352972E-02      5.559088269E-01      0.000000000E+00      0.000000000E+00
     28      5.959088269E-02      6.154997096E-01      0.000000000E+00      0.000000000E+00
     29      6.554997096E-02      6.810496805E-01      0.000000000E+00      0.000000000E+00
     30      7.210496805E-02      7.531546486E-01      0.000000000E+00      0.000000000E+00
     31      7.931546486E-02      8.324701134E-01      0.000000000E+00      0.000000000E+00
     32      8.724701134E-02      9.197171248E-01      0.000000000E+00      0.000000000E+00
     33      9.597171248E-02      1.015688837E+00      0.000000000E+00      0.000000000E+00
     34      1.055688837E-01      1.121257721E+00      0.000000000E+00      0.000000000E+00
     35      1.161257721E-01      1.237383493E+00      0.000000000E+00      0.000000000E+00
     36      1.277383493E-01      1.365121842E+00      0.000000000E+00      0.000000000E+00
     37      1.405121842E-01      1.505634027E+00      0.000000000E+00      0.000000000E+00
     38      1.545634027E-01      1.660197429E+00      0.000000000E+00      0.000000000E+00
     39      1.700197429E-01      1.830217172E+00      0.000000000E+00      0.000000000E+00
     40      1.870217172E-01      2.017238889E+00      0.000000000E+00      0.000000000E+00
     41      2.057238889E-01      2.222962778E+00      0.000000000E+00      0.000000000E+00
     42      2.262962778E-01      2.449259056E+00      0.000000000E+00      0.000000000E+00
     43      2.489259056E-01      2.698184962E+00      0.000000000E+00      0.000000000E+00
     44      2.738184962E-01      2.972003458E+00      0.000000000E+00      0.000000000E+00
     45      3.012003458E-01      3.273203804E+00      0.000000000E+00      0.000000000E+00
     46      3.313203804E-01      3.604524184E+00      0.000000000E+00      0.000000000E+00
     47      3.644524184E-01      3.968976603E+00      0.000000000E+00      0.000000000E+00
     48      4.008976603E-01      4.369874263E+00      0.000000000E+00      0.000000000E+00
     49      4.409874263E-01      4.810861689E+00      0.000000000E+00      0.000000000E+00
     50      4.850861689E-01      5.295947858E+00      0.000000000E+00      0.000000000E+00
     51      5.335947858E-01      5.829542644E+00      0.000000000E+00      0.000000000E+00
     52      5.869542644E-01      6.416496908E+00      0.000000000E+00      0.000000000E+00
     53      6.456496908E-01      7.062146599E+00      0.000000000E+00      0.000000000E+00
     54      7.102146599E-01      7.772361259E+00      0.000000000E+00      0.000000000E+00
     55      7.812361259E-01      8.553597385E+00      0.000000000E+00      0.000000000E+00
     56      8.593597385E-01      9.412957124E+00      0.000000000E+00      0.000000000E+00
     57      9.452957124E-01      1.035825284E+01      0.000000000E+00      0.000000000E+00
     58      1.039825284E+00      1.139807812E+01      0.000000000E+00      0.000000000E+00
     59      1.143807812E+00      1.254188593E+01      0.000000000E+00      0.000000000E+00
     60      1.258188593E+00      1.380007452E+01      0.000000000E+00      0.000000000E+00
     61      1.384007452E+00      1.518408198E+01      0.000000000E+00      0.000000000E+00
     62      1.522408198E+00      1.670649017E+01      0.000000000E+00      0.000000000E+00
     63      1.674649017E+00      1.838113919E+01      0.000000000E+00      0.000000000E+00
     64      1.842113919E+00      2.022325311E+01      0.000000000E+00      0.000000000E+00
     65      2.026325311E+00      2.224957842E+01      0.000000000E+00      0.000000000E+00
     66      2.228957842E+00      2.447853626E+01      0.000000000E+00      0.000000000E+00
     67      2.451853626E+00      2.693038989E+01      0.000000000E+00      0.000000000E+00
     68      2.697038989E+00      2.962742888E+01      0.000000000E+00      0.000000000E+00
     69      2.966742888E+00      3.259417177E+01      0.000000000E+00      0.000000000E+00
     70      3.263417177E+00      3.585758895E+01      0.000000000E+00      0.000000000E+00
     71      3.589758895E+00      3.944734784E+01      0.000000000E+00      0.000000000E+00
     72      3.948734784E+00      4.339608262E+01      0.000000000E+00      0.000000000E+00
     73      4.343608262E+00      4.773969089E+01      0.000000000E+00      0.000000000E+00
     74      4.777969089E+00      5.251765998E+01      0.000000000E+00      0.000000000E+00
     75      5.255765998E+00      5.777342597E+01      0.000000000E+00      0.000000000E+00
     76      5.781342597E+00      6.355476857E+01      0.000000000E+00      0.000000000E+00
     77      6.359476857E+00      6.991424543E+01      0.000000000E+00      0.000000000E+00
     78      6.995424543E+00      7.690966997E+01      0.000000000E+00      0.000000000E+00
     79      7.694966997E+00      8.460463697E+01      0.000000000E+00      0.000000000E+00
     80      8.464463697E+00      9.306910066E+01      0.000000000E+00      0.000000000E+00
     81      9.310910066E+00      1.023800107E+02      0.000000000E+00      0.000000000E+00
     82      1.000000000E+01      1.123800107E+02      0.000000000E+00      0.000000000E+00
     83      1.000000000E+01      1.223800107E+02      0.000000000E+00      0.000000000E+00
     84      1.000000000E+01      1.323800107E+02      0.000000000E+00      0.000000000E+00
     85      1.000000000E+01      1.423800107E+02      0.000000000E+00      0.000000000E+00
     86      1.000000000E+01      1.523800107E+02      0.000000000E+00      0.000000000E+00
     87      1.000000000E+01      1.623800107E+02      0.000000000E+00      0.000000000E+00
     88      1.000000000E+01      1.723800107E+02      0.000000000E+00      0.000000000E+00
     89      1.000000000E+01      1.823800107E+02      0.000000000E+00      0.000000000E+00
     90      1.000000000E+01      1.923800107E+02      0.000000000E+00      0.000000000E+00
     91      1.000000000E+01      2.023800107E+02      0.000000000E+00      0.000000000E+00
     92      1.000000000E+01      2.123800107E+02      0.000000000E+00      0.000000000E+00
     93      1.000000000E+01      2.223800107E+02      0.000000000E+00      0.000000000E+00
     94      1.000000000E+01      2.323800107E+02      0.000000000E+00      0.000000000E+00
     95      1.000000000E+01      2.423800107E+02      0.000000000E+00      0.000000000E+00
     96      1.000000000E+01      2.523800107E+02      0.000000000E+00      0.000000000E+00
     97      1.000000000E+01      2.623800107E+02      0.000000000E+00      0.000000000E+00
     98      1.000000000E+01      2.723800107E+02      0.000000000E+00      0.000000000E+00
     99      1.000000000E+01      2.823800107E+02      0.000000000E+00      0.000000000E+00
    100      1.000000000E+01      2.923800107E+02      0.000000000E+00      0.000000000E+00
    101      1.000000000E+01      3.023800107E+02      0.000000000E+00      0.000000000E+00
    102      1.000000000E+01      3.123800107E+02      0.000000000E+00      0.000000000E+00
    103      1.000000000E+01      3.223800107E+02      0.000000000E+00      0.000000000E+00
    104      1.000000000E+01      3.323800107E+02      0.000000000E+00      0.000000000E+00
    105      1.000000000E+01      3.423800107E+02      0.000000000E+00      0.000000000E+00
    106      1.000000000E+01      3.523800107E+02      0.000000000E+00      0.000000000E+00
    107      1.000000000E+01      3.623800107E+02      0.000000000E+00      0.000000000E+00
    108      1.000000000E+01      3.723800107E+02      0.000000000E+00      0.000000000E+00
    109      1.000000000E+01      3.823800107E+02      0.000000000E+00      0.000000000E+00
    110      1.000000000E+01      3.923800107E+02      0.000000000E+00      0.000000000E+00
    111      1.000000000E+01      4.023800107E+02      0.000000000E+00      0.000000000E+00
    112      1.000000000E+01      4.123800107E+02      0.000000000E+00      0.000000000E+00
    113      1.000000000E+01      4.223800107E+02      0.000000000E+00      0.000000000E+00
    114      1.000000000E+01      4.323800107E+02      0.000000000E+00      0.000000000E+00
    115      1.000000000E+01      4.423800107E+02      0.000000000E+00      0.000000000E+00
    116      1.000000000E+01      4.523800107E+02      0.000000000E+00      0.000000000E+00
    117      1.000000000E+01      4.623800107E+02      0.000000000E+00      0.000000000E+00
    118      1.000000000E+01      4.723800107E+02      0.000000000E+00      0.000000000E+00
    119      1.000000000E+01      4.823800107E+02      0.000000000E+00      0.000000000E+00
    120      1.000000000E+01      4.923800107E+02      0.000000000E+00      0.000000000E+00
    121      1.000000000E+01      5.023800107E+02      0.000000000E+00      0.000000000E+00
    122      1.000000000E+01      5.123800107E+02      0.000000000E+00      0.000000000E+00
    123      1.000000000E+01      5.223800107E+02      0.000000000E+00      0.000000000E+00
    124      1.000000000E+01      5.323800107E+02      0.000000000E+00      0.000000000E+00
    125      1.000000000E+01      5.423800107E+02      0.000000000E+00      0.000000000E+00
    126      1.000000000E+01      5.523800107E+02      0.000000000E+00      0.000000000E+00
    127      1.000000000E+01      5.623800107E+02      0.000000000E+00      0.000000000E+00
    128      1.000000000E+01      5.723800107E+02      0.000000000E+00      0.000000000E+00
    129      1.000000000E+01      5.823800107E+02      0.000000000E+00      0.000000000E+00
    130      1.000000000E+01      5.923800107E+02      0.000000000E+00      0.000000000E+00
    131      1.000000000E+01      6.023800107E+02      0.000000000E+00      0.000000000E+00
    132      1.000000000E+01      6.123800107E+02      0.000000000E+00      0.000000000E+00
    133      1.000000000E+01      6.223800107E+02      0.000000000E+00      0.000000000E+00
    134      1.000000000E+01      6.323800107E+02      0.000000000E+00      0.000000000E+00
    135      1.000000000E+01      6.423800107E+02      0.000000000E+00      0.000000000E+00
    136      1.000000000E+01      6.523800107E+02      0.000000000E+00      0.000000000E+00
    137      1.000000000E+01      6.623800107E+02      0.000000000E+00      0.000000000E+00
    138      1.000000000E+01      6.723800107E+02      0.000000000E+00      0.000000000E+00
    139      1.000000000E+01      6.823800107E+02      0.000000000E+00      0.000000000E+00
    140      1.000000000E+01      6.923800107E+02      0.000000000E+00      0.000000000E+00
    141      1.000000000E+01      7.023800107E+02      0.000000000E+00      0.000000000E+00
    142      1.000000000E+01      7.123800107E+02      0.000000000E+00      0.000000000E+00
    143      1.000000000E+01      7.223800107E+02      0.000000000E+00      0.000000000E+00
    144      1.000000000E+01      7.323800107E+02      0.000000000E+00      0.000000000E+00
    145      1.000000000E+01      7.423800107E+02      0.000000000E+00      0.000000000E+00
    146      1.000000000E+01      7.523800107E+02      0.000000000E+00      0.000000000E+00
    147      1.000000000E+01      7.623800107E+02      0.000000000E+00      0.000000000E+00
    148      1.000000000E+01      7.723800107E+02      0.000000000E+00      0.000000000E+00
    149      1.000000000E+01      7.823800107E+02      0.000000000E+00      0.000000000E+00
    150      1.000000000E+01      7.923800107E+02      0.000000000E+00      0.000000000E+00
    151      1.000000000E+01      8.023800107E+02      0.000000000E+00      0.000000000E+00
    152      1.000000000E+01      8.123800107E+02      0.000000000E+00      0.000000000E+00
    153      1.000000000E+01      8.223800107E+02      0.000000000E+00      0.000000000E+00
    154      1.000000000E+01      8.323800107E+02      0.000000000E+00      0.000000000E+00
    155      1.000000000E+01      8.423800107E+02      0.000000000E+00      0.000000000E+00
    156      1.000000000E+01      8.523800107E+02      0.000000000E+00      0.000000000E+00
    157      1.000000000E+01      8.623800107E+02      0.000000000E+00      0.000000000E+00
    158      1.000000000E+01      8.723800107E+02      0.000000000E+00      0.000000000E+00
    159      1.000000000E+01      8.823800107E+02      0.000000000E+00      0.000000000E+00
    160      1.000000000E+01      8.923800107E+02      0.000000000E+00      0.000000000E+00
    161      1.000000000E+01      9.023800107E+02      0.000000000E+00      0.000000000E+00
    162      1.000000000E+01      9.123800107E+02      0.000000000E+00      0.000000000E+00
    163      1.000000000E+01      9.223800107E+02      0.000000000E+00      0.000000000E+00
    164      1.000000000E+01      9.323800107E+02      0.000000000E+00      0.000000000E+00
    165      1.000000000E+01      9.423800107E+02      0.000000000E+00      0.000000000E+00
    166      1.000000000E+01      9.523800107E+02      0.000000000E+00      0.000000000E+00
    167      1.000000000E+01      9.623800107E+02      0.000000000E+00      0.000000000E+00
    168      1.000000000E+01      9.723800107E+02      0.000000000E+00      0.000000000E+00
    169      1.000000000E+01      9.823800107E+02      0.000000000E+00      0.000000000E+00
    170      1.000000000E+01      9.923800107E+02      0.000000000E+00      0.000000000E+00
    171      1.000000000E+01      1.002380011E+03      0.000000000E+00      0.000000000E+00
    172      1.000000000E+01      1.012380011E+03      0.000000000E+00      0.000000000E+00
    173      1.000000000E+01      1.022380011E+03      0.000000000E+00      0.000000000E+00
    174      1.000000000E+01      1.032380011E+03      0.000000000E+00      0.000000000E+00
    175      1.000000000E+01      1.042380011E+03      0.000000000E+00      0.000000000E+00
    176      1.000000000E+01      1.052380011E+03      0.000000000E+00      0.000000000E+00
    177      1.000000000E+01      1.062380011E+03      0.000000000E+00      0.000000000E+00
    178      1.000000000E+01      1.072380011E+03      0.000000000E+00      0.000000000E+00
    179      1.000000000E+01      1.082380011E+03      0.000000000E+00      0.000000000E+00
    180      1.000000000E+01      1.092380011E+03      0.000000000E+00      0.000000000E+00
    181      1.000000000E+01      1.102380011E+03      0.000000000E+00      0.000000000E+00
    182      1.000000000E+01      1.112380011E+03      0.000000000E+00      0.000000000E+00
    183      1.000000000E+01      1.122380011E+03      0.000000000E+00      0.000000000E+00
    184      1.000000000E+01      1.132380011E+03      0.000000000E+00      0.000000000E+00
    185      1.000000000E+01      1.142380011E+03      0.000000000E+00      0.000000000E+00
    186      1.000000000E+01      1.152380011E+03      0.000000000E+00      0.000000000E+00
    187      1.000000000E+01      1.162380011E+03      0.000000000E+00      0.000000000E+00
    188      1.000000000E+01      1.172380011E+03      0.000000000E+00      0.000000000E+00
    189      1.000000000E+01      1.182380011E+03      0.000000000E+00      0.000000000E+00
    190      1.000000000E+01      1.192380011E+03      0.000000000E+00      0.000000000E+00
    191      1.000000000E+01      1.202380011E+03      0.000000000E+00      0.000000000E+00
    192      1.000000000E+01      1.212380011E+03      0.000000000E+00      0.000000000E+00
    193      1.000000000E+01      1.222380011E+03      0.000000000E+00      0.000000000E+00
    194      1.000000000E+01      1.232380011E+03      0.000000000E+00      0.000000000E+00
    195      1.000000000E+01      1.242380011E+03      0.000000000E+00      0.000000000E+00
    196      1.000000000E+01      1.252380011E+03      0.000000000E+00      0.000000000E+00
    197      1.000000000E+01      1.262380011E+03      0.000000000E+00      0.000000000E+00
    198      1.000000000E+01      1.272380011E+03      0.000000000E+00      0.000000000E+00
    199      1.000000000E+01      1.282380011E+03      0.000000000E+00      0.000000000E+00
    200      1.000000000E+01      1.292380011E+03      0.000000000E+00      0.000000000E+00
    201      1.000000000E+01      1.302380011E+03      0.000000000E+00      0.000000000E+00
    202      1.000000000E+01      1.312380011E+03      0.000000000E+00      0.000000000E+00
    203      1.000000000E+01      1.322380011E+03      0.000000000E+00      0.000000000E+00
    204      1.000000000E+01      1.332380011E+03      0.000000000E+00      0.000000000E+00
    205      1.000000000E+01      1.342380011E+03      0.000000000E+00      0.000000000E+00
    206      1.000000000E+01      1.352380011E+03      0.000000000E+00      0.000000000E+00
    207      1.000000000E+01      1.362380011E+03      0.000000000E+00      0.000000000E+00
    208      1.000000000E+01      1.372380011E+03      0.000000000E+00      0.000000000E+00
    209      1.000000000E+01      1.382380011E+03      0.000000000E+00      0.000000000E+00
    210      1.000000000E+01      1.392380011E+03      0.000000000E+00      0.000000000E+00
    211      1.000000000E+01      1.402380011E+03      0.000000000E+00      0.000000000E+00
    212      1.000000000E+01      1.412380011E+03      0.000000000E+00      0.000000000E+00
    213      1.000000000E+01      1.422380011E+03      0.000000000E+00      0.000000000E+00
    214      1.000000000E+01      1.432380011E+03      0.000000000E+00      0.000000000E+00
    215      1.000000000E+01      1.442380011E+03      0.000000000E+00      0.000000000E+00
    216      1.000000000E+01      1.452380011E+03      0.000000000E+00      0.000000000E+00
    217      1.000000000E+01      1.462380011E+03      0.000000000E+00      0.000000000E+00
    218      1.000000000E+01      1.472380011E+03      0.000000000E+00      0.000000000E+00
    219      1.000000000E+01      1.482380011E+03      0.000000000E+00      0.000000000E+00
    220      1.000000000E+01      1.492380011E+03      0.000000000E+00      0.000000000E+00
    221      1.000000000E+01      1.502380011E+03      0.000000000E+00      0.000000000E+00
    222      1.000000000E+01      1.512380011E+03      0.000000000E+00      0.000000000E+00
    223      1.000000000E+01      1.522380011E+03      0.000000000E+00      0.000000000E+00
    224      1.000000000E+01      1.532380011E+03      0.000000000E+00      0.000000000E+00
    225      1.000000000E+01      1.542380011E+03      0.000000000E+00      0.000000000E+00
    226      1.000000000E+01      1.552380011E+03      0.000000000E+00      0.000000000E+00
    227      1.000000000E+01      1.562380011E+03      0.000000000E+00      0.000000000E+00
    228      1.000000000E+01      1.572380011E+03      0.000000000E+00      0.000000000E+00
    229      1.000000000E+01      1.582380011E+03      0.000000000E+00      0.000000000E+00
    230      1.000000000E+01      1.592380011E+03      0.000000000E+00      0.000000000E+00
    231      1.000000000E+01      1.602380011E+03      0.000000000E+00      0.000000000E+00
    232      1.000000000E+01      1.612380011E+03      0.000000000E+00      0.000000000E+00
    233      1.000000000E+01      1.622380011E+03      0.000000000E+00      0.000000000E+00
    234      1.000000000E+01      1.632380011E+03      0.000000000E+00      0.000000000E+00
    235      1.000000000E+01      1.642380011E+03      0.000000000E+00      0.000000000E+00
    236      1.000000000E+01      1.652380011E+03      0.000000000E+00      0.000000000E+00
    237      1.000000000E+01      1.662380011E+03      0.000000000E+00      0.000000000E+00
    238      1.000000000E+01      1.672380011E+03      0.000000000E+00      0.000000000E+00
    239      1.000000000E+01      1.682380011E+03      0.000000000E+00      0.000000000E+00
    240      1.000000000E+01      1.692380011E+03      0.000000000E+00      0.000000000E+00
    241      1.000000000E+01      1.702380011E+03      0.000000000E+00      0.000000000E+00
    242      1.000000000E+01      1.712380011E+03      0.000000000E+00      0.000000000E+00
    243      1.000000000E+01      1.722380011E+03      0.000000000E+00      0.000000000E+00
    244      1.000000000E+01      1.732380011E+03      0.000000000E+00      0.000000000E+00
    245      1.000000000E+01      1.742380011E+03      0.000000000E+00      0.000000000E+00
    246      1.000000000E+01      1.752380011E+03      0.000000000E+00      0.000000000E+00
    247      1.000000000E+01      1.762380011E+03      0.000000000E+00      0.000000000E+00
    248      1.000000000E+01      1.772380011E+03      0.000000000E+00      0.000000000E+00
    249      1.000000000E+01      1.782380011E+03      0.000000000E+00      0.000000000E+00
    250      1.000000000E+01      1.792380011E+03      0.000000000E+00      0.000000000E+00
    251      1.000000000E+01      1.802380011E+03      0.000000000E+00      0.000000000E+00
    252      1.000000000E+01      1.812380011E+03      0.000000000E+00      0.000000000E+00
    253      1.000000000E+01      1.822380011E+03      0.000000000E+00      0.000000000E+00
    254      1.000000000E+01      1.832380011E+03      0.000000000E+00      0.000000000E+00
    255      1.000000000E+01      1.842380011E+03      0.000000000E+00      0.000000000E+00
    256      1.000000000E+01      1.852380011E+03      0.000000000E+00      0.000000000E+00
    257      1.000000000E+01      1.862380011E+03      0.000000000E+00      0.000000000E+00
    258      1.000000000E+01      1.872380011E+03      0.000000000E+00      0.000000000E+00
    259      1.000000000E+01      1.882380011E+03      0.000000000E+00      0.000000000E+00
    260      1.000000000E+01      1.892380011E+03      0.000000000E+00      0.000000000E+00
    261      1.000000000E+01      1.902380011E+03      0.000000000E+00      0.000000000E+00
    262      1.000000000E+01      1.912380011E+03      0.000000000E+00      0.000000000E+00
    263      1.000000000E+01      1.922380011E+03      0.000000000E+00      0.000000000E+00
    264      1.000000000E+01      1.932380011E+03      0.000000000E+00      0.000000000E+00
    265      1.000000000E+01      1.942380011E+03      0.000000000E+00      0.000000000E+00
    266      1.000000000E+01      1.952380011E+03      0.000000000E+00      0.000000000E+00
    267      1.000000000E+01      1.962380011E+03      0.000000000E+00      0.000000000E+00
    268      1.000000000E+01      1.972380011E+03      0.000000000E+00      0.000000000E+00
    269      1.000000000E+01      1.982380011E+03      0.000000000E+00      0.000000000E+00
    270      1.000000000E+01      1.992380011E+03      0.000000000E+00      0.000000000E+00
    271      1.000000000E+01      2.002380011E+03      0.000000000E+00      0.000000000E+00
    272      1.000000000E+01      2.012380011E+03      0.000000000E+00      0.000000000E+00
    273      1.000000000E+01      2.022380011E+03      0.000000000E+00      0.000000000E+00
    274      1.000000000E+01      2.032380011E+03      0.000000000E+00      0.000000000E+00
    275      1.000000000E+01      2.042380011E+03      0.000000000E+00      0.000000000E+00
    276      1.000000000E+01      2.052380011E+03      0.000000000E+00      0.000000000E+00
    277      1.000000000E+01      2.062380011E+03      0.000000000E+00      0.000000000E+00
    278      1.000000000E+01      2.072380011E+03      0.000000000E+00      0.000000000E+00
    279      1.000000000E+01      2.082380011E+03      0.000000000E+00      0.000000000E+00
    280      1.000000000E+01      2.092380011E+03      0.000000000E+00      0.000000000E+00
    281      1.000000000E+01      2.102380011E+03      0.000000000E+00      0.000000000E+00
    282      1.000000000E+01      2.112380011E+03      0.000000000E+00      0.000000000E+00
    283      1.000000000E+01      2.122380011E+03      0.000000000E+00      0.000000000E+00
    284      1.000000000E+01      2.132380011E+03      0.000000000E+00      0.000000000E+00
    285      1.000000000E+01      2.142380011E+03      0.000000000E+00      0.000000000E+00
    286      1.000000000E+01      2.152380011E+03      0.000000000E+00      0.000000000E+00
    287      1.000000000E+01      2.162380011E+03      0.000000000E+00      0.000000000E+00
    288      1.000000000E+01      2.172380011E+03      0.000000000E+00      0.000000000E+00
    289      1.000000000E+01      2.182380011E+03      0.000000000E+00      0.000000000E+00
    290      1.000000000E+01      2.192380011E+03      0.000000000E+00      0.000000000E+00
    291      1.000000000E+01      2.202380011E+03      0.000000000E+00      0.000000000E+00
    292      1.000000000E+01      2.212380011E+03      0.000000000E+00      0.000000000E+00
    293      1.000000000E+01      2.222380011E+03      0.000000000E+00      0.000000000E+00
    294      1.000000000E+01      2.232380011E+03      0.000000000E+00      0.000000000E+00
    295      1.000000000E+01      2.242380011E+03      0.000000000E+00      0.000000000E+00
    296      1.000000000E+01      2.252380011E+03      0.000000000E+00      0.000000000E+00
    297      1.000000000E+01      2.262380011E+03      0.000000000E+00      0.000000000E+00
    298      1.000000000E+01      2.272380011E+03      0.000000000E+00      0.000000000E+00
    299      1.000000000E+01      2.282380011E+03      0.000000000E+00      0.000000000E+00
    300      1.000000000E+01      2.292380011E+03      0.000000000E+00      0.000000000E+00
    301      1.000000000E+01      2.302380011E+03      0.000000000E+00      0.000000000E+00
    302      1.000000000E+01      2.312380011E+03      0.000000000E+00      0.000000000E+00
    303      1.000000000E+01      2.322380011E+03      0.000000000E+00      0.000000000E+00
    304      1.000000000E+01      2.332380011E+03      0.000000000E+00      0.000000000E+00
    305      1.000000000E+01      2.342380011E+03      0.000000000E+00      0.000000000E+00
    306      1.000000000E+01      2.352380011E+03      0.000000000E+00      0.000000000E+00
    307      1.000000000E+01      2.362380011E+03      0.000000000E+00      0.000000000E+00
    308      1.000000000E+01      2.372380011E+03      0.000000000E+00      0.000000000E+00
    309      1.000000000E+01      2.382380011E+03      0.000000000E+00      0.000000000E+00
    310      1.000000000E+01      2.392380011E+03      0.000000000E+00      0.000000000E+00
    311      1.000000000E+01      2.402380011E+03      0.000000000E+00      0.000000000E+00
    312      1.000000000E+01      2.412380011E+03      0.000000000E+00      0.000000000E+00
    313      1.000000000E+01      2.422380011E+03      0.000000000E+00      0.000000000E+00
    314      1.000000000E+01      2.432380011E+03      0.000000000E+00      0.000000000E+00
    315      1.000000000E+01      2.442380011E+03      0.000000000E+00      0.000000000E+00
    316      1.000000000E+01      2.452380011E+03      0.000000000E+00      0.000000000E+00
    317      1.000000000E+01      2.462380011E+03      0.000000000E+00      0.000000000E+00
    318      1.000000000E+01      2.472380011E+03      0.000000000E+00      0.000000000E+00
    319      1.000000000E+01      2.482380011E+03      0.000000000E+00      0.000000000E+00
    320      1.000000000E+01      2.492380011E+03      0.000000000E+00      0.000000000E+00
    321      1.000000000E+01      2.502380011E+03      0.000000000E+00      0.000000000E+00
    322      1.000000000E+01      2.512380011E+03      0.000000000E+00      0.000000000E+00
    323      1.000000000E+01      2.522380011E+03      0.000000000E+00      0.000000000E+00
    324      1.000000000E+01      2.532380011E+03      0.000000000E+00      0.000000000E+00
    325      1.000000000E+01      2.542380011E+03      0.000000000E+00      0.000000000E+00
    326      1.000000000E+01      2.552380011E+03      0.000000000E+00      0.000000000E+00
    327      1.000000000E+01      2.562380011E+03      0.000000000E+00      0.000000000E+00
    328      1.000000000E+01      2.572380011E+03      0.000000000E+00      0.000000000E+00
    329      1.000000000E+01      2.582380011E+03      0.000000000E+00      0.000000000E+00
    330      1.000000000E+01      2.592380011E+03      0.000000000E+00      0.000000000E+00
    331      1.000000000E+01      2.602380011E+03      0.000000000E+00      0.000000000E+00
    332      1.000000000E+01      2.612380011E+03      0.000000000E+00      0.000000000E+00
    333      1.000000000E+01      2.622380011E+03      0.000000000E+00      0.000000000E+00
    334      1.000000000E+01      2.632380011E+03      0.000000000E+00      0.000000000E+00
    335      1.000000000E+01      2.642380011E+03      0.000000000E+00      0.000000000E+00
    336      1.000000000E+01      2.652380011E+03      0.000000000E+00      0.000000000E+00
    337      1.000000000E+01      2.662380011E+03      0.000000000E+00      0.000000000E+00
    338      1.000000000E+01      2.672380011E+03      0.000000000E+00      0.000000000E+00
    339      1.000000000E+01      2.682380011E+03      0.000000000E+00      0.000000000E+00
    340      1.000000000E+01      2.692380011E+03      0.000000000E+00      0.000000000E+00
    341      1.000000000E+01      2.702380011E+03      0.000000000E+00      0.000000000E+00
    342      1.000000000E+01      2.712380011E+03      0.000000000E+00      0.000000000E+00
    343      1.000000000E+01      2.722380011E+03      0.000000000E+00      0.000000000E+00
    344      1.000000000E+01      2.732380011E+03      0.000000000E+00      0.000000000E+00
    345      1.000000000E+01      2.742380011E+03      0.000000000E+00      0.000000000E+00
    346      1.000000000E+01      2.752380011E+03      0.000000000E+00      0.000000000E+00
    347      1.000000000E+01      2.762380011E+03      0.000000000E+00      0.000000000E+00
    348      1.000000000E+01      2.772380011E+03      0.000000000E+00      0.000000000E+00
    349      1.000000000E+01      2.782380011E+03      0.000000000E+00      0.000000000E+00
    350      1.000000000E+01      2.792380011E+03      0.000000000E+00      0.000000000E+00
    351      1.000000000E+01      2.802380011E+03      0.000000000E+00      0.000000000E+00
    352      1.000000000E+01      2.812380011E+03      0.000000000E+00      0.000000000E+00
    353      1.000000000E+01      2.822380011E+03      0.000000000E+00      0.000000000E+00
    354      1.000000000E+01      2.832380011E+03      0.000000000E+00      0.000000000E+00
    355      1.000000000E+01      2.842380011E+03      0.000000000E+00      0.000000000E+00
    356      1.000000000E+01      2.852380011E+03      0.000000000E+00      0.000000000E+00
    357      1.000000000E+01      2.862380011E+03      0.000000000E+00      0.000000000E+00
    358      1.000000000E+01      2.872380011E+03      0.000000000E+00      0.000000000E+00
    359      1.000000000E+01      2.882380011E+03      0.000000000E+00      0.000000000E+00
    360      1.000000000E+01      2.892380011E+03      0.000000000E+00      0.000000000E+00
    361      1.000000000E+01      2.902380011E+03      0.000000000E+00      0.000000000E+00
    362      1.000000000E+01      2.912380011E+03      0.000000000E+00      0.000000000E+00
    363      1.000000000E+01      2.922380011E+03      0.000000000E+00      0.000000000E+00
    364      1.000000000E+01      2.932380011E+03      0.000000000E+00      0.000000000E+00
    365      1.000000000E+01      2.942380011E+03      0.000000000E+00      0.000000000E+00
    366      1.000000000E+01      2.952380011E+03      0.000000000E+00      0.000000000E+00
    367      1.000000000E+01      2.962380011E+03      0.000000000E+00      0.000000000E+00
    368      1.000000000E+01      2.972380011E+03      0.000000000E+00      0.000000000E+00
    369      1.000000000E+01      2.982380011E+03      0.000000000E+00      0.000000000E+00
    370      1.000000000E+01      2.992380011E+03      0.000000000E+00      0.000000000E+00
    371      1.000000000E+01      3.002380011E+03      0.000000000E+00      0.000000000E+00
    372      1.000000000E+01      3.012380011E+03      0.000000000E+00      0.000000000E+00
    373      1.000000000E+01      3.022380011E+03      0.000000000E+00      0.000000000E+00
    374      1.000000000E+01      3.032380011E+03      0.000000000E+00      0.000000000E+00
    375      1.000000000E+01      3.042380011E+03      0.000000000E+00      0.000000000E+00
    376      1.000000000E+01      3.052380011E+03      0.000000000E+00      0.000000000E+00
    377      1.000000000E+01      3.062380011E+03      0.000000000E+00      0.000000000E+00
    378      1.000000000E+01      3.072380011E+03      0.000000000E+00      0.000000000E+00
    379      1.000000000E+01      3.082380011E+03      0.000000000E+00      0.000000000E+00
    380      1.000000000E+01      3.092380011E+03      0.000000000E+00      0.000000000E+00
    381      1.000000000E+01      3.102380011E+03      0.000000000E+00      0.000000000E+00
    382      1.000000000E+01      3.112380011E+03      0.000000000E+00      0.000000000E+00
    383      1.000000000E+01      3.122380011E+03      0.000000000E+00      0.000000000E+00
    384      1.000000000E+01      3.132380011E+03      0.000000000E+00      0.000000000E+00
    385      1.000000000E+01      3.142380011E+03      0.000000000E+00      0.000000000E+00
    386      1.000000000E+01      3.152380011E+03      0.000000000E+00      0.000000000E+00
    387      1.000000000E+01      3.162380011E+03      0.000000000E+00      0.000000000E+00
    388      1.000000000E+01      3.172380011E+03      0.000000000E+00      0.000000000E+00
    389      1.000000000E+01      3.182380011E+03      0.000000000E+00      0.000000000E+00
    390      1.000000000E+01      3.192380011E+03      0.000000000E+00      0.000000000E+00
    391      1.000000000E+01      3.202380011E+03      0.000000000E+00      0.000000000E+00
    392      1.000000000E+01      3.212380011E+03      0.000000000E+00      0.000000000E+00
    393      1.000000000E+01      3.222380011E+03      0.000000000E+00      0.000000000E+00
    394      1.000000000E+01      3.232380011E+03      0.000000000E+00      0.000000000E+00
    395      1.000000000E+01      3.242380011E+03      0.000000000E+00      0.000000000E+00
    396      1.000000000E+01      3.252380011E+03      0.000000000E+00      0.000000000E+00
    397      1.000000000E+01      3.262380011E+03      0.000000000E+00      0.000000000E+00
    398      1.000000000E+01      3.272380011E+03      0.000000000E+00      0.000000000E+00
    399      1.000000000E+01      3.282380011E+03      0.000000000E+00      0.000000000E+00
    400      1.000000000E+01      3.292380011E+03      0.000000000E+00      0.000000000E+00
    401      1.000000000E+01      3.302380011E+03      0.000000000E+00      0.000000000E+00
    402      1.000000000E+01      3.312380011E+03      0.000000000E+00      0.000000000E+00
    403      1.000000000E+01      3.322380011E+03      0.000000000E+00      0.000000000E+00
    404      1.000000000E+01      3.332380011E+03      0.000000000E+00      0.000000000E+00
    405      1.000000000E+01      3.342380011E+03      0.000000000E+00      0.000000000E+00
    406      1.000000000E+01      3.352380011E+03      0.000000000E+00      0.000000000E+00
    407      1.000000000E+01      3.362380011E+03      0.000000000E+00      0.000000000E+00
    408      1.000000000E+01      3.372380011E+03      0.000000000E+00      0.000000000E+00
    409      1.000000000E+01      3.382380011E+03      0.000000000E+00      0.000000000E+00
    410      1.000000000E+01      3.392380011E+03      0.000000000E+00      0.000000000E+00
    411      1.000000000E+01      3.402380011E+03      0.000000000E+00      0.000000000E+00
    412      1.000000000E+01      3.412380011E+03      0.000000000E+00      0.000000000E+00
    413      1.000000000E+01      3.422380011E+03      0.000000000E+00      0.000000000E+00
    414      1.000000000E+01      3.432380011E+03      0.000000000E+00      0.000000000E+00
    415      1.000000000E+01      3.442380011E+03      0.000000000E+00      0.000000000E+00
    416      1.000000000E+01      3.452380011E+03      0.000000000E+00      0.000000000E+00
    417      1.000000000E+01      3.462380011E+03      0.000000000E+00      0.000000000E+00
    418      1.000000000E+01      3.472380011E+03      0.000000000E+00      0.000000000E+00
    419      1.000000000E+01      3.482380011E+03      0.000000000E+00      0.000000000E+00
    420      1.000000000E+01      3.492380011E+03      0.000000000E+00      0.000000000E+00
    421      1.000000000E+01      3.502380011E+03      0.000000000E+00      0.000000000E+00
    422      1.000000000E+01      3.512380011E+03      0.000000000E+00      0.000000000E+00
    423      1.000000000E+01      3.522380011E+03      0.000000000E+00      0.000000000E+00
    424      1.000000000E+01      3.532380011E+03      0.000000000E+00      0.000000000E+00
    425      1.000000000E+01      3.542380011E+03      0.000000000E+00      0.000000000E+00
    426      1.000000000E+01      3.552380011E+03      0.000000000E+00      0.000000000E+00
    427      1.000000000E+01      3.562380011E+03      0.000000000E+00      0.000000000E+00
    428      1.000000000E+01      3.572380011E+03      0.000000000E+00      0.000000000E+00
    429      1.000000000E+01      3.582380011E+03      0.000000000E+00      0.000000000E+00
    430      1.000000000E+01      3.592380011E+03      0.000000000E+00      0.000000000E+00
    431      1.000000000E+01      3.602380011E+03      0.000000000E+00      0.000000000E+00
    432      1.000000000E+01      3.612380011E+03      0.000000000E+00      0.000000000E+00
    433      1.000000000E+01      3.622380011E+03      0.000000000E+00      0.000000000E+00
    434      1.000000000E+01      3.632380011E+03      0.000000000E+00      0.000000000E+00
    435      1.000000000E+01      3.642380011E+03      0.000000000E+00      0.000000000E+00
    436      1.000000000E+01      3.652380011E+03      0.000000000E+00      0.000000000E+00
    437      1.000000000E+01      3.662380011E+03      0.000000000E+00      0.000000000E+00
    438      1.000000000E+01      3.672380011E+03      0.000000000E+00      0.000000000E+00
    439      1.000000000E+01      3.682380011E+03      0.000000000E+00      0.000000000E+00
    440      1.000000000E+01      3.692380011E+03      0.000000000E+00      0.000000000E+00
    441      1.000000000E+01      3.702380011E+03      0.000000000E+00      0.000000000E+00
    442      1.000000000E+01      3.712380011E+03      0.000000000E+00      0.000000000E+00
    443      1.000000000E+01      3.722380011E+03      0.000000000E+00      0.000000000E+00
    444      1.000000000E+01      3.732380011E+03      0.000000000E+00      0.000000000E+00
    445      1.000000000E+01      3.742380011E+03      0.000000000E+00      0.000000000E+00
    446      1.000000000E+01      3.752380011E+03      0.000000000E+00      0.000000000E+00
    447      1.000000000E+01      3.762380011E+03      0.000000000E+00      0.000000000E+00
    448      1.000000000E+01      3.772380011E+03      0.000000000E+00      0.000000000E+00
    449      1.000000000E+01      3.782380011E+03      0.000000000E+00      0.000000000E+00
    450      1.000000000E+01      3.792380011E+03      0.000000000E+00      0.000000000E+00
    451      1.000000000E+01      3.802380011E+03      0.000000000E+00      0.000000000E+00
    452      1.000000000E+01      3.812380011E+03      0.000000000E+00      0.000000000E+00
    453      1.000000000E+01      3.822380011E+03      0.000000000E+00      0.000000000E+00
    454      1.000000000E+01      3.832380011E+03      0.000000000E+00      0.000000000E+00
    455      1.000000000E+01      3.842380011E+03      0.000000000E+00      0.000000000E+00
    456      1.000000000E+01      3.852380011E+03      0.000000000E+00      0.000000000E+00
    457      1.000000000E+01      3.862380011E+03      0.000000000E+00      0.000000000E+00
    458      1.000000000E+01      3.872380011E+03      0.000000000E+00      0.000000000E+00
    459      1.000000000E+01      3.882380011E+03      0.000000000E+00      0.000000000E+00
    460      1.000000000E+01      3.892380011E+03      0.000000000E+00      0.000000000E+00
    461      1.000000000E+01      3.902380011E+03      0.000000000E+00      0.000000000E+00
    462      1.000000000E+01      3.912380011E+03      0.000000000E+00      0.000000000E+00
    463      1.000000000E+01      3.922380011E+03      0.000000000E+00      0.000000000E+00
    464      1.000000000E+01      3.932380011E+03      0.000000000E+00      0.000000000E+00
    465      1.000000000E+01      3.942380011E+03      0.000000000E+00      0.000000000E+00
    466      1.000000000E+01      3.952380011E+03      0.000000000E+00      0.000000000E+00
    467      1.000000000E+01      3.962380011E+03      0.000000000E+00      0.000000000E+00
    468      1.000000000E+01      3.972380011E+03      0.000000000E+00      0.000000000E+00
    469      1.000000000E+01      3.982380011E+03      0.000000000E+00      0.000000000E+00
    470      1.000000000E+01      3.992380011E+03      0.000000000E+00      0.000000000E+00
    471      1.000000000E+01      4.002380011E+03      0.000000000E+00      0.000000000E+00
    472      1.000000000E+01      4.012380011E+03      0.000000000E+00      0.000000000E+00
    473      1.000000000E+01      4.022380011E+03      0.000000000E+00      0.000000000E+00
    474      1.000000000E+01      4.032380011E+03      0.000000000E+00      0.000000000E+00
    475      1.000000000E+01      4.042380011E+03      0.000000000E+00      0.000000000E+00
    476      1.000000000E+01      4.052380011E+03      0.000000000E+00      0.000000000E+00
    477      1.000000000E+01      4.062380011E+03      0.000000000E+00      0.000000000E+00
    478      1.000000000E+01      4.072380011E+03      0.000000000E+00      0.000000000E+00
    479      1.000000000E+01      4.082380011E+03      0.000000000E+00      0.000000000E+00
    480      1.000000000E+01      4.092380011E+03      0.000000000E+00      0.000000000E+00
    481      1.000000000E+01      4.102380011E+03      0.000000000E+00      0.000000000E+00
    482      1.000000000E+01      4.112380011E+03      0.000000000E+00      0.000000000E+00
    483      1.000000000E+01      4.122380011E+03      0.000000000E+00      0.000000000E+00
    484      1.000000000E+01      4.132380011E+03      0.000000000E+00      0.000000000E+00
    485      1.000000000E+01      4.142380011E+03      0.000000000E+00      0.000000000E+00
    486      1.000000000E+01      4.152380011E+03      0.000000000E+00      0.000000000E+00
    487      1.000000000E+01      4.162380011E+03      0.000000000E+00      0.000000000E+00
    488      1.000000000E+01      4.172380011E+03      0.000000000E+00      0.000000000E+00
    489      1.000000000E+01      4.182380011E+03      0.000000000E+00      0.000000000E+00
    490      1.000000000E+01      4.192380011E+03      0.000000000E+00      0.000000000E+00
    491      1.000000000E+01      4.202380011E+03      0.000000000E+00      0.000000000E+00
    492      1.000000000E+01      4.212380011E+03      0.000000000E+00      0.000000000E+00
    493      1.000000000E+01      4.222380011E+03      0.000000000E+00      0.000000000E+00
    494      1.000000000E+01      4.232380011E+03      0.000000000E+00      0.000000000E+00
    495      1.000000000E+01      4.242380011E+03      0.000000000E+00      0.000000000E+00
    496      1.000000000E+01      4.252380011E+03      0.000000000E+00      0.000000000E+00
    497      1.000000000E+01      4.262380011E+03      0.000000000E+00      0.000000000E+00
    498      1.000000000E+01      4.272380011E+03      0.000000000E+00      0.000000000E+00
    499      1.000000000E+01      4.282380011E+03      0.000000000E+00      0.000000000E+00
    500      1.000000000E+01      4.292380011E+03      0.000000000E+00      0.000000000E+00
    501      1.000000000E+01      4.302380011E+03      0.000000000E+00      0.000000000E+00
    502      1.000000000E+01      4.312380011E+03      0.000000000E+00      0.000000000E+00
    503      1.000000000E+01      4.322380011E+03      0.000000000E+00      0.000000000E+00
    504      1.000000000E+01      4.332380011E+03      0.000000000E+00      0.000000000E+00
    505      1.000000000E+01      4.342380011E+03      0.000000000E+00      0.000000000E+00
    506      1.000000000E+01      4.352380011E+03      0.000000000E+00      0.000000000E+00
    507      1.000000000E+01      4.362380011E+03      0.000000000E+00      0.000000000E+00
    508      1.000000000E+01      4.372380011E+03      0.000000000E+00      0.000000000E+00
    509      1.000000000E+01      4.382380011E+03      0.000000000E+00      0.000000000E+00
    510      1.000000000E+01      4.392380011E+03      0.000000000E+00      0.000000000E+00
    511      1.000000000E+01      4.402380011E+03      0.000000000E+00      0.000000000E+00
    512      1.000000000E+01      4.412380011E+03      0.000000000E+00      0.000000000E+00
    513      1.000000000E+01      4.422380011E+03      0.000000000E+00      0.000000000E+00
    514      1.000000000E+01      4.432380011E+03      0.000000000E+00      0.000000000E+00
    515      1.000000000E+01      4.442380011E+03      0.000000000E+00      0.000000000E+00
    516      1.000000000E+01      4.452380011E+03      0.000000000E+00      0.000000000E+00
    517      1.000000000E+01      4.462380011E+03      0.000000000E+00      0.000000000E+00
    518      1.000000000E+01      4.472380011E+03      0.000000000E+00      0.000000000E+00
    519      1.000000000E+01      4.482380011E+03      0.000000000E+00      0.000000000E+00
    520      1.000000000E+01      4.492380011E+03      0.000000000E+00      0.000000000E+00
    521      1.000000000E+01      4.502380011E+03      0.000000000E+00      0.000000000E+00
    522      1.000000000E+01      4.512380011E+03      0.000000000E+00      0.000000000E+00
    523      1.000000000E+01      4.522380011E+03      0.000000000E+00      0.000000000E+00
    524      1.000000000E+01      4.532380011E+03      0.000000000E+00      0.000000000E+00
    525      1.000000000E+01      4.542380011E+03      0.000000000E+00      0.000000000E+00
    526      1.000000000E+01      4.552380011E+03      0.000000000E+00      0.000000000E+00
    527      1.000000000E+01      4.562380011E+03      0.000000000E+00      0.000000000E+00
    528      1.000000000E+01      4.572380011E+03      0.000000000E+00      0.000000000E+00
    529      1.000000000E+01      4.582380011E+03      0.000000000E+00      0.000000000E+00
    530      1.000000000E+01      4.592380011E+03      0.000000000E+00      0.000000000E+00
    531      1.000000000E+01      4.602380011E+03      0.000000000E+00      0.000000000E+00
    532      1.000000000E+01      4.612380011E+03      0.000000000E+00      0.000000000E+00
    533      1.000000000E+01      4.622380011E+03      0.000000000E+00      0.000000000E+00
    534      1.000000000E+01      4.632380011E+03      0.000000000E+00      0.000000000E+00
    535      1.000000000E+01      4.642380011E+03      0.000000000E+00      0.000000000E+00
    536      1.000000000E+01      4.652380011E+03      0.000000000E+00      0.000000000E+00
    537      1.000000000E+01      4.662380011E+03      0.000000000E+00      0.000000000E+00
    538      1.000000000E+01      4.672380011E+03      0.000000000E+00      0.000000000E+00
    539      1.000000000E+01      4.682380011E+03      0.000000000E+00      0.000000000E+00
    540      1.000000000E+01      4.692380011E+03      0.000000000E+00      0.000000000E+00
    541      1.000000000E+01      4.702380011E+03      0.000000000E+00      0.000000000E+00
    542      1.000000000E+01      4.712380011E+03      0.000000000E+00      0.000000000E+00
    543      1.000000000E+01      4.722380011E+03      0.000000000E+00      0.000000000E+00
    544      1.000000000E+01      4.732380011E+03      0.000000000E+00      0.000000000E+00
    545      1.000000000E+01      4.742380011E+03      0.000000000E+00      0.000000000E+00
    546      1.000000000E+01      4.752380011E+03      0.000000000E+00      0.000000000E+00
    547      1.000000000E+01      4.762380011E+03      0.000000000E+00      0.000000000E+00
    548      1.000000000E+01      4.772380011E+03      0.000000000E+00      0.000000000E+00
    549      1.000000000E+01      4.782380011E+03      0.000000000E+00      0.000000000E+00
    550      1.000000000E+01      4.792380011E+03      0.000000000E+00      0.000000000E+00
    551      1.000000000E+01      4.802380011E+03      0.000000000E+00      0.000000000E+00
    552      1.000000000E+01      4.812380011E+03      0.000000000E+00      0.000000000E+00
    553      1.000000000E+01      4.822380011E+03      0.000000000E+00      0.000000000E+00
    554      1.000000000E+01      4.832380011E+03      0.000000000E+00      0.000000000E+00
    555      1.000000000E+01      4.842380011E+03      0.000000000E+00      0.000000000E+00
    556      1.000000000E+01      4.852380011E+03      0.000000000E+00      0.000000000E+00
    557      1.000000000E+01      4.862380011E+03      0.000000000E+00      0.000000000E+00
    558      1.000000000E+01      4.872380011E+03      0.000000000E+00      0.000000000E+00
    559      1.000000000E+01      4.882380011E+03      0.000000000E+00      0.000000000E+00
    560      1.000000000E+01      4.892380011E+03      0.000000000E+00      0.000000000E+00
    561      1.000000000E+01      4.902380011E+03      0.000000000E+00      0.000000000E+00
    562      1.000000000E+01      4.912380011E+03      0.000000000E+00      0.000000000E+00
    563      1.000000000E+01      4.922380011E+03      0.000000000E+00      0.000000000E+00
    564      1.000000000E+01      4.932380011E+03      0.000000000E+00      0.000000000E+00
    565      1.000000000E+01      4.942380011E+03      0.000000000E+00      0.000000000E+00
    566      1.000000000E+01      4.952380011E+03      0.000000000E+00      0.000000000E+00
    567      1.000000000E+01      4.962380011E+03      0.000000000E+00      0.000000000E+00
    568      1.000000000E+01      4.972380011E+03      0.000000000E+00      0.000000000E+00
    569      1.000000000E+01      4.982380011E+03      0.000000000E+00      0.000000000E+00
    570      1.000000000E+01      4.992380011E+03      0.000000000E+00      0.000000000E+00
    571      1.000000000E+01      5.002380011E+03      0.000000000E+00      0.000000000E+00
    572      1.000000000E+01      5.012380011E+03      0.000000000E+00      0.000000000E+00
    573      1.000000000E+01      5.022380011E+03      0.000000000E+00      0.000000000E+00
    574      1.000000000E+01      5.032380011E+03      0.000000000E+00      0.000000000E+00
    575      1.000000000E+01      5.042380011E+03      0.000000000E+00      0.000000000E+00
    576      1.000000000E+01      5.052380011E+03      0.000000000E+00      0.000000000E+00
    577      1.000000000E+01      5.062380011E+03      0.000000000E+00      0.000000000E+00
    578      1.000000000E+01      5.072380011E+03      0.000000000E+00      0.000000000E+00
    579      1.000000000E+01      5.082380011E+03      0.000000000E+00      0.000000000E+00
    580      1.000000000E+01      5.092380011E+03      0.000000000E+00      0.000000000E+00
    581      1.000000000E+01      5.102380011E+03      0.000000000E+00      0.000000000E+00
    582      1.000000000E+01      5.112380011E+03      0.000000000E+00      0.000000000E+00
    583      1.000000000E+01      5.122380011E+03      0.000000000E+00      0.000000000E+00
    584      1.000000000E+01      5.132380011E+03      0.000000000E+00      0.000000000E+00
    585      1.000000000E+01      5.142380011E+03      0.000000000E+00      0.000000000E+00
    586      1.000000000E+01      5.152380011E+03      0.000000000E+00      0.000000000E+00
    587      1.000000000E+01      5.162380011E+03      0.000000000E+00      0.000000000E+00
    588      1.000000000E+01      5.172380011E+03      0.000000000E+00      0.000000000E+00
    589      1.000000000E+01      5.182380011E+03      0.000000000E+00      0.000000000E+00
    590      1.000000000E+01      5.192380011E+03      0.000000000E+00      0.000000000E+00
    591      1.000000000E+01      5.202380011E+03      0.000000000E+00      0.000000000E+00
    592      1.000000000E+01      5.212380011E+03      0.000000000E+00      0.000000000E+00
    593      1.000000000E+01      5.222380011E+03      0.000000000E+00      0.000000000E+00
    594      1.000000000E+01      5.232380011E+03      0.000000000E+00      0.000000000E+00
    595      1.000000000E+01      5.242380011E+03      0.000000000E+00      0.000000000E+00
    596      1.000000000E+01      5.252380011E+03      0.000000000E+00      0.000000000E+00
    597      1.000000000E+01      5.262380011E+03      0.000000000E+00      0.000000000E+00
    598      1.000000000E+01      5.272380011E+03      0.000000000E+00      0.000000000E+00
    599      1.000000000E+01      5.282380011E+03      0.000000000E+00      0.000000000E+00
    600      1.000000000E+01      5.292380011E+03      0.000000000E+00      0.000000000E+00
    601      1.000000000E+01      5.302380011E+03      0.000000000E+00      0.000000000E+00
    602      1.000000000E+01      5.312380011E+03      0.000000000E+00      0.000000000E+00
    603      1.000000000E+01      5.322380011E+03      0.000000000E+00      0.000000000E+00
    604      1.000000000E+01      5.332380011E+03      0.000000000E+00      0.000000000E+00
    605      1.000000000E+01      5.342380011E+03      0.000000000E+00      0.000000000E+00
    606      1.000000000E+01      5.352380011E+03      0.000000000E+00      0.000000000E+00
    607      1.000000000E+01      5.362380011E+03      0.000000000E+00      0.000000000E+00
    608      1.000000000E+01      5.372380011E+03      0.000000000E+00      0.000000000E+00
    609      1.000000000E+01      5.382380011E+03      0.000000000E+00      0.000000000E+00
    610      1.000000000E+01      5.392380011E+03      0.000000000E+00      0.000000000E+00
    611      1.000000000E+01      5.402380011E+03      0.000000000E+00      0.000000000E+00
    612      1.000000000E+01      5.412380011E+03      0.000000000E+00      0.000000000E+00
    613      1.000000000E+01      5.422380011E+03      0.000000000E+00      0.000000000E+00
    614      1.000000000E+01      5.432380011E+03      0.000000000E+00      0.000000000E+00
    615      1.000000000E+01      5.442380011E+03      0.000000000E+00      0.000000000E+00
    616      1.000000000E+01      5.452380011E+03      0.000000000E+00      0.000000000E+00
    617      1.000000000E+01      5.462380011E+03      0.000000000E+00      0.000000000E+00
    618      1.000000000E+01      5.472380011E+03      0.000000000E+00      0.000000000E+00
    619      1.000000000E+01      5.482380011E+03      0.000000000E+00      0.000000000E+00
    620      1.000000000E+01      5.492380011E+03      0.000000000E+00      0.000000000E+00
    621      1.000000000E+01      5.502380011E+03      0.000000000E+00      0.000000000E+00
    622      1.000000000E+01      5.512380011E+03      0.000000000E+00      0.000000000E+00
    623      1.000000000E+01      5.522380011E+03      0.000000000E+00      0.000000000E+00
    624      1.000000000E+01      5.532380011E+03      0.000000000E+00      0.000000000E+00
    625      1.000000000E+01      5.542380011E+03      0.000000000E+00      0.000000000E+00
    626      1.000000000E+01      5.552380011E+03      0.000000000E+00      0.000000000E+00
    627      1.000000000E+01      5.562380011E+03      0.000000000E+00      0.000000000E+00
    628      1.000000000E+01      5.572380011E+03      0.000000000E+00      0.000000000E+00
    629      1.000000000E+01      5.582380011E+03      0.000000000E+00      0.000000000E+00
    630      1.000000000E+01      5.592380011E+03      0.000000000E+00      0.000000000E+00
    631      1.000000000E+01      5.602380011E+03      0.000000000E+00      0.000000000E+00
    632      1.000000000E+01      5.612380011E+03      0.000000000E+00      0.000000000E+00
    633      1.000000000E+01      5.622380011E+03      0.000000000E+00      0.000000000E+00
    634      1.000000000E+01      5.632380011E+03      0.000000000E+00      0.000000000E+00
    635      1.000000000E+01      5.642380011E+03      0.000000000E+00      0.000000000E+00
    636      1.000000000E+01      5.652380011E+03      0.000000000E+00      0.000000000E+00
    637      1.000000000E+01      5.662380011E+03      0.000000000E+00      0.000000000E+00
    638      1.000000000E+01      5.672380011E+03      0.000000000E+00      0.000000000E+00
    639      1.000000000E+01      5.682380011E+03      0.000000000E+00      0.000000000E+00
    640      1.000000000E+01      5.692380011E+03      0.000000000E+00      0.000000000E+00
    641      1.000000000E+01      5.702380011E+03      0.000000000E+00      0.000000000E+00
    642      1.000000000E+01      5.712380011E+03      0.000000000E+00      0.000000000E+00
    643      1.000000000E+01      5.722380011E+03      0.000000000E+00      0.000000000E+00
    644      1.000000000E+01      5.732380011E+03      0.000000000E+00      0.000000000E+00
    645      1.000000000E+01      5.742380011E+03      0.000000000E+00      0.000000000E+00
    646      1.000000000E+01      5.752380011E+03      0.000000000E+00      0.000000000E+00
    647      1.000000000E+01      5.762380011E+03      0.000000000E+00      0.000000000E+00
    648      1.000000000E+01      5.772380011E+03      0.000000000E+00      0.000000000E+00
    649      1.000000000E+01      5.782380011E+03      0.000000000E+00      0.000000000E+00
    650      1.000000000E+01      5.792380011E+03      0.000000000E+00      0.000000000E+00
    651      1.000000000E+01      5.802380011E+03      0.000000000E+00      0.000000000E+00
    652      1.000000000E+01      5.812380011E+03      0.000000000E+00      0.000000000E+00
    653      1.000000000E+01      5.822380011E+03      0.000000000E+00      0.000000000E+00
    654      1.000000000E+01      5.832380011E+03      0.000000000E+00      0.000000000E+00
    655      1.000000000E+01      5.842380011E+03      0.000000000E+00      0.000000000E+00
    656      1.000000000E+01      5.852380011E+03      0.000000000E+00      0.000000000E+00
    657      1.000000000E+01      5.862380011E+03      0.000000000E+00      0.000000000E+00
    658      1.000000000E+01      5.872380011E+03      0.000000000E+00      0.000000000E+00
    659      1.000000000E+01      5.882380011E+03      0.000000000E+00      0.000000000E+00
    660      1.000000000E+01      5.892380011E+03      0.000000000E+00      0.000000000E+00
    661      1.000000000E+01      5.902380011E+03      0.000000000E+00      0.000000000E+00
    662      1.000000000E+01      5.912380011E+03      0.000000000E+00      0.000000000E+00
    663      1.000000000E+01      5.922380011E+03      0.000000000E+00      0.000000000E+00
    664      1.000000000E+01      5.932380011E+03      0.000000000E+00      0.000000000E+00
    665      1.000000000E+01      5.942380011E+03      0.000000000E+00      0.000000000E+00
    666      1.000000000E+01      5.952380011E+03      0.000000000E+00      0.000000000E+00
    667      1.000000000E+01      5.962380011E+03      0.000000000E+00      0.000000000E+00
    668      1.000000000E+01      5.972380011E+03      0.000000000E+00      0.000000000E+00
    669      1.000000000E+01      5.982380011E+03      0.000000000E+00      0.000000000E+00
    670      1.000000000E+01      5.992380011E+03      0.000000000E+00      0.000000000E+00
    671      1.000000000E+01      6.002380011E+03      0.000000000E+00      0.000000000E+00
    672      1.000000000E+01      6.012380011E+03      0.000000000E+00      0.000000000E+00
    673      1.000000000E+01      6.022380011E+03      0.000000000E+00      0.000000000E+00
    674      1.000000000E+01      6.032380011E+03      0.000000000E+00      0.000000000E+00
    675      1.000000000E+01      6.042380011E+03      0.000000000E+00      0.000000000E+00
    676      1.000000000E+01      6.052380011E+03      0.000000000E+00      0.000000000E+00
    677      1.000000000E+01      6.062380011E+03      0.000000000E+00      0.000000000E+00
    678      1.000000000E+01      6.072380011E+03      0.000000000E+00      0.000000000E+00
    679      1.000000000E+01      6.082380011E+03      0.000000000E+00      0.000000000E+00
    680      1.000000000E+01      6.092380011E+03      0.000000000E+00      0.000000000E+00
    681      1.000000000E+01      6.102380011E+03      0.000000000E+00      0.000000000E+00
    682      1.000000000E+01      6.112380011E+03      0.000000000E+00      0.000000000E+00
    683      1.000000000E+01      6.122380011E+03      0.000000000E+00      0.000000000E+00
    684      1.000000000E+01      6.132380011E+03      0.000000000E+00      0.000000000E+00
    685      1.000000000E+01      6.142380011E+03      0.000000000E+00      0.000000000E+00
    686      1.000000000E+01      6.152380011E+03      0.000000000E+00      0.000000000E+00
    687      1.000000000E+01      6.162380011E+03      0.000000000E+00      0.000000000E+00
    688      1.000000000E+01      6.172380011E+03      0.000000000E+00      0.000000000E+00
    689      1.000000000E+01      6.182380011E+03      0.000000000E+00      0.000000000E+00
    690      1.000000000E+01      6.192380011E+03      0.000000000E+00      0.000000000E+00
    691      1.000000000E+01      6.202380011E+03      0.000000000E+00      0.000000000E+00
    692      1.000000000E+01      6.212380011E+03      0.000000000E+00      0.000000000E+00
    693      1.000000000E+01      6.222380011E+03      0.000000000E+00      0.000000000E+00
    694      1.000000000E+01      6.232380011E+03      0.000000000E+00      0.000000000E+00
    695      1.000000000E+01      6.242380011E+03      0.000000000E+00      0.000000000E+00
    696      1.000000000E+01      6.252380011E+03      0.000000000E+00      0.000000000E+00
    697      1.000000000E+01      6.262380011E+03      0.000000000E+00      0.000000000E+00
    698      1.000000000E+01      6.272380011E+03      0.000000000E+00      0.000000000E+00
    699      1.000000000E+01      6.282380011E+03      0.000000000E+00      0.000000000E+00
    700      1.000000000E+01      6.292380011E+03      0.000000000E+00      0.000000000E+00
    701      1.000000000E+01      6.302380011E+03      0.000000000E+00      0.000000000E+00
    702      1.000000000E+01      6.312380011E+03      0.000000000E+00      0.000000000E+00
    703      1.000000000E+01      6.322380011E+03      0.000000000E+00      0.000000000E+00
    704      1.000000000E+01      6.332380011E+03      0.000000000E+00      0.000000000E+00
    705      1.000000000E+01      6.342380011E+03      0.000000000E+00      0.000000000E+00
    706      1.000000000E+01      6.352380011E+03      0.000000000E+00      0.000000000E+00
    707      1.000000000E+01      6.362380011E+03      0.000000000E+00      0.000000000E+00
    708      1.000000000E+01      6.372380011E+03      0.000000000E+00      0.000000000E+00
    709      1.000000000E+01      6.382380011E+03      0.000000000E+00      0.000000000E+00
    710      1.000000000E+01      6.392380011E+03      0.000000000E+00      0.000000000E+00
    711      1.000000000E+01      6.402380011E+03      0.000000000E+00      0.000000000E+00
    712      1.000000000E+01      6.412380011E+03      0.000000000E+00      0.000000000E+00
    713      1.000000000E+01      6.422380011E+03      0.000000000E+00      0.000000000E+00
    714      1.000000000E+01      6.432380011E+03      0.000000000E+00      0.000000000E+00
    715      1.000000000E+01      6.442380011E+03      0.000000000E+00      0.000000000E+00
    716      1.000000000E+01      6.452380011E+03      0.000000000E+00      0.000000000E+00
    717      1.000000000E+01      6.462380011E+03      0.000000000E+00      0.000000000E+00
    718      1.000000000E+01      6.472380011E+03      0.000000000E+00      0.000000000E+00
    719      1.000000000E+01      6.482380011E+03      0.000000000E+00      0.000000000E+00
    720      1.000000000E+01      6.492380011E+03      0.000000000E+00      0.000000000E+00
    721      1.000000000E+01      6.502380011E+03      0.000000000E+00      0.000000000E+00
    722      1.000000000E+01      6.512380011E+03      0.000000000E+00      0.000000000E+00
    723      1.000000000E+01      6.522380011E+03      0.000000000E+00      0.000000000E+00
    724      1.000000000E+01      6.532380011E+03      0.000000000E+00      0.000000000E+00
    725      1.000000000E+01      6.542380011E+03      0.000000000E+00      0.000000000E+00
    726      1.000000000E+01      6.552380011E+03      0.000000000E+00      0.000000000E+00
    727      1.000000000E+01      6.562380011E+03      0.000000000E+00      0.000000000E+00
    728      1.000000000E+01      6.572380011E+03      0.000000000E+00      0.000000000E+00
    729      1.000000000E+01      6.582380011E+03      0.000000000E+00      0.000000000E+00
    730      1.000000000E+01      6.592380011E+03      0.000000000E+00      0.000000000E+00
    731      1.000000000E+01      6.602380011E+03      0.000000000E+00      0.000000000E+00
    732      1.000000000E+01      6.612380011E+03      0.000000000E+00      0.000000000E+00
    733      1.000000000E+01      6.622380011E+03      0.000000000E+00      0.000000000E+00
    734      1.000000000E+01      6.632380011E+03      0.000000000E+00      0.000000000E+00
    735      1.000000000E+01      6.642380011E+03      0.000000000E+00      0.000000000E+00
    736      1.000000000E+01      6.652380011E+03      0.000000000E+00      0.000000000E+00
    737      1.000000000E+01      6.662380011E+03      0.000000000E+00      0.000000000E+00
    738      1.000000000E+01      6.672380011E+03      0.000000000E+00      0.000000000E+00
    739      1.000000000E+01      6.682380011E+03      0.000000000E+00      0.000000000E+00
    740      1.000000000E+01      6.692380011E+03      0.000000000E+00      0.000000000E+00
    741      1.000000000E+01      6.702380011E+03      0.000000000E+00      0.000000000E+00
    742      1.000000000E+01      6.712380011E+03      0.000000000E+00      0.000000000E+00
    743      1.000000000E+01      6.722380011E+03      0.000000000E+00      0.000000000E+00
    744      1.000000000E+01      6.732380011E+03      0.000000000E+00      0.000000000E+00
    745      1.000000000E+01      6.742380011E+03      0.000000000E+00      0.000000000E+00
    746      1.000000000E+01      6.752380011E+03      0.000000000E+00      0.000000000E+00
    747      1.000000000E+01      6.762380011E+03      0.000000000E+00      0.000000000E+00
    748      1.000000000E+01      6.772380011E+03      0.000000000E+00      0.000000000E+00
    749      1.000000000E+01      6.782380011E+03      0.000000000E+00      0.000000000E+00
    750      1.000000000E+01      6.792380011E+03      0.000000000E+00      0.000000000E+00
    751      1.000000000E+01      6.802380011E+03      0.000000000E+00      0.000000000E+00
    752      1.000000000E+01      6.812380011E+03      0.000000000E+00      0.000000000E+00
    753      1.000000000E+01      6.822380011E+03      0.000000000E+00      0.000000000E+00
    754      1.000000000E+01      6.832380011E+03      0.000000000E+00      0.000000000E+00
    755      1.000000000E+01      6.842380011E+03      0.000000000E+00      0.000000000E+00
    756      1.000000000E+01      6.852380011E+03      0.000000000E+00      0.000000000E+00
    757      1.000000000E+01      6.862380011E+03      0.000000000E+00      0.000000000E+00
    758      1.000000000E+01      6.872380011E+03      0.000000000E+00      0.000000000E+00
    759      1.000000000E+01      6.882380011E+03      0.000000000E+00      0.000000000E+00
    760      1.000000000E+01      6.892380011E+03      0.000000000E+00      0.000000000E+00
    761      1.000000000E+01      6.902380011E+03      0.000000000E+00      0.000000000E+00
    762      1.000000000E+01      6.912380011E+03      0.000000000E+00      0.000000000E+00
    763      1.000000000E+01      6.922380011E+03      0.000000000E+00      0.000000000E+00
    764      1.000000000E+01      6.932380011E+03      0.000000000E+00      0.000000000E+00
    765      1.000000000E+01      6.942380011E+03      0.000000000E+00      0.000000000E+00
    766      1.000000000E+01      6.952380011E+03      0.000000000E+00      0.000000000E+00
    767      1.000000000E+01      6.962380011E+03      0.000000000E+00      0.000000000E+00
    768      1.000000000E+01      6.972380011E+03      0.000000000E+00      0.000000000E+00
    769      1.000000000E+01      6.982380011E+03      0.000000000E+00      0.000000000E+00
    770      1.000000000E+01      6.992380011E+03      0.000000000E+00      0.000000000E+00
    771      1.000000000E+01      7.002380011E+03      0.000000000E+00      0.000000000E+00
    772      1.000000000E+01      7.012380011E+03      0.000000000E+00      0.000000000E+00
    773      1.000000000E+01      7.022380011E+03      0.000000000E+00      0.000000000E+00
    774      1.000000000E+01      7.032380011E+03      0.000000000E+00      0.000000000E+00
    775      1.000000000E+01      7.042380011E+03      0.000000000E+00      0.000000000E+00
    776      1.000000000E+01      7.052380011E+03      0.000000000E+00      0.000000000E+00
    777      1.000000000E+01      7.062380011E+03      0.000000000E+00      0.000000000E+00
    778      1.000000000E+01      7.072380011E+03      0.000000000E+00      0.000000000E+00
    779      1.000000000E+01      7.082380011E+03      0.000000000E+00      0.000000000E+00
    780      1.000000000E+01      7.092380011E+03      0.000000000E+00      0.000000000E+00
    781      1.000000000E+01      7.102380011E+03      0.000000000E+00      0.000000000E+00
    782      1.000000000E+01      7.112380011E+03      0.000000000E+00      0.000000000E+00
    783      1.000000000E+01      7.122380011E+03      0.000000000E+00      0.000000000E+00
    784      1.000000000E+01      7.132380011E+03      0.000000000E+00      0.000000000E+00
    785      1.000000000E+01      7.142380011E+03      0.000000000E+00      0.000000000E+00
    786      1.000000000E+01      7.152380011E+03      0.000000000E+00      0.000000000E+00
    787      1.000000000E+01      7.162380011E+03      0.000000000E+00      0.000000000E+00
    788      1.000000000E+01      7.172380011E+03      0.000000000E+00      0.000000000E+00
    789      1.000000000E+01      7.182380011E+03      0.000000000E+00      0.000000000E+00
    790      1.000000000E+01      7.192380011E+03      0.000000000E+00      0.000000000E+00
    791      1.000000000E+01      7.202380011E+03      0.000000000E+00      0.000000000E+00
    792      1.000000000E+01      7.212380011E+03      0.000000000E+00      0.000000000E+00
    793      1.000000000E+01      7.222380011E+03      0.000000000E+00      0.000000000E+00
    794      1.000000000E+01      7.232380011E+03      0.000000000E+00      0.000000000E+00
    795      1.000000000E+01      7.242380011E+03      0.000000000E+00      0.000000000E+00
    796      1.000000000E+01      7.252380011E+03      0.000000000E+00      0.000000000E+00
    797      1.000000000E+01      7.262380011E+03      0.000000000E+00      0.000000000E+00
    798      1.000000000E+01      7.272380011E+03      0.000000000E+00      0.000000000E+00
    799      1.000000000E+01      7.282380011E+03      0.000000000E+00      0.000000000E+00
    800      1.000000000E+01      7.292380011E+03      0.000000000E+00      0.000000000E+00
    801      1.000000000E+01      7.302380011E+03      0.000000000E+00      0.000000000E+00
    802      1.000000000E+01      7.312380011E+03      0.000000000E+00      0.000000000E+00
    803      1.000000000E+01      7.322380011E+03      0.000000000E+00      0.000000000E+00
    804      1.000000000E+01      7.332380011E+03      0.000000000E+00      0.000000000E+00
    805      1.000000000E+01      7.342380011E+03      0.000000000E+00      0.000000000E+00
    806      1.000000000E+01      7.352380011E+03      0.000000000E+00      0.000000000E+00
    807      1.000000000E+01      7.362380011E+03      0.000000000E+00      0.000000000E+00
    808      1.000000000E+01      7.372380011E+03      0.000000000E+00      0.000000000E+00
    809      1.000000000E+01      7.382380011E+03      0.000000000E+00      0.000000000E+00
    810      1.000000000E+01      7.392380011E+03      0.000000000E+00      0.000000000E+00
    811      1.000000000E+01      7.402380011E+03      0.000000000E+00      0.000000000E+00
    812      1.000000000E+01      7.412380011E+03      0.000000000E+00      0.000000000E+00
    813      1.000000000E+01      7.422380011E+03      0.000000000E+00      0.000000000E+00
    814      1.000000000E+01      7.432380011E+03      0.000000000E+00      0.000000000E+00
    815      1.000000000E+01      7.442380011E+03      0.000000000E+00      0.000000000E+00
    816      1.000000000E+01      7.452380011E+03      0.000000000E+00      0.000000000E+00
    817      1.000000000E+01      7.462380011E+03      0.000000000E+00      0.000000000E+00
    818      1.000000000E+01      7.472380011E+03      0.000000000E+00      0.000000000E+00
    819      1.000000000E+01      7.482380011E+03      0.000000000E+00      0.000000000E+00
    820      1.000000000E+01      7.492380011E+03      0.000000000E+00      0.000000000E+00
    821      1.000000000E+01      7.502380011E+03      0.000000000E+00      0.000000000E+00
    822      1.000000000E+01      7.512380011E+03      0.000000000E+00      0.000000000E+00
    823      1.000000000E+01      7.522380011E+03      0.000000000E+00      0.000000000E+00
    824      1.000000000E+01      7.532380011E+03      0.000000000E+00      0.000000000E+00
    825      1.000000000E+01      7.542380011E+03      0.000000000E+00      0.000000000E+00
    826      1.000000000E+01      7.552380011E+03      0.000000000E+00      0.000000000E+00
    827      1.000000000E+01      7.562380011E+03      0.000000000E+00      0.000000000E+00
    828      1.000000000E+01      7.572380011E+03      0.000000000E+00      0.000000000E+00
    829      1.000000000E+01      7.582380011E+03      0.000000000E+00      0.000000000E+00
    830      1.000000000E+01      7.592380011E+03      0.000000000E+00      0.000000000E+00
    831      1.000000000E+01      7.602380011E+03      0.000000000E+00      0.000000000E+00
    832      1.000000000E+01      7.612380011E+03      0.000000000E+00      0.000000000E+00
    833      1.000000000E+01      7.622380011E+03      0.000000000E+00      0.000000000E+00
    834      1.000000000E+01      7.632380011E+03      0.000000000E+00      0.000000000E+00
    835      1.000000000E+01      7.642380011E+03      0.000000000E+00      0.000000000E+00
    836      1.000000000E+01      7.652380011E+03      0.000000000E+00      0.000000000E+00
    837      1.000000000E+01      7.662380011E+03      0.000000000E+00      0.000000000E+00
    838      1.000000000E+01      7.672380011E+03      0.000000000E+00      0.000000000E+00
    839      1.000000000E+01      7.682380011E+03      0.000000000E+00      0.000000000E+00
    840      1.000000000E+01      7.692380011E+03      0.000000000E+00      0.000000000E+00
    841      1.000000000E+01      7.702380011E+03      0.000000000E+00      0.000000000E+00
    842      1.000000000E+01      7.712380011E+03      0.000000000E+00      0.000000000E+00
    843      1.000000000E+01      7.722380011E+03      0.000000000E+00      0.000000000E+00
    844      1.000000000E+01      7.732380011E+03      0.000000000E+00      0.000000000E+00
    845      1.000000000E+01      7.742380011E+03      0.000000000E+00      0.000000000E+00
    846      1.000000000E+01      7.752380011E+03      0.000000000E+00      0.000000000E+00
    847      1.000000000E+01      7.762380011E+03      0.000000000E+00      0.000000000E+00
    848      1.000000000E+01      7.772380011E+03      0.000000000E+00      0.000000000E+00
    849      1.000000000E+01      7.782380011E+03      0.000000000E+00      0.000000000E+00
    850      1.000000000E+01      7.792380011E+03      0.000000000E+00      0.000000000E+00
    851      1.000000000E+01      7.802380011E+03      0.000000000E+00      0.000000000E+00
    852      1.000000000E+01      7.812380011E+03      0.000000000E+00      0.000000000E+00
    853      1.000000000E+01      7.822380011E+03      0.000000000E+00      0.000000000E+00
    854      1.000000000E+01      7.832380011E+03      0.000000000E+00      0.000000000E+00
    855      1.000000000E+01      7.842380011E+03      0.000000000E+00      0.000000000E+00
    856      1.000000000E+01      7.852380011E+03      0.000000000E+00      0.000000000E+00
    857      1.000000000E+01      7.862380011E+03      0.000000000E+00      0.000000000E+00
    858      1.000000000E+01      7.872380011E+03      0.000000000E+00      0.000000000E+00
    859      1.000000000E+01      7.882380011E+03      0.000000000E+00      0.000000000E+00
    860      1.000000000E+01      7.892380011E+03      0.000000000E+00      0.000000000E+00
    861      1.000000000E+01      7.902380011E+03      0.000000000E+00      0.000000000E+00
    862      1.000000000E+01      7.912380011E+03      0.000000000E+00      0.000000000E+00
    863      1.000000000E+01      7.922380011E+03      0.000000000E+00      0.000000000E+00
    864      1.000000000E+01      7.932380011E+03      0.000000000E+00      0.000000000E+00
    865      1.000000000E+01      7.942380011E+03      0.000000000E+00      0.000000000E+00
    866      1.000000000E+01      7.952380011E+03      0.000000000E+00      0.000000000E+00
    867      1.000000000E+01      7.962380011E+03      0.000000000E+00      0.000000000E+00
    868      1.000000000E+01      7.972380011E+03      0.000000000E+00      0.000000000E+00
    869      1.000000000E+01      7.982380011E+03      0.000000000E+00      0.000000000E+00
    870      1.000000000E+01      7.992380011E+03      0.000000000E+00      0.000000000E+00
    871      1.000000000E+01      8.002380011E+03      0.000000000E+00      0.000000000E+00
    872      1.000000000E+01      8.012380011E+03      0.000000000E+00      0.000000000E+00
    873      1.000000000E+01      8.022380011E+03      0.000000000E+00      0.000000000E+00
    874      1.000000000E+01      8.032380011E+03      0.000000000E+00      0.000000000E+00
    875      1.000000000E+01      8.042380011E+03      0.000000000E+00      0.000000000E+00
    876      1.000000000E+01      8.052380011E+03      0.000000000E+00      0.000000000E+00
    877      1.000000000E+01      8.062380011E+03      0.000000000E+00      0.000000000E+00
    878      1.000000000E+01      8.072380011E+03      0.000000000E+00      0.000000000E+00
    879      1.000000000E+01      8.082380011E+03      0.000000000E+00      0.000000000E+00
    880      1.000000000E+01      8.092380011E+03      0.000000000E+00      0.000000000E+00
    881      1.000000000E+01      8.102380011E+03      0.000000000E+00      0.000000000E+00
    882      1.000000000E+01      8.112380011E+03      0.000000000E+00      0.000000000E+00
    883      1.000000000E+01      8.122380011E+03      0.000000000E+00      0.000000000E+00
    884      1.000000000E+01      8.132380011E+03      0.000000000E+00      0.000000000E+00
    885      1.000000000E+01      8.142380011E+03      0.000000000E+00      0.000000000E+00
    886      1.000000000E+01      8.152380011E+03      0.000000000E+00      0.000000000E+00
    887      1.000000000E+01      8.162380011E+03      0.000000000E+00      0.000000000E+00
    888      1.000000000E+01      8.172380011E+03      0.000000000E+00      0.000000000E+00
    889      1.000000000E+01      8.182380011E+03      0.000000000E+00      0.000000000E+00
    890      1.000000000E+01      8.192380011E+03      0.000000000E+00      0.000000000E+00
    891      1.000000000E+01      8.202380011E+03      0.000000000E+00      0.000000000E+00
    892      1.000000000E+01      8.212380011E+03      0.000000000E+00      0.000000000E+00
    893      1.000000000E+01      8.222380011E+03      0.000000000E+00      0.000000000E+00
    894      1.000000000E+01      8.232380011E+03      0.000000000E+00      0.000000000E+00
    895      1.000000000E+01      8.242380011E+03      0.000000000E+00      0.000000000E+00
    896      1.000000000E+01      8.252380011E+03      0.000000000E+00      0.000000000E+00
    897      1.000000000E+01      8.262380011E+03      0.000000000E+00      0.000000000E+00
    898      1.000000000E+01      8.272380011E+03      0.000000000E+00      0.000000000E+00
    899      1.000000000E+01      8.282380011E+03      0.000000000E+00      0.000000000E+00
    900      1.000000000E+01      8.292380011E+03      0.000000000E+00      0.000000000E+00
    901      1.000000000E+01      8.302380011E+03      0.000000000E+00      0.000000000E+00
    902      1.000000000E+01      8.312380011E+03      0.000000000E+00      0.000000000E+00
    903      1.000000000E+01      8.322380011E+03      0.000000000E+00      0.000000000E+00
    904      1.000000000E+01      8.332380011E+03      0.000000000E+00      0.000000000E+00
    905      1.000000000E+01      8.342380011E+03      0.000000000E+00      0.000000000E+00
    906      1.000000000E+01      8.352380011E+03      0.000000000E+00      0.000000000E+00
    907      1.000000000E+01      8.362380011E+03      0.000000000E+00      0.000000000E+00
    908      1.000000000E+01      8.372380011E+03      0.000000000E+00      0.000000000E+00
    909      1.000000000E+01      8.382380011E+03      0.000000000E+00      0.000000000E+00
    910      1.000000000E+01      8.392380011E+03      0.000000000E+00      0.000000000E+00
    911      1.000000000E+01      8.402380011E+03      0.000000000E+00      0.000000000E+00
    912      1.000000000E+01      8.412380011E+03      0.000000000E+00      0.000000000E+00
    913      1.000000000E+01      8.422380011E+03      0.000000000E+00      0.000000000E+00
    914      1.000000000E+01      8.432380011E+03      0.000000000E+00      0.000000000E+00
    915      1.000000000E+01      8.442380011E+03      0.000000000E+00      0.000000000E+00
    916      1.000000000E+01      8.452380011E+03      0.000000000E+00      0.000000000E+00
    917      1.000000000E+01      8.462380011E+03      0.000000000E+00      0.000000000E+00
    918      1.000000000E+01      8.472380011E+03      0.000000000E+00      0.000000000E+00
    919      1.000000000E+01      8.482380011E+03      0.000000000E+00      0.000000000E+00
    920      1.000000000E+01      8.492380011E+03      0.000000000E+00      0.000000000E+00
    921      1.000000000E+01      8.502380011E+03      0.000000000E+00      0.000000000E+00
    922      1.000000000E+01      8.512380011E+03      0.000000000E+00      0.000000000E+00
    923      1.000000000E+01      8.522380011E+03      0.000000000E+00      0.000000000E+00
    924      1.000000000E+01      8.532380011E+03      0.000000000E+00      0.000000000E+00
    925      1.000000000E+01      8.542380011E+03      0.000000000E+00      0.000000000E+00
    926      1.000000000E+01      8.552380011E+03      0.000000000E+00      0.000000000E+00
    927      1.000000000E+01      8.562380011E+03      0.000000000E+00      0.000000000E+00
    928      1.000000000E+01      8.572380011E+03      0.000000000E+00      0.000000000E+00
    929      1.000000000E+01      8.582380011E+03      0.000000000E+00      0.000000000E+00
    930      1.000000000E+01      8.592380011E+03      0.000000000E+00      0.000000000E+00
    931      1.000000000E+01      8.602380011E+03      0.000000000E+00      0.000000000E+00
    932      1.000000000E+01      8.612380011E+03      0.000000000E+00      0.000000000E+00
    933      1.000000000E+01      8.622380011E+03      0.000000000E+00      0.000000000E+00
    934      1.000000000E+01      8.632380011E+03      0.000000000E+00      0.000000000E+00
    935      1.000000000E+01      8.642380011E+03      0.000000000E+00      0.000000000E+00
    936      1.000000000E+01      8.652380011E+03      0.000000000E+00      0.000000000E+00
    937      1.000000000E+01      8.662380011E+03      0.000000000E+00      0.000000000E+00
    938      1.000000000E+01      8.672380011E+03      0.000000000E+00      0.000000000E+00
    939      1.000000000E+01      8.682380011E+03      0.000000000E+00      0.000000000E+00
    940      1.000000000E+01      8.692380011E+03      0.000000000E+00      0.000000000E+00
    941      1.000000000E+01      8.702380011E+03      0.000000000E+00      0.000000000E+00
    942      1.000000000E+01      8.712380011E+03      0.000000000E+00      0.000000000E+00
    943      1.000000000E+01      8.722380011E+03      0.000000000E+00      0.000000000E+00
    944      1.000000000E+01      8.732380011E+03      0.000000000E+00      0.000000000E+00
    945      1.000000000E+01      8.742380011E+03      0.000000000E+00      0.000000000E+00
    946      1.000000000E+01      8.752380011E+03      0.000000000E+00      0.000000000E+00
    947      1.000000000E+01      8.762380011E+03      0.000000000E+00      0.000000000E+00
    948      1.000000000E+01      8.772380011E+03      0.000000000E+00      0.000000000E+00
    949      1.000000000E+01      8.782380011E+03      0.000000000E+00      0.000000000E+00
    950      1.000000000E+01      8.792380011E+03      0.000000000E+00      0.000000000E+00
    951      1.000000000E+01      8.802380011E+03      0.000000000E+00      0.000000000E+00
    952      1.000000000E+01      8.812380011E+03      0.000000000E+00      0.000000000E+00
    953      1.000000000E+01      8.822380011E+03      0.000000000E+00      0.000000000E+00
    954      1.000000000E+01      8.832380011E+03      0.000000000E+00      0.000000000E+00
    955      1.000000000E+01      8.842380011E+03      0.000000000E+00      0.000000000E+00
    956      1.000000000E+01      8.852380011E+03      0.000000000E+00      0.000000000E+00
    957      1.000000000E+01      8.862380011E+03      0.000000000E+00      0.000000000E+00
    958      1.000000000E+01      8.872380011E+03      0.000000000E+00      0.000000000E+00
    959      1.000000000E+01      8.882380011E+03      0.000000000E+00      0.000000000E+00
    960      1.000000000E+01      8.892380011E+03      0.000000000E+00      0.000000000E+00
    961      1.000000000E+01      8.902380011E+03      0.000000000E+00      0.000000000E+00
    962      1.000000000E+01      8.912380011E+03      0.000000000E+00      0.000000000E+00
    963      1.000000000E+01      8.922380011E+03      0.000000000E+00      0.000000000E+00
    964      1.000000000E+01      8.932380011E+03      0.000000000E+00      0.000000000E+00
    965      1.000000000E+01      8.942380011E+03      0.000000000E+00      0.000000000E+00
    966      1.000000000E+01      8.952380011E+03      0.000000000E+00      0.000000000E+00
    967      1.000000000E+01      8.962380011E+03      0.000000000E+00      0.000000000E+00
    968      1.000000000E+01      8.972380011E+03      0.000000000E+00      0.000000000E+00
    969      1.000000000E+01      8.982380011E+03      0.000000000E+00      0.000000000E+00
    970      1.000000000E+01      8.992380011E+03      0.000000000E+00      0.000000000E+00
    971      1.000000000E+01      9.002380011E+03      0.000000000E+00      0.000000000E+00
    972      1.000000000E+01      9.012380011E+03      0.000000000E+00      0.000000000E+00
    973      1.000000000E+01      9.022380011E+03      0.000000000E+00      0.000000000E+00
    974      1.000000000E+01      9.032380011E+03      0.000000000E+00      0.000000000E+00
    975      1.000000000E+01      9.042380011E+03      0.000000000E+00      0.000000000E+00
    976      1.000000000E+01      9.052380011E+03      0.000000000E+00      0.000000000E+00
    977      1.000000000E+01      9.062380011E+03      0.000000000E+00      0.000000000E+00
    978      1.000000000E+01      9.072380011E+03      0.000000000E+00      0.000000000E+00
    979      1.000000000E+01      9.082380011E+03      0.000000000E+00      0.000000000E+00
    980      1.000000000E+01      9.092380011E+03      0.000000000E+00      0.000000000E+00
    981      1.000000000E+01      9.102380011E+03      0.000000000E+00      0.000000000E+00
    982      1.000000000E+01      9.112380011E+03      0.000000000E+00      0.000000000E+00
    983      1.000000000E+01      9.122380011E+03      0.000000000E+00      0.000000000E+00
    984      1.000000000E+01      9.132380011E+03      0.000000000E+00      0.000000000E+00
    985      1.000000000E+01      9.142380011E+03      0.000000000E+00      0.000000000E+00
    986      1.000000000E+01      9.152380011E+03      0.000000000E+00      0.000000000E+00
    987      1.000000000E+01      9.162380011E+03      0.000000000E+00      0.000000000E+00
    988      1.000000000E+01      9.172380011E+03      0.000000000E+00      0.000000000E+00
    989      1.000000000E+01      9.182380011E+03      0.000000000E+00      0.000000000E+00
    990      1.000000000E+01      9.192380011E+03      0.000000000E+00      0.000000000E+00
    991      1.000000000E+01      9.202380011E+03      0.000000000E+00      0.000000000E+00
    992      1.000000000E+01      9.212380011E+03      0.000000000E+00      0.000000000E+00
    993      1.000000000E+01      9.222380011E+03      0.000000000E+00      0.000000000E+00
    994      1.000000000E+01      9.232380011E+03      0.000000000E+00      0.000000000E+00
    995      1.000000000E+01      9.242380011E+03      0.000000000E+00      0.000000000E+00
    996      1.000000000E+01      9.252380011E+03      0.000000000E+00      0.000000000E+00
    997      1.000000000E+01      9.262380011E+03      0.000000000E+00      0.000000000E+00
    998      1.000000000E+01      9.272380011E+03      0.000000000E+00      0.000000000E+00
    999      1.000000000E+01      9.282380011E+03      0.000000000E+00      0.000000000E+00
   1000      1.000000000E+01      9.292380011E+03      0.000000000E+00      0.000000000E+00
   1001      1.000000000E+01      9.302380011E+03      0.000000000E+00      0.000000000E+00
   1002      1.000000000E+01      9.312380011E+03      0.000000000E+00      0.000000000E+00
   1003      1.000000000E+01      9.322380011E+03      0.000000000E+00      0.000000000E+00
   1004      1.000000000E+01      9.332380011E+03      0.000000000E+00      0.000000000E+00
   1005      1.000000000E+01      9.342380011E+03      0.000000000E+00      0.000000000E+00
   1006      1.000000000E+01      9.352380011E+03      0.000000000E+00      0.000000000E+00
   1007      1.000000000E+01      9.362380011E+03      0.000000000E+00      0.000000000E+00
   1008      1.000000000E+01      9.372380011E+03      0.000000000E+00      0.000000000E+00
   1009      1.000000000E+01      9.382380011E+03      0.000000000E+00      0.000000000E+00
   1010      1.000000000E+01      9.392380011E+03      0.000000000E+00      0.000000000E+00
   1011      1.000000000E+01      9.402380011E+03      0.000000000E+00      0.000000000E+00
   1012      1.000000000E+01      9.412380011E+03      0.000000000E+00      0.000000000E+00
   1013      1.000000000E+01      9.422380011E+03      0.000000000E+00      0.000000000E+00
   1014      1.000000000E+01      9.432380011E+03      0.000000000E+00      0.000000000E+00
   1015      1.000000000E+01      9.442380011E+03      0.000000000E+00      0.000000000E+00
   1016      1.000000000E+01      9.452380011E+03      0.000000000E+00      0.000000000E+00
   1017      1.000000000E+01      9.462380011E+03      0.000000000E+00      0.000000000E+00
   1018      1.000000000E+01      9.472380011E+03      0.000000000E+00      0.000000000E+00
   1019      1.000000000E+01      9.482380011E+03      0.000000000E+00      0.000000000E+00
   1020      1.000000000E+01      9.492380011E+03      0.000000000E+00      0.000000000E+00
   1021      1.000000000E+01      9.502380011E+03      0.000000000E+00      0.000000000E+00
   1022      1.000000000E+01      9.512380011E+03      0.000000000E+00      0.000000000E+00
   1023      1.000000000E+01      9.522380011E+03      0.000000000E+00      0.000000000E+00
   1024      1.000000000E+01      9.532380011E+03      0.000000000E+00      0.000000000E+00
   1025      1.000000000E+01      9.542380011E+03      0.000000000E+00      0.000000000E+00
   1026      1.000000000E+01      9.552380011E+03      0.000000000E+00      0.000000000E+00
   1027      1.000000000E+01      9.562380011E+03      0.000000000E+00      0.000000000E+00
   1028      1.000000000E+01      9.572380011E+03      0.000000000E+00      0.000000000E+00
   1029      1.000000000E+01      9.582380011E+03      0.000000000E+00      0.000000000E+00
   1030      8.809994635E+00      9.591190005E+03      0.000000000E+00      0.000000000E+00
   1031      8.809994635E+00      9.600000000E+03      0.000000000E+00      0.000000000E+00
