#TIME      <--- WTDEPTH(NODVP(I)), I=1,2,...,NUMVP --->
   1.000000E-02   3.350002E-01
   1.500000E-02   3.350001E-01
   2.050000E-02   3.350002E-01
   2.655000E-02   3.350003E-01
   3.320500E-02   3.350004E-01
   4.052550E-02   3.350005E-01
   4.857805E-02   3.350006E-01
   5.743586E-02   3.350007E-01
   6.717944E-02   3.350008E-01
   7.789738E-02   3.350009E-01
   8.968712E-02   3.350011E-01
   1.026558E-01   3.350013E-01
   1.169214E-01   3.350014E-01
   1.326136E-01   3.350016E-01
   1.498749E-01   3.350019E-01
   1.688624E-01   3.350021E-01
   1.897486E-01   3.350024E-01
   2.127235E-01   3.350027E-01
   2.379959E-01   3.350030E-01
   2.657955E-01   3.350033E-01
   2.963750E-01   3.350037E-01
   3.300125E-01   3.350041E-01
   3.670137E-01   3.350046E-01
   4.077151E-01   3.350051E-01
   4.524866E-01   3.350057E-01
   5.017353E-01   3.350063E-01
   5.559088E-01   3.350070E-01
   6.154997E-01   3.350078E-01
   6.810497E-01   3.350086E-01
   7.531546E-01   3.350095E-01
   8.324701E-01   3.350105E-01
   9.197171E-01   3.350116E-01
   1.015689E+00   3.350128E-01
   1.121258E+00   3.350142E-01
   1.237383E+00   3.350156E-01
   1.365122E+00   3.350173E-01
   1.505634E+00   3.350190E-01
   1.660197E+00   3.350210E-01
   1.830217E+00   3.350232E-01
   2.017239E+00   3.350255E-01
   2.222963E+00   3.350281E-01
   2.449259E+00   3.350310E-01
   2.698185E+00   3.350341E-01
   2.972003E+00   3.350376E-01
   3.273204E+00   3.350414E-01
   3.604524E+00   3.350456E-01
   3.968977E+00   3.350502E-01
   4.369874E+00   3.350553E-01
   4.810862E+00   3.350608E-01
   5.295948E+00   3.350669E-01
   5.829543E+00   3.350737E-01
   6.416497E+00   3.350811E-01
   7.062147E+00   3.350892E-01
   7.772361E+00   3.350981E-01
   8.553597E+00   3.351079E-01
   9.412957E+00   3.351187E-01
   1.035825E+01   3.351305E-01
   1.139808E+01   3.351436E-01
   1.254189E+01   3.351578E-01
   1.380007E+01   3.351735E-01
   1.518408E+01   3.351908E-01
   1.670649E+01   3.352097E-01
   1.838114E+01   3.352305E-01
   2.022325E+01   3.352532E-01
   2.224958E+01   3.352782E-01
   2.447854E+01   3.353056E-01
   2.693039E+01   3.353357E-01
   2.962743E+01   3.353686E-01
   3.259417E+01   3.354046E-01
   3.585759E+01   3.354441E-01
   3.944735E+01   3.354873E-01
   4.339608E+01   3.355345E-01
   4.773969E+01   3.355861E-01
   5.251766E+01   3.356424E-01
   5.777343E+01   3.357038E-01
   6.355477E+01   3.357707E-01
   6.991425E+01   3.358433E-01
   7.690967E+01   3.359222E-01
   8.460464E+01   3.360075E-01
   9.306910E+01   3.360994E-01
   1.023800E+02   3.361981E-01
   1.123800E+02   3.362983E-01
   1.223800E+02   3.363847E-01
   1.323800E+02   3.364683E-01
   1.423800E+02   3.365492E-01
   1.523800E+02   3.366273E-01
   1.623800E+02   3.367027E-01
   1.723800E+02   3.367755E-01
   1.823800E+02   3.368457E-01
   1.923800E+02   3.369135E-01
   2.023800E+02   3.369789E-01
   2.123800E+02   3.370419E-01
   2.223800E+02   3.371030E-01
   2.323800E+02   3.371617E-01
   2.423800E+02   3.372184E-01
   2.523800E+02   3.372730E-01
   2.623800E+02   3.373257E-01
   2.723800E+02   3.373764E-01
   2.823800E+02   3.374254E-01
   2.923800E+02   3.374726E-01
   3.023800E+02   3.375181E-01
   3.123800E+02   3.375619E-01
   3.223800E+02   3.376042E-01
   3.323800E+02   3.376449E-01
   3.423800E+02   3.376842E-01
   3.523800E+02   3.377220E-01
   3.623800E+02   3.377585E-01
   3.723800E+02   3.377937E-01
   3.823800E+02   3.378276E-01
   3.923800E+02   3.378602E-01
   4.023800E+02   3.378917E-01
   4.123800E+02   3.379220E-01
   4.223800E+02   3.379513E-01
   4.323800E+02   3.379795E-01
   4.423800E+02   3.380066E-01
   4.523800E+02   3.380328E-01
   4.623800E+02   3.380580E-01
   4.723800E+02   3.380824E-01
   4.823800E+02   3.381058E-01
   4.923800E+02   3.381284E-01
   5.023800E+02   3.381501E-01
   5.123800E+02   3.381711E-01
   5.223800E+02   3.381913E-01
   5.323800E+02   3.382108E-01
   5.423800E+02   3.382296E-01
   5.523800E+02   3.382477E-01
   5.623800E+02   3.382651E-01
   5.723800E+02   3.382819E-01
   5.823800E+02   3.382981E-01
   5.923800E+02   3.383137E-01
   6.023800E+02   3.383287E-01
   6.123800E+02   3.383432E-01
   6.223800E+02   3.383571E-01
   6.323800E+02   3.383706E-01
   6.423800E+02   3.383835E-01
   6.523800E+02   3.383960E-01
   6.623800E+02   3.384080E-01
   6.723800E+02   3.384196E-01
   6.823800E+02   3.384308E-01
   6.923800E+02   3.384415E-01
   7.023800E+02   3.384519E-01
   7.123800E+02   3.384619E-01
   7.223800E+02   3.384715E-01
   7.323800E+02   3.384808E-01
   7.423800E+02   3.384897E-01
   7.523800E+02   3.384983E-01
   7.623800E+02   3.385066E-01
   7.723800E+02   3.385146E-01
   7.823800E+02   3.385223E-01
   7.923800E+02   3.385297E-01
   8.023800E+02   3.385368E-01
   8.123800E+02   3.385437E-01
   8.223800E+02   3.385503E-01
   8.323800E+02   3.385567E-01
   8.423800E+02   3.385628E-01
   8.523800E+02   3.385688E-01
   8.623800E+02   3.385745E-01
   8.723800E+02   3.385800E-01
   8.823800E+02   3.385852E-01
   8.923800E+02   3.385903E-01
   9.023800E+02   3.385952E-01
   9.123800E+02   3.386000E-01
   9.223800E+02   3.386045E-01
   9.323800E+02   3.386089E-01
   9.423800E+02   3.386131E-01
   9.523800E+02   3.386172E-01
   9.623800E+02   3.386211E-01
   9.723800E+02   3.386249E-01
   9.823800E+02   3.386285E-01
   9.923800E+02   3.386320E-01
   1.002380E+03   3.386353E-01
   1.012380E+03   3.386386E-01
   1.022380E+03   3.386417E-01
   1.032380E+03   3.386447E-01
   1.042380E+03   3.386476E-01
   1.052380E+03   3.386504E-01
   1.062380E+03   3.386530E-01
   1.072380E+03   3.386556E-01
   1.082380E+03   3.386581E-01
   1.092380E+03   3.386605E-01
   1.102380E+03   3.386628E-01
   1.112380E+03   3.386650E-01
   1.122380E+03   3.386671E-01
   1.132380E+03   3.386692E-01
   1.142380E+03   3.386711E-01
   1.152380E+03   3.386730E-01
   1.162380E+03   3.386748E-01
   1.172380E+03   3.386766E-01
   1.182380E+03   3.386783E-01
   1.192380E+03   3.386799E-01
   1.202380E+03   3.386815E-01
   1.212380E+03   3.386830E-01
   1.222380E+03   3.386844E-01
   1.232380E+03   3.386858E-01
   1.242380E+03   3.386871E-01
   1.252380E+03   3.386884E-01
   1.262380E+03   3.386896E-01
   1.272380E+03   3.386908E-01
   1.282380E+03   3.386920E-01
   1.292380E+03   3.386931E-01
   1.302380E+03   3.386941E-01
   1.312380E+03   3.386951E-01
   1.322380E+03   3.386961E-01
   1.332380E+03   3.386970E-01
   1.342380E+03   3.386979E-01
   1.352380E+03   3.386988E-01
   1.362380E+03   3.386996E-01
   1.372380E+03   3.387004E-01
   1.382380E+03   3.387011E-01
   1.392380E+03   3.387019E-01
   1.402380E+03   3.387026E-01
   1.412380E+03   3.387032E-01
   1.422380E+03   3.387039E-01
   1.432380E+03   3.387045E-01
   1.442380E+03   3.387051E-01
   1.452380E+03   3.387057E-01
   1.462380E+03   3.387062E-01
   1.472380E+03   3.387067E-01
   1.482380E+03   3.387072E-01
   1.492380E+03   3.387077E-01
   1.502380E+03   3.387082E-01
   1.512380E+03   3.387086E-01
   1.522380E+03   3.387090E-01
   1.532380E+03   3.387094E-01
   1.542380E+03   3.387098E-01
   1.552380E+03   3.387102E-01
   1.562380E+03   3.387105E-01
   1.572380E+03   3.387109E-01
   1.582380E+03   3.387112E-01
   1.592380E+03   3.387115E-01
   1.602380E+03   3.387118E-01
   1.612380E+03   3.387120E-01
   1.622380E+03   3.387123E-01
   1.632380E+03   3.387126E-01
   1.642380E+03   3.387128E-01
   1.652380E+03   3.387130E-01
   1.662380E+03   3.387132E-01
   1.672380E+03   3.387134E-01
   1.682380E+03   3.387136E-01
   1.692380E+03   3.387138E-01
   1.702380E+03   3.387140E-01
   1.712380E+03   3.387142E-01
   1.722380E+03   3.387143E-01
   1.732380E+03   3.387145E-01
   1.742380E+03   3.387146E-01
   1.752380E+03   3.387147E-01
   1.762380E+03   3.387149E-01
   1.772380E+03   3.387150E-01
   1.782380E+03   3.387151E-01
   1.792380E+03   3.387152E-01
   1.802380E+03   3.387153E-01
   1.812380E+03   3.387154E-01
   1.822380E+03   3.387155E-01
   1.832380E+03   3.387155E-01
   1.842380E+03   3.387156E-01
   1.852380E+03   3.387157E-01
   1.862380E+03   3.387157E-01
   1.872380E+03   3.387158E-01
   1.882380E+03   3.387158E-01
   1.892380E+03   3.387159E-01
   1.902380E+03   3.387159E-01
   1.912380E+03   3.387159E-01
   1.922380E+03   3.387160E-01
   1.932380E+03   3.387160E-01
   1.942380E+03   3.387160E-01
   1.952380E+03   3.387160E-01
   1.962380E+03   3.387161E-01
   1.972380E+03   3.387161E-01
   1.982380E+03   3.387161E-01
   1.992380E+03   3.387161E-01
   2.002380E+03   3.387161E-01
   2.012380E+03   3.387161E-01
   2.022380E+03   3.387161E-01
   2.032380E+03   3.387161E-01
   2.042380E+03   3.387161E-01
   2.052380E+03   3.387160E-01
   2.062380E+03   3.387160E-01
   2.072380E+03   3.387160E-01
   2.082380E+03   3.387160E-01
   2.092380E+03   3.387160E-01
   2.102380E+03   3.387159E-01
   2.112380E+03   3.387159E-01
   2.122380E+03   3.387159E-01
   2.132380E+03   3.387159E-01
   2.142380E+03   3.387158E-01
   2.152380E+03   3.387158E-01
   2.162380E+03   3.387158E-01
   2.172380E+03   3.387157E-01
   2.182380E+03   3.387157E-01
   2.192380E+03   3.387156E-01
   2.202380E+03   3.387156E-01
   2.212380E+03   3.387156E-01
   2.222380E+03   3.387155E-01
   2.232380E+03   3.387155E-01
   2.242380E+03   3.387154E-01
   2.252380E+03   3.387154E-01
   2.262380E+03   3.387153E-01
   2.272380E+03   3.387153E-01
   2.282380E+03   3.387152E-01
   2.292380E+03   3.387152E-01
   2.302380E+03   3.387151E-01
   2.312380E+03   3.387150E-01
   2.322380E+03   3.387150E-01
   2.332380E+03   3.387149E-01
   2.342380E+03   3.387149E-01
   2.352380E+03   3.387148E-01
   2.362380E+03   3.387147E-01
   2.372380E+03   3.387147E-01
   2.382380E+03   3.387146E-01
   2.392380E+03   3.387146E-01
   2.402380E+03   3.387145E-01
   2.412380E+03   3.387144E-01
   2.422380E+03   3.387144E-01
   2.432380E+03   3.387143E-01
   2.442380E+03   3.387142E-01
   2.452380E+03   3.387142E-01
   2.462380E+03   3.387141E-01
   2.472380E+03   3.387140E-01
   2.482380E+03   3.387140E-01
   2.492380E+03   3.387139E-01
   2.502380E+03   3.387138E-01
   2.512380E+03   3.387137E-01
   2.522380E+03   3.387137E-01
   2.532380E+03   3.387136E-01
   2.542380E+03   3.387135E-01
   2.552380E+03   3.387135E-01
   2.562380E+03   3.387134E-01
   2.572380E+03   3.387133E-01
   2.582380E+03   3.387132E-01
   2.592380E+03   3.387132E-01
   2.602380E+03   3.387131E-01
   2.612380E+03   3.387130E-01
   2.622380E+03   3.387129E-01
   2.632380E+03   3.387129E-01
   2.642380E+03   3.387128E-01
   2.652380E+03   3.387127E-01
   2.662380E+03   3.387126E-01
   2.672380E+03   3.387126E-01
   2.682380E+03   3.387125E-01
   2.692380E+03   3.387124E-01
   2.702380E+03   3.387123E-01
   2.712380E+03   3.387123E-01
   2.722380E+03   3.387122E-01
   2.732380E+03   3.387121E-01
   2.742380E+03   3.387120E-01
   2.752380E+03   3.387119E-01
   2.762380E+03   3.387119E-01
   2.772380E+03   3.387118E-01
   2.782380E+03   3.387117E-01
   2.792380E+03   3.387116E-01
   2.802380E+03   3.387116E-01
   2.812380E+03   3.387115E-01
   2.822380E+03   3.387114E-01
   2.832380E+03   3.387113E-01
   2.842380E+03   3.387112E-01
   2.852380E+03   3.387112E-01
   2.862380E+03   3.387111E-01
   2.872380E+03   3.387110E-01
   2.882380E+03   3.387109E-01
   2.892380E+03   3.387108E-01
   2.902380E+03   3.387108E-01
   2.912380E+03   3.387107E-01
   2.922380E+03   3.387106E-01
   2.932380E+03   3.387105E-01
   2.942380E+03   3.387104E-01
   2.952380E+03   3.387104E-01
   2.962380E+03   3.387103E-01
   2.972380E+03   3.387102E-01
   2.982380E+03   3.387101E-01
   2.992380E+03   3.387100E-01
   3.002380E+03   3.387099E-01
   3.012380E+03   3.387099E-01
   3.022380E+03   3.387098E-01
   3.032380E+03   3.387097E-01
   3.042380E+03   3.387096E-01
   3.052380E+03   3.387095E-01
   3.062380E+03   3.387095E-01
   3.072380E+03   3.387094E-01
   3.082380E+03   3.387093E-01
   3.092380E+03   3.387092E-01
   3.102380E+03   3.387091E-01
   3.112380E+03   3.387090E-01
   3.122380E+03   3.387090E-01
   3.132380E+03   3.387089E-01
   3.142380E+03   3.387088E-01
   3.152380E+03   3.387087E-01
   3.162380E+03   3.387086E-01
   3.172380E+03   3.387086E-01
   3.182380E+03   3.387085E-01
   3.192380E+03   3.387084E-01
   3.202380E+03   3.387083E-01
   3.212380E+03   3.387082E-01
   3.222380E+03   3.387081E-01
   3.232380E+03   3.387081E-01
   3.242380E+03   3.387080E-01
   3.252380E+03   3.387079E-01
   3.262380E+03   3.387078E-01
   3.272380E+03   3.387077E-01
   3.282380E+03   3.387076E-01
   3.292380E+03   3.387076E-01
   3.302380E+03   3.387075E-01
   3.312380E+03   3.387074E-01
   3.322380E+03   3.387073E-01
   3.332380E+03   3.387072E-01
   3.342380E+03   3.387072E-01
   3.352380E+03   3.387071E-01
   3.362380E+03   3.387070E-01
   3.372380E+03   3.387069E-01
   3.382380E+03   3.387068E-01
   3.392380E+03   3.387067E-01
   3.402380E+03   3.387067E-01
   3.412380E+03   3.387066E-01
   3.422380E+03   3.387065E-01
   3.432380E+03   3.387064E-01
   3.442380E+03   3.387063E-01
   3.452380E+03   3.387062E-01
   3.462380E+03   3.387062E-01
   3.472380E+03   3.387061E-01
   3.482380E+03   3.387060E-01
   3.492380E+03   3.387059E-01
   3.502380E+03   3.387058E-01
   3.512380E+03   3.387057E-01
   3.522380E+03   3.387057E-01
   3.532380E+03   3.387056E-01
   3.542380E+03   3.387055E-01
   3.552380E+03   3.387054E-01
   3.562380E+03   3.387053E-01
   3.572380E+03   3.387052E-01
   3.582380E+03   3.387052E-01
   3.592380E+03   3.387051E-01
   3.602380E+03   3.387050E-01
   3.612380E+03   3.387049E-01
   3.622380E+03   3.387048E-01
   3.632380E+03   3.387047E-01
   3.642380E+03   3.387047E-01
   3.652380E+03   3.387046E-01
   3.662380E+03   3.387045E-01
   3.672380E+03   3.387044E-01
   3.682380E+03   3.387043E-01
   3.692380E+03   3.387042E-01
   3.702380E+03   3.387042E-01
   3.712380E+03   3.387041E-01
   3.722380E+03   3.387040E-01
   3.732380E+03   3.387039E-01
   3.742380E+03   3.387038E-01
   3.752380E+03   3.387037E-01
   3.762380E+03   3.387037E-01
   3.772380E+03   3.387036E-01
   3.782380E+03   3.387035E-01
   3.792380E+03   3.387034E-01
   3.802380E+03   3.387033E-01
   3.812380E+03   3.387033E-01
   3.822380E+03   3.387032E-01
   3.832380E+03   3.387031E-01
   3.842380E+03   3.387030E-01
   3.852380E+03   3.387029E-01
   3.862380E+03   3.387028E-01
   3.872380E+03   3.387028E-01
   3.882380E+03   3.387027E-01
   3.892380E+03   3.387026E-01
   3.902380E+03   3.387025E-01
   3.912380E+03   3.387024E-01
   3.922380E+03   3.387023E-01
   3.932380E+03   3.387023E-01
   3.942380E+03   3.387022E-01
   3.952380E+03   3.387021E-01
   3.962380E+03   3.387020E-01
   3.972380E+03   3.387019E-01
   3.982380E+03   3.387018E-01
   3.992380E+03   3.387018E-01
   4.002380E+03   3.387017E-01
   4.012380E+03   3.387016E-01
   4.022380E+03   3.387015E-01
   4.032380E+03   3.387014E-01
   4.042380E+03   3.387013E-01
   4.052380E+03   3.387013E-01
   4.062380E+03   3.387012E-01
   4.072380E+03   3.387011E-01
   4.082380E+03   3.387010E-01
   4.092380E+03   3.387009E-01
   4.102380E+03   3.387008E-01
   4.112380E+03   3.387008E-01
   4.122380E+03   3.387007E-01
   4.132380E+03   3.387006E-01
   4.142380E+03   3.387005E-01
   4.152380E+03   3.387004E-01
   4.162380E+03   3.387003E-01
   4.172380E+03   3.387003E-01
   4.182380E+03   3.387002E-01
   4.192380E+03   3.387001E-01
   4.202380E+03   3.387000E-01
   4.212380E+03   3.386999E-01
   4.222380E+03   3.386999E-01
   4.232380E+03   3.386998E-01
   4.242380E+03   3.386997E-01
   4.252380E+03   3.386996E-01
   4.262380E+03   3.386995E-01
   4.272380E+03   3.386994E-01
   4.282380E+03   3.386994E-01
   4.292380E+03   3.386993E-01
   4.302380E+03   3.386992E-01
   4.312380E+03   3.386991E-01
   4.322380E+03   3.386990E-01
   4.332380E+03   3.386989E-01
   4.342380E+03   3.386989E-01
   4.352380E+03   3.386988E-01
   4.362380E+03   3.386987E-01
   4.372380E+03   3.386986E-01
   4.382380E+03   3.386985E-01
   4.392380E+03   3.386984E-01
   4.402380E+03   3.386984E-01
   4.412380E+03   3.386983E-01
   4.422380E+03   3.386982E-01
   4.432380E+03   3.386981E-01
   4.442380E+03   3.386980E-01
   4.452380E+03   3.386979E-01
   4.462380E+03   3.386979E-01
   4.472380E+03   3.386978E-01
   4.482380E+03   3.386977E-01
   4.492380E+03   3.386976E-01
   4.502380E+03   3.386975E-01
   4.512380E+03   3.386975E-01
   4.522380E+03   3.386974E-01
   4.532380E+03   3.386973E-01
   4.542380E+03   3.386972E-01
   4.552380E+03   3.386971E-01
   4.562380E+03   3.386970E-01
   4.572380E+03   3.386970E-01
   4.582380E+03   3.386969E-01
   4.592380E+03   3.386968E-01
   4.602380E+03   3.386967E-01
   4.612380E+03   3.386966E-01
   4.622380E+03   3.386966E-01
   4.632380E+03   3.386965E-01
   4.642380E+03   3.386964E-01
   4.652380E+03   3.386963E-01
   4.662380E+03   3.386962E-01
   4.672380E+03   3.386961E-01
   4.682380E+03   3.386961E-01
   4.692380E+03   3.386960E-01
   4.702380E+03   3.386959E-01
   4.712380E+03   3.386958E-01
   4.722380E+03   3.386957E-01
   4.732380E+03   3.386957E-01
   4.742380E+03   3.386956E-01
   4.752380E+03   3.386955E-01
   4.762380E+03   3.386954E-01
   4.772380E+03   3.386953E-01
   4.782380E+03   3.386952E-01
   4.792380E+03   3.386952E-01
   4.802380E+03   3.386951E-01
   4.812380E+03   3.386950E-01
   4.822380E+03   3.386949E-01
   4.832380E+03   3.386948E-01
   4.842380E+03   3.386948E-01
   4.852380E+03   3.386947E-01
   4.862380E+03   3.386946E-01
   4.872380E+03   3.386945E-01
   4.882380E+03   3.386944E-01
   4.892380E+03   3.386943E-01
   4.902380E+03   3.386943E-01
   4.912380E+03   3.386942E-01
   4.922380E+03   3.386941E-01
   4.932380E+03   3.386940E-01
   4.942380E+03   3.386939E-01
   4.952380E+03   3.386939E-01
   4.962380E+03   3.386938E-01
   4.972380E+03   3.386937E-01
   4.982380E+03   3.386936E-01
   4.992380E+03   3.386935E-01
   5.002380E+03   3.386934E-01
   5.012380E+03   3.386934E-01
   5.022380E+03   3.386933E-01
   5.032380E+03   3.386932E-01
   5.042380E+03   3.386931E-01
   5.052380E+03   3.386930E-01
   5.062380E+03   3.386930E-01
   5.072380E+03   3.386929E-01
   5.082380E+03   3.386928E-01
   5.092380E+03   3.386927E-01
   5.102380E+03   3.386926E-01
   5.112380E+03   3.386925E-01
   5.122380E+03   3.386925E-01
   5.132380E+03   3.386924E-01
   5.142380E+03   3.386923E-01
   5.152380E+03   3.386922E-01
   5.162380E+03   3.386921E-01
   5.172380E+03   3.386920E-01
   5.182380E+03   3.386920E-01
   5.192380E+03   3.386919E-01
   5.202380E+03   3.386918E-01
   5.212380E+03   3.386917E-01
   5.222380E+03   3.386916E-01
   5.232380E+03   3.386915E-01
   5.242380E+03   3.386915E-01
   5.252380E+03   3.386914E-01
   5.262380E+03   3.386913E-01
   5.272380E+03   3.386912E-01
   5.282380E+03   3.386911E-01
   5.292380E+03   3.386911E-01
   5.302380E+03   3.386910E-01
   5.312380E+03   3.386909E-01
   5.322380E+03   3.386908E-01
   5.332380E+03   3.386907E-01
   5.342380E+03   3.386906E-01
   5.352380E+03   3.386906E-01
   5.362380E+03   3.386905E-01
   5.372380E+03   3.386904E-01
   5.382380E+03   3.386903E-01
   5.392380E+03   3.386902E-01
   5.402380E+03   3.386901E-01
   5.412380E+03   3.386901E-01
   5.422380E+03   3.386900E-01
   5.432380E+03   3.386899E-01
   5.442380E+03   3.386898E-01
   5.452380E+03   3.386897E-01
   5.462380E+03   3.386896E-01
   5.472380E+03   3.386896E-01
   5.482380E+03   3.386895E-01
   5.492380E+03   3.386894E-01
   5.502380E+03   3.386893E-01
   5.512380E+03   3.386892E-01
   5.522380E+03   3.386891E-01
   5.532380E+03   3.386891E-01
   5.542380E+03   3.386890E-01
   5.552380E+03   3.386889E-01
   5.562380E+03   3.386888E-01
   5.572380E+03   3.386887E-01
   5.582380E+03   3.386887E-01
   5.592380E+03   3.386886E-01
   5.602380E+03   3.386885E-01
   5.612380E+03   3.386884E-01
   5.622380E+03   3.386883E-01
   5.632380E+03   3.386882E-01
   5.642380E+03   3.386882E-01
   5.652380E+03   3.386881E-01
   5.662380E+03   3.386880E-01
   5.672380E+03   3.386879E-01
   5.682380E+03   3.386878E-01
   5.692380E+03   3.386877E-01
   5.702380E+03   3.386877E-01
   5.712380E+03   3.386876E-01
   5.722380E+03   3.386875E-01
   5.732380E+03   3.386874E-01
   5.742380E+03   3.386873E-01
   5.752380E+03   3.386872E-01
   5.762380E+03   3.386872E-01
   5.772380E+03   3.386871E-01
   5.782380E+03   3.386870E-01
   5.792380E+03   3.386869E-01
   5.802380E+03   3.386868E-01
   5.812380E+03   3.386867E-01
   5.822380E+03   3.386867E-01
   5.832380E+03   3.386866E-01
   5.842380E+03   3.386865E-01
   5.852380E+03   3.386864E-01
   5.862380E+03   3.386863E-01
   5.872380E+03   3.386862E-01
   5.882380E+03   3.386862E-01
   5.892380E+03   3.386861E-01
   5.902380E+03   3.386860E-01
   5.912380E+03   3.386859E-01
   5.922380E+03   3.386858E-01
   5.932380E+03   3.386857E-01
   5.942380E+03   3.386857E-01
   5.952380E+03   3.386856E-01
   5.962380E+03   3.386855E-01
   5.972380E+03   3.386854E-01
   5.982380E+03   3.386853E-01
   5.992380E+03   3.386852E-01
   6.002380E+03   3.386852E-01
   6.012380E+03   3.386851E-01
   6.022380E+03   3.386850E-01
   6.032380E+03   3.386849E-01
   6.042380E+03   3.386848E-01
   6.052380E+03   3.386848E-01
   6.062380E+03   3.386847E-01
   6.072380E+03   3.386846E-01
   6.082380E+03   3.386845E-01
   6.092380E+03   3.386844E-01
   6.102380E+03   3.386843E-01
   6.112380E+03   3.386843E-01
   6.122380E+03   3.386842E-01
   6.132380E+03   3.386841E-01
   6.142380E+03   3.386840E-01
   6.152380E+03   3.386839E-01
   6.162380E+03   3.386838E-01
   6.172380E+03   3.386838E-01
   6.182380E+03   3.386837E-01
   6.192380E+03   3.386836E-01
   6.202380E+03   3.386835E-01
   6.212380E+03   3.386834E-01
   6.222380E+03   3.386833E-01
   6.232380E+03   3.386833E-01
   6.242380E+03   3.386832E-01
   6.252380E+03   3.386831E-01
   6.262380E+03   3.386830E-01
   6.272380E+03   3.386829E-01
   6.282380E+03   3.386828E-01
   6.292380E+03   3.386828E-01
   6.302380E+03   3.386827E-01
   6.312380E+03   3.386826E-01
   6.322380E+03   3.386825E-01
   6.332380E+03   3.386824E-01
   6.342380E+03   3.386823E-01
   6.352380E+03   3.386823E-01
   6.362380E+03   3.386822E-01
   6.372380E+03   3.386821E-01
   6.382380E+03   3.386820E-01
   6.392380E+03   3.386819E-01
   6.402380E+03   3.386818E-01
   6.412380E+03   3.386818E-01
   6.422380E+03   3.386817E-01
   6.432380E+03   3.386816E-01
   6.442380E+03   3.386815E-01
   6.452380E+03   3.386814E-01
   6.462380E+03   3.386814E-01
   6.472380E+03   3.386813E-01
   6.482380E+03   3.386812E-01
   6.492380E+03   3.386811E-01
   6.502380E+03   3.386810E-01
   6.512380E+03   3.386809E-01
   6.522380E+03   3.386809E-01
   6.532380E+03   3.386808E-01
   6.542380E+03   3.386807E-01
   6.552380E+03   3.386806E-01
   6.562380E+03   3.386805E-01
   6.572380E+03   3.386804E-01
   6.582380E+03   3.386804E-01
   6.592380E+03   3.386803E-01
   6.602380E+03   3.386802E-01
   6.612380E+03   3.386801E-01
   6.622380E+03   3.386800E-01
   6.632380E+03   3.386799E-01
   6.642380E+03   3.386799E-01
   6.652380E+03   3.386798E-01
   6.662380E+03   3.386797E-01
   6.672380E+03   3.386796E-01
   6.682380E+03   3.386795E-01
   6.692380E+03   3.386795E-01
   6.702380E+03   3.386794E-01
   6.712380E+03   3.386793E-01
   6.722380E+03   3.386792E-01
   6.732380E+03   3.386791E-01
   6.742380E+03   3.386790E-01
   6.752380E+03   3.386790E-01
   6.762380E+03   3.386789E-01
   6.772380E+03   3.386788E-01
   6.782380E+03   3.386787E-01
   6.792380E+03   3.386786E-01
   6.802380E+03   3.386786E-01
   6.812380E+03   3.386785E-01
   6.822380E+03   3.386784E-01
   6.832380E+03   3.386783E-01
   6.842380E+03   3.386782E-01
   6.852380E+03   3.386781E-01
   6.862380E+03   3.386781E-01
   6.872380E+03   3.386780E-01
   6.882380E+03   3.386779E-01
   6.892380E+03   3.386778E-01
   6.902380E+03   3.386777E-01
   6.912380E+03   3.386777E-01
   6.922380E+03   3.386776E-01
   6.932380E+03   3.386775E-01
   6.942380E+03   3.386774E-01
   6.952380E+03   3.386773E-01
   6.962380E+03   3.386773E-01
   6.972380E+03   3.386772E-01
   6.982380E+03   3.386771E-01
   6.992380E+03   3.386770E-01
   7.002380E+03   3.386769E-01
   7.012380E+03   3.386769E-01
   7.022380E+03   3.386768E-01
   7.032380E+03   3.386767E-01
   7.042380E+03   3.386766E-01
   7.052380E+03   3.386765E-01
   7.062380E+03   3.386765E-01
   7.072380E+03   3.386764E-01
   7.082380E+03   3.386763E-01
   7.092380E+03   3.386762E-01
   7.102380E+03   3.386762E-01
   7.112380E+03   3.386761E-01
   7.122380E+03   3.386760E-01
   7.132380E+03   3.386759E-01
   7.142380E+03   3.386758E-01
   7.152380E+03   3.386758E-01
   7.162380E+03   3.386757E-01
   7.172380E+03   3.386756E-01
   7.182380E+03   3.386755E-01
   7.192380E+03   3.386754E-01
   7.202380E+03   3.386754E-01
   7.212380E+03   3.386753E-01
   7.222380E+03   3.386752E-01
   7.232380E+03   3.386751E-01
   7.242380E+03   3.386751E-01
   7.252380E+03   3.386750E-01
   7.262380E+03   3.386749E-01
   7.272380E+03   3.386748E-01
   7.282380E+03   3.386747E-01
   7.292380E+03   3.386747E-01
   7.302380E+03   3.386746E-01
   7.312380E+03   3.386745E-01
   7.322380E+03   3.386744E-01
   7.332380E+03   3.386744E-01
   7.342380E+03   3.386743E-01
   7.352380E+03   3.386742E-01
   7.362380E+03   3.386741E-01
   7.372380E+03   3.386741E-01
   7.382380E+03   3.386740E-01
   7.392380E+03   3.386739E-01
   7.402380E+03   3.386738E-01
   7.412380E+03   3.386737E-01
   7.422380E+03   3.386737E-01
   7.432380E+03   3.386736E-01
   7.442380E+03   3.386735E-01
   7.452380E+03   3.386734E-01
   7.462380E+03   3.386734E-01
   7.472380E+03   3.386733E-01
   7.482380E+03   3.386732E-01
   7.492380E+03   3.386731E-01
   7.502380E+03   3.386730E-01
   7.512380E+03   3.386730E-01
   7.522380E+03   3.386729E-01
   7.532380E+03   3.386728E-01
   7.542380E+03   3.386727E-01
   7.552380E+03   3.386727E-01
   7.562380E+03   3.386726E-01
   7.572380E+03   3.386725E-01
   7.582380E+03   3.386724E-01
   7.592380E+03   3.386724E-01
   7.602380E+03   3.386723E-01
   7.612380E+03   3.386722E-01
   7.622380E+03   3.386721E-01
   7.632380E+03   3.386721E-01
   7.642380E+03   3.386720E-01
   7.652380E+03   3.386719E-01
   7.662380E+03   3.386718E-01
   7.672380E+03   3.386717E-01
   7.682380E+03   3.386717E-01
   7.692380E+03   3.386716E-01
   7.702380E+03   3.386715E-01
   7.712380E+03   3.386714E-01
   7.722380E+03   3.386714E-01
   7.732380E+03   3.386713E-01
   7.742380E+03   3.386712E-01
   7.752380E+03   3.386711E-01
   7.762380E+03   3.386711E-01
   7.772380E+03   3.386710E-01
   7.782380E+03   3.386709E-01
   7.792380E+03   3.386708E-01
   7.802380E+03   3.386708E-01
   7.812380E+03   3.386707E-01
   7.822380E+03   3.386706E-01
   7.832380E+03   3.386705E-01
   7.842380E+03   3.386705E-01
   7.852380E+03   3.386704E-01
   7.862380E+03   3.386703E-01
   7.872380E+03   3.386702E-01
   7.882380E+03   3.386701E-01
   7.892380E+03   3.386701E-01
   7.902380E+03   3.386700E-01
   7.912380E+03   3.386699E-01
   7.922380E+03   3.386698E-01
   7.932380E+03   3.386698E-01
   7.942380E+03   3.386697E-01
   7.952380E+03   3.386696E-01
   7.962380E+03   3.386695E-01
   7.972380E+03   3.386695E-01
   7.982380E+03   3.386694E-01
   7.992380E+03   3.386693E-01
   8.002380E+03   3.386692E-01
   8.012380E+03   3.386692E-01
   8.022380E+03   3.386691E-01
   8.032380E+03   3.386690E-01
   8.042380E+03   3.386689E-01
   8.052380E+03   3.386689E-01
   8.062380E+03   3.386688E-01
   8.072380E+03   3.386687E-01
   8.082380E+03   3.386686E-01
   8.092380E+03   3.386686E-01
   8.102380E+03   3.386685E-01
   8.112380E+03   3.386684E-01
   8.122380E+03   3.386683E-01
   8.132380E+03   3.386683E-01
   8.142380E+03   3.386682E-01
   8.152380E+03   3.386681E-01
   8.162380E+03   3.386680E-01
   8.172380E+03   3.386680E-01
   8.182380E+03   3.386679E-01
   8.192380E+03   3.386678E-01
   8.202380E+03   3.386677E-01
   8.212380E+03   3.386677E-01
   8.222380E+03   3.386676E-01
   8.232380E+03   3.386675E-01
   8.242380E+03   3.386674E-01
   8.252380E+03   3.386674E-01
   8.262380E+03   3.386673E-01
   8.272380E+03   3.386672E-01
   8.282380E+03   3.386671E-01
   8.292380E+03   3.386671E-01
   8.302380E+03   3.386670E-01
   8.312380E+03   3.386669E-01
   8.322380E+03   3.386668E-01
   8.332380E+03   3.386668E-01
   8.342380E+03   3.386667E-01
   8.352380E+03   3.386666E-01
   8.362380E+03   3.386665E-01
   8.372380E+03   3.386664E-01
   8.382380E+03   3.386664E-01
   8.392380E+03   3.386663E-01
   8.402380E+03   3.386662E-01
   8.412380E+03   3.386661E-01
   8.422380E+03   3.386661E-01
   8.432380E+03   3.386660E-01
   8.442380E+03   3.386659E-01
   8.452380E+03   3.386658E-01
   8.462380E+03   3.386658E-01
   8.472380E+03   3.386657E-01
   8.482380E+03   3.386656E-01
   8.492380E+03   3.386655E-01
   8.502380E+03   3.386655E-01
   8.512380E+03   3.386654E-01
   8.522380E+03   3.386653E-01
   8.532380E+03   3.386652E-01
   8.542380E+03   3.386651E-01
   8.552380E+03   3.386651E-01
   8.562380E+03   3.386650E-01
   8.572380E+03   3.386649E-01
   8.582380E+03   3.386648E-01
   8.592380E+03   3.386648E-01
   8.602380E+03   3.386647E-01
   8.612380E+03   3.386646E-01
   8.622380E+03   3.386645E-01
   8.632380E+03   3.386644E-01
   8.642380E+03   3.386644E-01
   8.652380E+03   3.386643E-01
   8.662380E+03   3.386642E-01
   8.672380E+03   3.386641E-01
   8.682380E+03   3.386640E-01
   8.692380E+03   3.386640E-01
   8.702380E+03   3.386639E-01
   8.712380E+03   3.386638E-01
   8.722380E+03   3.386637E-01
   8.732380E+03   3.386636E-01
   8.742380E+03   3.386636E-01
   8.752380E+03   3.386635E-01
   8.762380E+03   3.386634E-01
   8.772380E+03   3.386633E-01
   8.782380E+03   3.386632E-01
   8.792380E+03   3.386632E-01
   8.802380E+03   3.386631E-01
   8.812380E+03   3.386630E-01
   8.822380E+03   3.386629E-01
   8.832380E+03   3.386628E-01
   8.842380E+03   3.386628E-01
   8.852380E+03   3.386627E-01
   8.862380E+03   3.386626E-01
   8.872380E+03   3.386625E-01
   8.882380E+03   3.386624E-01
   8.892380E+03   3.386623E-01
   8.902380E+03   3.386623E-01
   8.912380E+03   3.386622E-01
   8.922380E+03   3.386621E-01
   8.932380E+03   3.386620E-01
   8.942380E+03   3.386619E-01
   8.952380E+03   3.386618E-01
   8.962380E+03   3.386618E-01
   8.972380E+03   3.386617E-01
   8.982380E+03   3.386616E-01
   8.992380E+03   3.386615E-01
   9.002380E+03   3.386614E-01
   9.012380E+03   3.386614E-01
   9.022380E+03   3.386613E-01
   9.032380E+03   3.386612E-01
   9.042380E+03   3.386611E-01
   9.052380E+03   3.386610E-01
   9.062380E+03   3.386609E-01
   9.072380E+03   3.386609E-01
   9.082380E+03   3.386608E-01
   9.092380E+03   3.386607E-01
   9.102380E+03   3.386606E-01
   9.112380E+03   3.386605E-01
   9.122380E+03   3.386604E-01
   9.132380E+03   3.386604E-01
   9.142380E+03   3.386603E-01
   9.152380E+03   3.386602E-01
   9.162380E+03   3.386601E-01
   9.172380E+03   3.386600E-01
   9.182380E+03   3.386599E-01
   9.192380E+03   3.386598E-01
   9.202380E+03   3.386598E-01
   9.212380E+03   3.386597E-01
   9.222380E+03   3.386596E-01
   9.232380E+03   3.386595E-01
   9.242380E+03   3.386594E-01
   9.252380E+03   3.386593E-01
   9.262380E+03   3.386593E-01
   9.272380E+03   3.386592E-01
   9.282380E+03   3.386591E-01
   9.292380E+03   3.386590E-01
   9.302380E+03   3.386589E-01
   9.312380E+03   3.386588E-01
   9.322380E+03   3.386587E-01
   9.332380E+03   3.386587E-01
   9.342380E+03   3.386586E-01
   9.352380E+03   3.386585E-01
   9.362380E+03   3.386584E-01
   9.372380E+03   3.386583E-01
   9.382380E+03   3.386582E-01
   9.392380E+03   3.386582E-01
   9.402380E+03   3.386581E-01
   9.412380E+03   3.386580E-01
   9.422380E+03   3.386579E-01
   9.432380E+03   3.386578E-01
   9.442380E+03   3.386577E-01
   9.452380E+03   3.386576E-01
   9.462380E+03   3.386576E-01
   9.472380E+03   3.386575E-01
   9.482380E+03   3.386574E-01
   9.492380E+03   3.386573E-01
   9.502380E+03   3.386572E-01
   9.512380E+03   3.386571E-01
   9.522380E+03   3.386570E-01
   9.532380E+03   3.386570E-01
   9.542380E+03   3.386569E-01
   9.552380E+03   3.386568E-01
   9.562380E+03   3.386567E-01
   9.572380E+03   3.386566E-01
   9.582380E+03   3.386565E-01
   9.591190E+03   3.386399E-01
   9.600000E+03   3.386399E-01
