   5.0000000000000000        0.0000000000000000     
   10.500000000000000        0.0000000000000000     
   10.775000000000000        0.0000000000000000     
   10.926250000000000        0.0000000000000000     
   12.756375000000000        0.0000000000000000     
   14.769512500000001        0.0000000000000000     
   16.983963750000001        0.0000000000000000     
   19.419860125000003        0.0000000000000000     
   22.099346137500003        0.0000000000000000     
   25.046780751250004        0.0000000000000000     
   25.194152481937508        0.0000000000000000     
   26.977350423256258        0.0000000000000000     
   28.938868158706885        0.0000000000000000     
   31.096537667702574        0.0000000000000000     
   33.469974127597830        0.0000000000000000     
   36.080754233482615        0.0000000000000000     
   38.952612349955878        0.0000000000000000     
   42.111656278076467        0.0000000000000000     
   42.269608474482503        0.0000000000000000     
   44.180830050995461        0.0000000000000000     
   46.283173785159711        0.0000000000000000     
   48.595751892740388        0.0000000000000000     
   51.139587811079139        0.0000000000000000     
   53.937807321251761        0.0000000000000000     
   57.015848782441644        0.0000000000000000     
   57.169750855501135        0.0000000000000000     
   59.031965939521015        0.0000000000000000     
   61.080402531942880        0.0000000000000000     
   63.333682783606939        0.0000000000000000     
   65.812291060437403        0.0000000000000000     
   68.538760164950915        0.0000000000000000     
   71.537876179915770        0.0000000000000000     
   74.836903796377115        0.0000000000000000     
   75.001855177200170        0.0000000000000000     
   76.997766885159280        0.0000000000000000     
   79.193269763914302        0.0000000000000000     
   81.608322930544830        0.0000000000000000     
   84.264881413838410        0.0000000000000000     
   87.187095745461349        0.0000000000000000     
   90.401531510246585        0.0000000000000000     
   90.562253298485842        0.0000000000000000     
   92.506986936180908        0.0000000000000000     
   94.646193937645478        0.0000000000000000     
   96.999321639256507        0.0000000000000000     
   99.587762111028638        0.0000000000000000     
   102.43504662997799        0.0000000000000000     
   105.56705960082228        0.0000000000000000     
   109.01227386875098        0.0000000000000000     
   109.18453458214742        0.0000000000000000     
   111.26888921424430        0.0000000000000000     
   113.56167930955085        0.0000000000000000     
   116.08374841438807        0.0000000000000000     
   118.85802442970900        0.0000000000000000     
   121.90972804656204        0.0000000000000000     
   125.26660202510037        0.0000000000000000     
   125.43444572402730        0.0000000000000000     
   127.46535448104299        0.0000000000000000     
   129.69935411376025        0.0000000000000000     
   132.15675370974924        0.0000000000000000     
   134.85989326533712        0.0000000000000000     
   137.83334677648381        0.0000000000000000     
   141.10414563874514        0.0000000000000000     
   144.70202438723263        0.0000000000000000     
   144.88191832465699        0.0000000000000000     
   147.05863496749191        0.0000000000000000     
   149.45302327461033        0.0000000000000000     
   152.08685041244058        0.0000000000000000     
   154.98406026405388        0.0000000000000000     
   158.17099110082850        0.0000000000000000     
   161.67661502128058        0.0000000000000000     
   165.53280133377785        0.0000000000000000     
   165.72561064940274        0.0000000000000000     
   168.05860336846359        0.0000000000000000     
   170.62489535943052        0.0000000000000000     
   173.44781654949415        0.0000000000000000     
   176.55302985856414        0.0000000000000000     
   179.96876449854113        0.0000000000000000     
   183.72607260251584        0.0000000000000000     
   183.91393800771456        0.0000000000000000     
   186.18710941061926        0.0000000000000000     
   188.68759795381442        0.0000000000000000     
   191.43813535132909        0.0000000000000000     
   194.46372648859526        0.0000000000000000     
   197.79187673958802        0.0000000000000000     
   201.45284201568006        0.0000000000000000     
   205.47990381938132        0.0000000000000000     
   205.68125690956637        0.0000000000000000     
   208.11762930080562        0.0000000000000000     
   210.79763893116879        0.0000000000000000     
   213.74564952456828        0.0000000000000000     
   216.98846117730773        0.0000000000000000     
   220.55555399532113        0.0000000000000000     
   224.47935609513587        0.0000000000000000     
   224.67554620012660        0.0000000000000000     
   227.04944647051451        0.0000000000000000     
   229.66073676794122        0.0000000000000000     
   232.53315609511060        0.0000000000000000     
   235.69281735499692        0.0000000000000000     
   239.16844474087188        0.0000000000000000     
   242.99163486533431        0.0000000000000000     
   247.19714400224299        0.0000000000000000     
   247.40741945908843        0.0000000000000000     
   249.95175248691820        0.0000000000000000     
   252.75051881753092        0.0000000000000000     
   255.82916178120493        0.0000000000000000     
   259.21566904124631        0.0000000000000000     
   262.94082702729185        0.0000000000000000     
   267.03850081194196        0.0000000000000000     
   267.24338450117443        0.0000000000000000     
   269.72247714088775        0.0000000000000000     
   272.44947904457240        0.0000000000000000     
   275.44918113862553        0.0000000000000000     
   278.74885344208394        0.0000000000000000     
   282.37849297588821        0.0000000000000000     
   286.37109646307289        0.0000000000000000     
   290.76296029897605        0.0000000000000000     
   290.98255349077118        0.0000000000000000     
   293.63963111149258        0.0000000000000000     
   296.56241649428614        0.0000000000000000     
   299.77748041535904        0.0000000000000000     
   303.31405072853926        0.0000000000000000     
   307.20427807303747        0.0000000000000000     
   311.48352815198552        0.0000000000000000     
   311.69749065593294        0.0000000000000000     
   314.28643695369652        0.0000000000000000     
   317.13427788123647        0.0000000000000000     
   320.26690290153039        0.0000000000000000     
   323.71279042385368        0.0000000000000000     
   327.50326669840933        0.0000000000000000     
   331.67279060042051        0.0000000000000000     
   336.25926689263281        0.0000000000000000     
   336.48859070724342        0.0000000000000000     
   339.26340886403187        0.0000000000000000     
   342.31570883649920        0.0000000000000000     
   345.67323880621325        0.0000000000000000     
   349.36652177289869        0.0000000000000000     
   353.42913303625267        0.0000000000000000     
   357.89800542594202        0.0000000000000000     
   358.12144904542652        0.0000000000000000     
   360.82511684118856        0.0000000000000000     
   363.79915141652685        0.0000000000000000     
   367.07058944939894        0.0000000000000000     
   370.66917128555826        0.0000000000000000     
   374.62761130533352        0.0000000000000000     
   378.98189532708631        0.0000000000000000     
   383.77160775101436        0.0000000000000000     
   384.01109337221078        0.0000000000000000     
   386.90886938868726        0.0000000000000000     
   390.09642300681139        0.0000000000000000     
   393.60273198674793        0.0000000000000000     
   397.45967186467811        0.0000000000000000     
   401.70230573040129        0.0000000000000000     
   406.36920298269683        0.0000000000000000     
   406.60254784531156        0.0000000000000000     
   409.42602068295037        0.0000000000000000     
   412.53184080435307        0.0000000000000000     
   415.94824293789600        0.0000000000000000     
   419.70628528479324        0.0000000000000000     
   423.84013186638020        0.0000000000000000     
   428.38736310612586        0.0000000000000000     
   433.38931746984611        0.0000000000000000     
   433.63941518803210        0.0000000000000000     
   436.66559757808284        0.0000000000000000     
   439.99439820713866        0.0000000000000000     
   443.65607889910007        0.0000000000000000     
   447.68392766025761        0.0000000000000000     
   452.11456129753088        0.0000000000000000     
   456.98825829853149        0.0000000000000000     
   462.34932499963219        0.0000000000000000     
   462.61737833468720        0.0000000000000000     
   465.86082368885309        0.0000000000000000     
   469.42861357843560        0.0000000000000000     
   473.35318245697636        0.0000000000000000     
   477.67020822337116        0.0000000000000000     
   482.41893656640548        0.0000000000000000     
   487.64253774374322        0.0000000000000000     
   487.90371780261012        0.0000000000000000     
   491.06399651489943        0.0000000000000000     
   494.54030309841767        0.0000000000000000     
   498.36424034028778        0.0000000000000000     
   502.57057130634490        0.0000000000000000     
   507.19753536900771        0.0000000000000000     
   512.28719583793679        0.0000000000000000     
   517.88582235375884        0.0000000000000000     
   518.16575367954988        0.0000000000000000     
   521.55292272162217        0.0000000000000000     
   525.27880866790167        0.0000000000000000     
   529.37728320880922        0.0000000000000000     
   533.88560520380747        0.0000000000000000     
   538.84475939830554        0.0000000000000000     
   544.29982901225344        0.0000000000000000     
   544.57258249295080        0.0000000000000000     
   547.87289960938926        0.0000000000000000     
   551.50324843747160        0.0000000000000000     
   555.49663214836210        0.0000000000000000     
   559.88935423034172        0.0000000000000000     
   564.72134852051931        0.0000000000000000     
   570.03654223971466        0.0000000000000000     
   575.88325533082957        0.0000000000000000     
   576.17559098538527        0.0000000000000000     
   579.71285240550981        0.0000000000000000     
   583.60383996764676        0.0000000000000000     
   587.88392628599740        0.0000000000000000     
   592.59202123618309        0.0000000000000000     
   597.77092568138733        0.0000000000000000     
   603.46772057111207        0.0000000000000000     
   603.75256031559832        0.0000000000000000     
   607.19912122388178        0.0000000000000000     
   610.99033822299361        0.0000000000000000     
   615.16067692201659        0.0000000000000000     
   619.74804949094187        0.0000000000000000     
   624.79415931675965        0.0000000000000000     
   630.34488012515919        0.0000000000000000     
   636.45067301439872        0.0000000000000000     
   636.75596265886065        0.0000000000000000     
   640.44996735685061        0.0000000000000000     
   644.51337252463952        0.0000000000000000     
   648.98311820920730        0.0000000000000000     
   653.89983846223186        0.0000000000000000     
   659.30823074055888        0.0000000000000000     
   665.25746224671866        0.0000000000000000     
   665.55492382202658        0.0000000000000000     
   669.15420888325320        0.0000000000000000     
   673.11342245060246        0.0000000000000000     
   677.46855737468672        0.0000000000000000     
   682.25920579117940        0.0000000000000000     
   687.52891904932130        0.0000000000000000     
   693.32560363327741        0.0000000000000000     
   699.70195667562916        0.0000000000000000     
   700.02077432774672        0.0000000000000000     
   703.87846791836955        0.0000000000000000     
   708.12193086805462        0.0000000000000000     
   712.78974011270816        0.0000000000000000     
   717.92433028182711        0.0000000000000000     
   723.57237946785790        0.0000000000000000     
   729.78523357249185        0.0000000000000000     
   730.09587627772351        0.0000000000000000     
   733.85465301102704        0.0000000000000000     
   737.98930741766094        0.0000000000000000     
   742.53742726495818        0.0000000000000000     
   747.54035909698518        0.0000000000000000     
   753.04358411221483        0.0000000000000000     
   759.09713162896753        0.0000000000000000     
   765.75603389739547        0.0000000000000000     
   766.08897901081684        0.0000000000000000     
   770.11761488321577        0.0000000000000000     
   774.54911434285452        0.0000000000000000     
   779.42376374845719        0.0000000000000000     
   784.78587809462010        0.0000000000000000     
   790.68420387539936        0.0000000000000000     
   797.17236223425652        0.0000000000000000     
   797.49677015219936        0.0000000000000000     
   801.42210595930794        0.0000000000000000     
   805.73997534712737        0.0000000000000000     
   810.48963167372870        0.0000000000000000     
   815.71425363299022        0.0000000000000000     
   821.46133778817784        0.0000000000000000     
   827.78313035888425        0.0000000000000000     
   834.73710218666133        0.0000000000000000     
   835.08480077805018        0.0000000000000000     
   839.29195373385528        0.0000000000000000     
   843.91982198524090        0.0000000000000000     
   849.01047706176507        0.0000000000000000     
   854.61019764594175        0.0000000000000000     
   860.76989028853609        0.0000000000000000     
   867.54555219538986        0.0000000000000000     
   867.88433529073245        0.0000000000000000     
   871.98361074437901        0.0000000000000000     
   876.49281374339012        0.0000000000000000     
   881.45293704230244        0.0000000000000000     
   886.90907267110595        0.0000000000000000     
   892.91082186278982        0.0000000000000000     
   899.51274597364204        0.0000000000000000     
   906.77486249557955        0.0000000000000000     
   907.13796832167645        0.0000000000000000     
   911.53154881744865        0.0000000000000000     
   916.36448736279806        0.0000000000000000     
   921.68071976268243        0.0000000000000000     
   927.52857540255513        0.0000000000000000     
   933.96121660641518        0.0000000000000000     
   941.03712193066121        0.0000000000000000     
   941.39091719687349        0.0000000000000000     
   945.67183991804234        0.0000000000000000     
   950.38085491132802        0.0000000000000000     
   955.56077140394234        0.0000000000000000     
   961.25867954581804        0.0000000000000000     
   967.52637850188137        0.0000000000000000     
   974.42084735355104        0.0000000000000000     
   982.00476309038766        0.0000000000000000     
   982.38395887722947        0.0000000000000000     
   986.97222789801560        0.0000000000000000     
   992.01932382088035        0.0000000000000000     
   997.57112933603162        0.0000000000000000     
   1003.6781154026980        0.0000000000000000     
   1010.3958000760310        0.0000000000000000     
   1017.7852532166974        0.0000000000000000     
   1025.9136516714302        0.0000000000000000     
   1026.3200715941668        0.0000000000000000     
   1031.2377526592802        0.0000000000000000     
   1036.6472018309050        0.0000000000000000     
   1042.5975959196924        0.0000000000000000     
   1049.1430294173583        0.0000000000000000     
   1056.3430062647908        0.0000000000000000     
   1064.2629807969665        0.0000000000000000     
   1064.6589795235755        0.0000000000000000     
   1069.4505641155417        0.0000000000000000     
   1074.7213071667047        0.0000000000000000     
   1080.5191245229839        0.0000000000000000     
   1086.8967236148912        0.0000000000000000     
   1093.9120826159892        0.0000000000000000     
   1101.6289775171970        0.0000000000000000     
   1110.1175619085254        0.0000000000000000     
   1110.5419911280919        0.0000000000000000     
   1115.6775846848457        0.0000000000000000     
   1121.3267375972748        0.0000000000000000     
   1127.5408058009468        0.0000000000000000     
   1134.3762808249860        0.0000000000000000     
   1141.8953033514292        0.0000000000000000     
   1150.1662281305169        0.0000000000000000     
   1150.5797743694711        0.0000000000000000     
   1155.5836838608191        0.0000000000000000     
   1161.0879843013017        0.0000000000000000     
   1167.1427147858328        0.0000000000000000     
   1173.8029183188169        0.0000000000000000     
   1181.1291422050995        0.0000000000000000     
   1189.1879884800103        0.0000000000000000     
   1198.0527193824121        0.0000000000000000     
   1198.4959559275321        0.0000000000000000     
   1203.8591181234854        0.0000000000000000     
   1209.7585965390338        0.0000000000000000     
   1216.2480227961371        0.0000000000000000     
   1223.3863916789508        0.0000000000000000     
   1231.2385974500457        0.0000000000000000     
   1239.8760237982503        0.0000000000000000     
   1240.3078951156604        0.0000000000000000     
   1245.5335380563240        0.0000000000000000     
   1251.2817452910540        0.0000000000000000     
   1257.6047732492571        0.0000000000000000     
   1264.5601040032805        0.0000000000000000     
   1272.2109678327063        0.0000000000000000     
   1280.6269180450745        0.0000000000000000     
   1289.8844632786797        0.0000000000000000     
   1290.3473405403599        0.0000000000000000     
   1295.9481554066911        0.0000000000000000     
   1302.1090517596554        0.0000000000000000     
   1308.8860377479159        0.0000000000000000     
   1316.3407223350027        0.0000000000000000     
   1324.5408753807981        0.0000000000000000     
   1333.5610437311730        0.0000000000000000     
   1334.0120521486917        0.0000000000000000     
   1339.4692540006686        0.0000000000000000     
   1345.4721760378432        0.0000000000000000     
   1352.0753902787351        0.0000000000000000     
   1359.3389259437163        0.0000000000000000     
   1367.3288151751956        0.0000000000000000     
   1376.1176933298227        0.0000000000000000     
   1385.7854592999126        0.0000000000000000     
   1386.2688475984171        0.0000000000000000     
   1392.1178460103215        0.0000000000000000     
   1398.5517442634164        0.0000000000000000     
   1405.6290323418207        0.0000000000000000     
   1413.4140492280656        0.0000000000000000     
   1421.9775678029348        0.0000000000000000     
   1431.3974382352910        0.0000000000000000     
   1431.8684317569089        0.0000000000000000     
   1437.5674533684844        0.0000000000000000     
   1443.8363771412176        0.0000000000000000     
   1450.7321932912239        0.0000000000000000     
   1458.3175910562309        0.0000000000000000     
   1466.6615285977387        0.0000000000000000     
   1475.8398598933970        0.0000000000000000     
   1485.9360243186213        0.0000000000000000     
   1486.4408325398826        0.0000000000000000     
   1492.5490120171432        0.0000000000000000     
   1499.2680094421301        0.0000000000000000     
   1506.6589066096155        0.0000000000000000     
   1514.7888934938496        0.0000000000000000     
   1523.7318790665070        0.0000000000000000     
   1533.5691631964301        0.0000000000000000     
   1534.0610274029264        0.0000000000000000     
   1540.0125843015298        0.0000000000000000     
   1546.5592968899937        0.0000000000000000     
   1553.7606807373038        0.0000000000000000     
   1561.6822029693451        0.0000000000000000     
   1570.3958774245905        0.0000000000000000     
   1579.9809193253604        0.0000000000000000     
   1590.5244654162075        0.0000000000000000     
   1591.0516427207497        0.0000000000000000     
   1597.4304881057121        0.0000000000000000     
   1604.4472180291707        0.0000000000000000     
   1612.1656209449752        0.0000000000000000     
   1620.6558641523602        0.0000000000000000     
   1629.9951316804836        0.0000000000000000     
   1640.2683259614194        0.0000000000000000     
   1640.7819856754663        0.0000000000000000     
   1646.9972682154325        0.0000000000000000     
   1653.8340790093953        0.0000000000000000     
   1661.3545708827544        0.0000000000000000     
   1669.6271119434493        0.0000000000000000     
   1678.7269071102137        0.0000000000000000     
   1688.7366817936545        0.0000000000000000     
   1699.7474339454395        0.0000000000000000     
   1700.2979715530287        0.0000000000000000     
   1706.9594766048585        0.0000000000000000     
   1714.2871321618713        0.0000000000000000     
   1722.3475532745856        0.0000000000000000     
   1731.2140164985713        0.0000000000000000     
   1740.9671260449554        0.0000000000000000     
   1751.6955465459780        0.0000000000000000     
   1752.2319675710291        0.0000000000000000     
   1758.7226619741477        0.0000000000000000     
   1765.8624258175782        0.0000000000000000     
   1773.7161660453519        0.0000000000000000     
   1782.3552802959027        0.0000000000000000     
   1791.8583059715088        0.0000000000000000     
   1802.3116342146755        0.0000000000000000     
   1813.8102952821587        0.0000000000000000     
   1814.3852283355329        0.0000000000000000     
   1821.3419182813604        0.0000000000000000     
   1828.9942772217705        0.0000000000000000     
   1837.4118720562217        0.0000000000000000     
   1846.6712263741181        0.0000000000000000     
   1856.8565161238039        0.0000000000000000     
   1868.0603348484583        0.0000000000000000     
   1868.6205257846912        0.0000000000000000     
   1875.3988361131071        0.0000000000000000     
   1882.8549774743647        0.0000000000000000     
   1891.0567329717480        0.0000000000000000     
   1900.0786640188696        0.0000000000000000     
   1910.0027881707035        0.0000000000000000     
   1920.9193247377207        0.0000000000000000     
   1932.9275149614396        0.0000000000000000     
   1933.5279244726255        0.0000000000000000     
   1940.7928795579755        0.0000000000000000     
   1948.7843301518606        0.0000000000000000     
   1957.5749258051339        0.0000000000000000     
   1967.2445810237348        0.0000000000000000     
   1977.8812017641956        0.0000000000000000     
   1989.5814845787024        0.0000000000000000     
   1990.1664987194279        0.0000000000000000     
   1997.2451698222046        0.0000000000000000     
   2005.0317080352590        0.0000000000000000     
   2013.5969000696189        0.0000000000000000     
   2023.0186113074146        0.0000000000000000     
   2033.3824936689900        0.0000000000000000     
   2044.7827642667230        0.0000000000000000     
   2057.3230619242290        0.0000000000000000     
   2057.9500768071043        0.0000000000000000     
   2065.5369568898955        0.0000000000000000     
   2073.8825249809661        0.0000000000000000     
   2083.0626498811434        0.0000000000000000     
   2093.1607872713384        0.0000000000000000     
   2104.2687384005530        0.0000000000000000     
   2116.4874846426892        0.0000000000000000     
   2117.0984219547959        0.0000000000000000     
   2124.4907634312881        0.0000000000000000     
   2132.6223390554296        0.0000000000000000     
   2141.5670722419854        0.0000000000000000     
   2151.4062787471967        0.0000000000000000     
   2162.2294059029291        0.0000000000000000     
   2174.1348457742347        0.0000000000000000     
   2187.2308296326710        0.0000000000000000     
   2187.8856288255929        0.0000000000000000     
   2195.8086990599468        0.0000000000000000     
   2204.5240763177362        0.0000000000000000     
   2214.1109913013047        0.0000000000000000     
   2224.6565977832297        0.0000000000000000     
   2236.2567649133475        0.0000000000000000     
   2249.0169487564772        0.0000000000000000     
   2249.6549579486332        0.0000000000000000     
   2257.3748691737264        0.0000000000000000     
   2265.8667715213292        0.0000000000000000     
   2275.2078641036919        0.0000000000000000     
   2285.4830659442910        0.0000000000000000     
   2296.7857879689500        0.0000000000000000     
   2309.2187821960752        0.0000000000000000     
   2322.8950758459127        0.0000000000000000     
   2323.5788905284044        0.0000000000000000     
   2331.8530481865560        0.0000000000000000     
   2340.9546216105227        0.0000000000000000     
   2350.9663523768863        0.0000000000000000     
   2361.9792562198863        0.0000000000000000     
   2374.0934504471861        0.0000000000000000     
   2387.4190640972161        0.0000000000000000     
   2388.0853447797172        0.0000000000000000     
   2396.1473410379854        0.0000000000000000     
   2405.0155369220802        0.0000000000000000     
   2414.7705523945847        0.0000000000000000     
   2425.5010694143393        0.0000000000000000     
   2437.3046381360696        0.0000000000000000     
   2450.2885637299728        0.0000000000000000     
   2464.5708818832663        0.0000000000000000     
   2465.2849977909314        0.0000000000000000     
   2473.9258002736742        0.0000000000000000     
   2483.4306830046912        0.0000000000000000     
   2493.8860540088099        0.0000000000000000     
   2505.3869621133404        0.0000000000000000     
   2518.0379610283239        0.0000000000000000     
   2531.9540598348058        0.0000000000000000     
   2532.6498647751300        0.0000000000000000     
   2541.0691045530516        0.0000000000000000     
   2550.3302683087654        0.0000000000000000     
   2560.5175484400506        0.0000000000000000     
   2571.7235565844644        0.0000000000000000     
   2584.0501655433195        0.0000000000000000     
   2597.6094353980602        0.0000000000000000     
   2612.5246322382745        0.0000000000000000     
   2613.2703920802855        0.0000000000000000     
   2622.2940861686152        0.0000000000000000     
   2632.2201496657781        0.0000000000000000     
   2643.1388195126569        0.0000000000000000     
   2655.1493563442241        0.0000000000000000     
   2668.3609468589480        0.0000000000000000     
   2682.8936964251438        0.0000000000000000     
   2683.6203339034537        0.0000000000000000     
   2692.4126473910023        0.0000000000000000     
   2702.0841922273057        0.0000000000000000     
   2712.7228915472397        0.0000000000000000     
   2724.4254607991670        0.0000000000000000     
   2737.2982869762868        0.0000000000000000     
   2751.4583957711188        0.0000000000000000     
   2767.0345154454340        0.0000000000000000     
   2767.8133214291497        0.0000000000000000     
   2777.2368738321102        0.0000000000000000     
   2787.6027814753670        0.0000000000000000     
   2799.0052798829493        0.0000000000000000     
   2811.5480281312898        0.0000000000000000     
   2825.3450512044647        0.0000000000000000     
   2840.5217765849566        0.0000000000000000     
   2841.2806128539814        0.0000000000000000     
   2850.4625317091791        0.0000000000000000     
   2860.5626424498964        0.0000000000000000     
   2871.6727642646856        0.0000000000000000     
   2883.8938982609538        0.0000000000000000     
   2897.3371456568489        0.0000000000000000     
   2912.1247177923333        0.0000000000000000     
   2928.3910471413665        0.0000000000000000     
   2929.2043636088179        0.0000000000000000     
   2939.0454928649829        0.0000000000000000     
   2949.8707350467644        0.0000000000000000     
   2961.7785014467240        0.0000000000000000     
   2974.8770444866796        0.0000000000000000     
   2989.2854418306306        0.0000000000000000     
   3005.1346789089766        0.0000000000000000     
   3005.9271407628939        0.0000000000000000     
   3015.5159291952932        0.0000000000000000     
   3026.0635964709327        0.0000000000000000     
   3037.6660304741358        0.0000000000000000     
   3050.4287078776597        0.0000000000000000     
   3064.4676530215356        0.0000000000000000     
   3079.9104926797995        0.0000000000000000     
   3096.8976163038897        0.0000000000000000     
   3097.7469724850939        0.0000000000000000     
   3108.0241822776684        0.0000000000000000     
   3119.3291130495004        0.0000000000000000     
   3131.7645368985154        0.0000000000000000     
   3145.4435031324319        0.0000000000000000     
   3160.4903659897404        0.0000000000000000     
   3177.0419151327796        0.0000000000000000     
   3177.8694925899313        0.0000000000000000     
   3187.8831798214701        0.0000000000000000     
   3198.8982357761624        0.0000000000000000     
   3211.0147973263242        0.0000000000000000     
   3224.3430150315021        0.0000000000000000     
   3239.0040545071979        0.0000000000000000     
   3255.1311979304633        0.0000000000000000     
   3272.8710556960550        0.0000000000000000     
   3273.7580485843350        0.0000000000000000     
   3284.4906625325179        0.0000000000000000     
   3296.2965378755193        0.0000000000000000     
   3309.2830007528210        0.0000000000000000     
   3323.5681099178528        0.0000000000000000     
   3339.2817299993876        0.0000000000000000     
   3356.5667120890762        0.0000000000000000     
   3357.4309611935605        0.0000000000000000     
   3367.8883753578220        0.0000000000000000     
   3379.3915309385097        0.0000000000000000     
   3392.0450020772660        0.0000000000000000     
   3405.9638203298978        0.0000000000000000     
   3421.2745204077928        0.0000000000000000     
   3438.1162904934777        0.0000000000000000     
   3456.6422375877310        0.0000000000000000     
   3457.5685349424434        0.0000000000000000     
   3468.7767329344665        0.0000000000000000     
   3481.1057507256919        0.0000000000000000     
   3494.6676702960399        0.0000000000000000     
   3509.5857818234226        0.0000000000000000     
   3525.9957045035439        0.0000000000000000     
   3544.0466194516771        0.0000000000000000     
   3544.9491651990838        0.0000000000000000     
   3555.8699687427043        0.0000000000000000     
   3567.8828526406869        0.0000000000000000     
   3581.0970249284678        0.0000000000000000     
   3595.6326144450268        0.0000000000000000     
   3611.6217629132416        0.0000000000000000     
   3629.2098262282780        0.0000000000000000     
   3648.5566958748182        0.0000000000000000     
   3649.5240393571448        0.0000000000000000     
   3661.2288954933015        0.0000000000000000     
   3674.1042372430738        0.0000000000000000     
   3688.2671131678235        0.0000000000000000     
   3703.8462766850480        0.0000000000000000     
   3720.9833565539952        0.0000000000000000     
   3739.8341444098373        0.0000000000000000     
   3740.7766838026291        0.0000000000000000     
   3752.1814104554132        0.0000000000000000     
   3764.7266097734760        0.0000000000000000     
   3778.5263290233452        0.0000000000000000     
   3793.7060201982013        0.0000000000000000     
   3810.4036804905427        0.0000000000000000     
   3828.7711068121184        0.0000000000000000     
   3848.9752757658516        0.0000000000000000     
   3849.9854842135387        0.0000000000000000     
   3862.2090064305476        0.0000000000000000     
   3875.6548808692569        0.0000000000000000     
   3890.4453427518374        0.0000000000000000     
   3906.7148508226760        0.0000000000000000     
   3924.6113097005982        0.0000000000000000     
   3944.2974144663126        0.0000000000000000     
   3945.2817197045988        0.0000000000000000     
   3957.1918130878562        0.0000000000000000     
   3970.2929158094394        0.0000000000000000     
   3984.7041288031805        0.0000000000000000     
   4000.5564630962958        0.0000000000000000     
   4017.9940308187229        0.0000000000000000     
   4037.1753553133926        0.0000000000000000     
   4058.2748122575294        0.0000000000000000     
   4059.3297851047359        0.0000000000000000     
   4072.0949565559386        0.0000000000000000     
   4086.1366451522617        0.0000000000000000     
   4101.5825026082166        0.0000000000000000     
   4118.5729458097676        0.0000000000000000     
   4137.2624333314734        0.0000000000000000     
   4157.8208696053498        0.0000000000000000     
   4158.8487914190446        0.0000000000000000     
   4171.2866453647403        0.0000000000000000     
   4184.9682847050053        0.0000000000000000     
   4200.0180879792970        0.0000000000000000     
   4216.5728715810174        0.0000000000000000     
   4234.7831335429100        0.0000000000000000     
   4254.8144217009922        0.0000000000000000     
   4276.8488386748822        0.0000000000000000     
   4277.9505595235760        0.0000000000000000     
   4291.2813817927790        0.0000000000000000     
   4305.9452862889029        0.0000000000000000     
   4322.0755812346388        0.0000000000000000     
   4339.8189056749488        0.0000000000000000     
   4359.3365625592896        0.0000000000000000     
   4380.8059851320641        0.0000000000000000     
   4381.8794562607027        0.0000000000000000     
   4394.8684569172310        0.0000000000000000     
   4409.1563576394128        0.0000000000000000     
   4424.8730484338130        0.0000000000000000     
   4442.1614083076529        0.0000000000000000     
   4461.1786041688765        0.0000000000000000     
   4482.0975196162226        0.0000000000000000     
   4505.1083266083033        0.0000000000000000     
   4506.2588669579072        0.0000000000000000     
   4520.1804051881163        0.0000000000000000     
   4535.4940972413460        0.0000000000000000     
   4552.3391584998990        0.0000000000000000     
   4570.8687258843074        0.0000000000000000     
   4591.2512500071562        0.0000000000000000     
   4613.6720265422900        0.0000000000000000     
   4614.7930653690464        0.0000000000000000     
   4628.3576351728025        0.0000000000000000     
   4643.2786619569342        0.0000000000000000     
   4659.6917914194792        0.0000000000000000     
   4677.7462338282785        0.0000000000000000     
   4697.6061204779571        0.0000000000000000     
   4719.4519957926041        0.0000000000000000     
   4743.4824586387158        0.0000000000000000     
   4744.6839817810205        0.0000000000000000     
   4759.2224118029180        0.0000000000000000     
   4775.2146848270049        0.0000000000000000     
   4792.8061851535012        0.0000000000000000     
   4812.1568355126465        0.0000000000000000     
   4833.4425509077064        0.0000000000000000     
   4856.8568378422724        0.0000000000000000     
   4858.0275521890017        0.0000000000000000     
   4872.1931957844145        0.0000000000000000     
   4887.7754037393679        0.0000000000000000     
   4904.9158324898171        0.0000000000000000     
   4923.7703041153109        0.0000000000000000     
   4944.5102229033546        0.0000000000000000     
   4967.3241335702023        0.0000000000000000     
   4992.4194353037346        0.0000000000000000     
   4993.6742003904110        0.0000000000000000     
   5008.8568579391986        0.0000000000000000     
   5025.5577812428646        0.0000000000000000     
   5043.9287968768967        0.0000000000000000     
   5064.1369140743327        0.0000000000000000     
   5086.3658429915122        0.0000000000000000     
   5110.8176648004091        0.0000000000000000     
   5112.0402558908545        0.0000000000000000     
   5126.8336080852378        0.0000000000000000     
   5143.1062954990593        0.0000000000000000     
   5161.0062516542630        0.0000000000000000     
   5180.6962034249864        0.0000000000000000     
   5202.3551503727822        0.0000000000000000     
   5226.1799920153580        0.0000000000000000     
   5252.3873178221911        0.0000000000000000     
   5253.6976841125334        0.0000000000000000     
   5269.5531162256675        0.0000000000000000     
   5286.9940915501147        0.0000000000000000     
   5306.1791644070072        0.0000000000000000     
   5327.2827445495886        0.0000000000000000     
   5350.4966827064281        0.0000000000000000     
   5376.0320146789518        0.0000000000000000     
   5377.3087812775775        0.0000000000000000     
   5392.7576571209538        0.0000000000000000     
   5409.7514205486686        0.0000000000000000     
   5428.4445603191543        0.0000000000000000     
   5449.0070140666885        0.0000000000000000     
   5471.6257131889761        0.0000000000000000     
   5496.5062822234931        0.0000000000000000     
   5497.7503106752183        0.0000000000000000     
   5512.8030549411005        0.0000000000000000     
   5529.3610736335713        0.0000000000000000     
   5547.5748941952888        0.0000000000000000     
   5567.6100968131786        0.0000000000000000     
   5589.6488196928576        0.0000000000000000     
   5613.8914148605045        0.0000000000000000     
   5640.5582695449157        0.0000000000000000     
   5641.8916122791370        0.0000000000000000     
   5658.0250593632054        0.0000000000000000     
   5675.7718511556814        0.0000000000000000     
   5695.2933221274043        0.0000000000000000     
   5716.7669401963003        0.0000000000000000     
   5740.3879200720858        0.0000000000000000     
   5766.3709979354499        0.0000000000000000     
   5767.6701518286181        0.0000000000000000     
   5783.3899139359528        0.0000000000000000     
   5800.6816522540212        0.0000000000000000     
   5819.7025644038968        0.0000000000000000     
   5840.6255677687595        0.0000000000000000     
   5863.6408714701083        0.0000000000000000     
   5888.9577055415921        0.0000000000000000     
   5916.8062230202249        0.0000000000000000     
   5918.1986488941566        0.0000000000000000     
   5935.0470019687291        0.0000000000000000     
   5953.5801903507590        0.0000000000000000     
   5973.9666975709924        0.0000000000000000     
   5996.3918555132486        0.0000000000000000     
   6021.0595292497310        0.0000000000000000     
   6048.1939703598609        0.0000000000000000     
   6049.5506924153678        0.0000000000000000     
   6065.9670292869969        0.0000000000000000     
   6084.0249998457884        0.0000000000000000     
   6103.8887674604593        0.0000000000000000     
   6125.7389118365973        0.0000000000000000     
   6149.7740706503491        0.0000000000000000     
   6176.2127453454759        0.0000000000000000     
   6205.2952875101155        0.0000000000000000     
   6206.7494146183471        0.0000000000000000     
   6224.3443526279543        0.0000000000000000     
   6243.6987844385221        0.0000000000000000     
   6264.9886594301461        0.0000000000000000     
   6288.4075219209326        0.0000000000000000     
   6314.1682706607980        0.0000000000000000     
   6342.5050942746502        0.0000000000000000     
   6343.9219354553425        0.0000000000000000     
   6361.0657137417229        0.0000000000000000     
   6379.9238698567415        0.0000000000000000     
   6400.6678415832621        0.0000000000000000     
   6423.4862104824342        0.0000000000000000     
   6448.5864162715243        0.0000000000000000     
   6476.1966426395229        0.0000000000000000     
   6506.5678916443212        0.0000000000000000     
   6508.0864540945613        0.0000000000000000     
   6526.4610597424644        0.0000000000000000     
   6546.6731259551580        0.0000000000000000     
   6568.9063987891204        0.0000000000000000     
   6593.3629989064793        0.0000000000000000     
   6620.2652590355738        0.0000000000000000     
   6649.8577451775782        0.0000000000000000     
   6651.3373694846787        0.0000000000000000     
   6669.2408236005913        0.0000000000000000     
   6688.9346231280952        0.0000000000000000     
   6710.5978026083494        0.0000000000000000     
   6734.4273000366293        0.0000000000000000     
   6760.6397472077369        0.0000000000000000     
   6789.4734390959557        0.0000000000000000     
   6821.1905001729956        0.0000000000000000     
   6822.7763532268482        0.0000000000000000     
   6841.9651751784577        0.0000000000000000     
   6863.0728793252283        0.0000000000000000     
   6886.2913538866760        0.0000000000000000     
   6911.8316759042682        0.0000000000000000     
   6939.9260301236200        0.0000000000000000     
   6970.8298197649065        0.0000000000000000     
   6972.3750092469709        0.0000000000000000     
   6991.0718019799488        0.0000000000000000     
   7011.6382739862247        0.0000000000000000     
   7034.2613931931282        0.0000000000000000     
   7059.1468243207228        0.0000000000000000     
   7086.5207985610759        0.0000000000000000     
   7116.6321702254645        0.0000000000000000     
   7149.7546790562919        0.0000000000000000     
   7151.4108044978339        0.0000000000000000     
   7171.4499223404846        0.0000000000000000     
   7185.7249611702428        0.0000000000000000     
   7200.0000000000000        0.0000000000000000     
