examples/EOdata/mapping_atmbc_from_coarse_EO_dataset/prepro/dtm_A_inflow
north:     0
south:           0.00000000
east:      0
west:            0.00000000
rows:     35
cols:     61
[rows 0 to 34 of 35, columns 0 to 60 of 61]
0.00 0.00 0.00 0.00 0.00 0.00 0.00 0.00 0.00 0.00 0.00 0.00 0.00 0.00 0.00 0.00 0.00 0.00 0.00 0.00 0.00 0.00 0.00 0.00 0.00 0.00 0.00 0.00 0.00 0.00 0.00 0.00 0.00 0.00 0.00 0.00 0.00 0.00 0.00 0.00 0.00 0.00 0.00 0.00 0.00 0.00 0.00 0.00 0.00 0.00 0.00 0.00 0.00 0.00 0.00 0.00 0.00 0.00 0.00 0.00 0.00
0.00 0.00 0.00 0.00 0.00 0.00 0.00 0.00 0.00 0.00 0.00 0.00 0.00 0.00 0.00 0.00 0.00 0.00 0.00 0.00 0.00 0.00 0.00 0.00 0.00 0.00 0.00 0.00 0.00 0.00 0.00 0.00 0.00 0.00 0.00 0.00 0.00 0.00 0.00 0.00 0.00 0.00 0.00 0.00 0.00 0.00 0.00 0.00 25.00 25.00 0.00 0.00 0.00 0.00 0.00 0.00 0.00 0.00 0.00 0.00 0.00
0.00 0.00 0.00 0.00 0.00 0.00 0.00 0.00 0.00 0.00 0.00 0.00 0.00 0.00 0.00 0.00 0.00 0.00 0.00 0.00 0.00 0.00 0.00 0.00 0.00 0.00 0.00 0.00 0.00 0.00 0.00 0.00 0.00 0.00 0.00 0.00 0.00 0.00 0.00 0.00 0.00 0.00 0.00 0.00 0.00 0.00 0.00 50.00 90.15 50.53 25.00 0.00 0.00 0.00 0.00 0.00 0.00 0.00 0.00 0.00 0.00
0.00 0.00 0.00 0.00 0.00 0.00 0.00 0.00 0.00 0.00 0.00 0.00 0.00 0.00 0.00 0.00 0.00 0.00 0.00 0.00 0.00 0.00 0.00 0.00 0.00 0.00 0.00 0.00 0.00 0.00 0.00 0.00 0.00 0.00 0.00 0.00 0.00 0.00 0.00 0.00 0.00 0.00 0.00 0.00 0.00 0.00 205.79 195.03 104.64 72.47 72.17 50.00 0.00 0.00 0.00 0.00 0.00 0.00 0.00 0.00 0.00
0.00 0.00 0.00 0.00 0.00 0.00 0.00 0.00 0.00 0.00 0.00 0.00 0.00 0.00 0.00 0.00 0.00 0.00 0.00 0.00 0.00 0.00 0.00 0.00 0.00 0.00 0.00 0.00 0.00 0.00 0.00 0.00 0.00 0.00 0.00 0.00 0.00 0.00 0.00 0.00 0.00 0.00 0.00 0.00 0.00 587.92 332.13 216.05 180.04 181.51 97.59 83.04 50.00 0.00 0.00 0.00 0.00 0.00 0.00 0.00 0.00
0.00 0.00 0.00 0.00 0.00 0.00 0.00 0.00 0.00 0.00 0.00 0.00 0.00 0.00 0.00 0.00 0.00 0.00 0.00 0.00 0.00 0.00 0.00 0.00 0.00 0.00 0.00 0.00 0.00 0.00 0.00 0.00 0.00 0.00 0.00 0.00 0.00 0.00 0.00 0.00 0.00 0.00 25.00 0.00 849.78 211.86 197.34 197.31 167.15 107.65 92.41 41.96 25.00 0.00 0.00 0.00 0.00 0.00 0.00 0.00 0.00
0.00 0.00 0.00 0.00 0.00 0.00 0.00 0.00 0.00 0.00 0.00 0.00 0.00 0.00 0.00 0.00 0.00 0.00 0.00 0.00 0.00 0.00 0.00 0.00 0.00 0.00 0.00 0.00 0.00 0.00 0.00 0.00 0.00 0.00 0.00 0.00 0.00 0.00 25.00 0.00 392.60 367.60 292.60 930.39 77.69 60.67 87.16 97.69 63.94 47.88 91.88 59.00 50.00 25.00 0.00 0.00 0.00 0.00 0.00 0.00 0.00
0.00 0.00 0.00 0.00 0.00 0.00 0.00 0.00 0.00 0.00 0.00 0.00 0.00 0.00 0.00 0.00 0.00 0.00 0.00 0.00 0.00 0.00 0.00 0.00 0.00 0.00 0.00 0.00 0.00 0.00 0.00 0.00 0.00 0.00 1004.34 979.34 954.34 929.34 854.34 848.35 541.91 584.85 817.16 194.07 129.87 114.40 136.88 118.15 123.63 107.52 44.06 28.85 0.00 50.00 25.00 0.00 0.00 0.00 0.00 0.00 0.00
0.00 0.00 0.00 0.00 0.00 0.00 0.00 0.00 0.00 0.00 0.00 0.00 0.00 0.00 0.00 0.00 0.00 0.00 0.00 0.00 0.00 0.00 0.00 0.00 0.00 0.00 0.00 0.00 0.00 0.00 0.00 1139.86 1114.86 1064.86 40.58 19.82 0.00 290.71 440.71 396.70 331.65 407.79 190.45 127.18 212.33 237.10 175.62 100.81 147.92 101.82 84.21 71.96 75.00 15.10 0.00 25.00 0.00 0.00 0.00 0.00 0.00
0.00 0.00 0.00 0.00 0.00 0.00 0.00 0.00 0.00 0.00 0.00 0.00 0.00 0.00 0.00 0.00 0.00 0.00 0.00 0.00 0.00 0.00 0.00 0.00 0.00 0.00 0.00 0.00 1214.86 1189.86 1164.86 77.00 93.75 113.70 96.04 98.41 169.10 341.88 0.00 305.45 275.81 148.73 182.40 205.27 213.26 226.23 211.16 271.50 250.73 227.08 201.02 187.22 122.04 75.01 85.29 25.00 0.00 0.00 0.00 0.00 0.00
0.00 0.00 0.00 0.00 0.00 0.00 0.00 0.00 0.00 0.00 0.00 0.00 0.00 0.00 0.00 0.00 0.00 0.00 0.00 0.00 0.00 0.00 0.00 0.00 1602.70 1577.70 1552.70 1527.70 262.84 237.84 265.29 268.72 243.85 195.64 226.60 310.10 366.88 309.35 491.01 274.49 245.34 286.84 322.24 344.30 320.13 408.35 458.75 527.12 335.83 167.33 107.57 56.87 134.67 110.29 64.71 25.00 0.00 0.00 0.00 0.00 0.00
0.00 0.00 0.00 0.00 0.00 0.00 0.00 0.00 0.00 0.00 0.00 0.00 0.00 0.00 0.00 0.00 0.00 0.00 0.00 50.00 25.00 0.00 0.00 1720.26 67.56 102.12 162.99 185.54 226.74 403.01 424.00 367.13 313.83 372.29 436.78 376.11 239.81 480.54 262.05 233.98 333.02 443.88 426.34 462.90 702.15 716.80 769.34 521.48 462.07 256.98 183.28 182.55 101.63 96.61 57.79 25.00 0.00 0.00 0.00 0.00 0.00
0.00 0.00 0.00 0.00 0.00 0.00 0.00 0.00 0.00 0.00 0.00 0.00 0.00 0.00 0.00 0.00 0.00 0.00 75.00 191.23 415.94 750.84 1773.02 33.79 121.93 226.38 234.63 222.53 361.87 338.68 390.89 354.70 478.85 543.82 491.45 441.28 443.44 364.06 452.00 418.28 540.47 554.91 533.61 704.72 446.66 316.06 82.66 59.25 83.30 308.25 158.56 101.83 47.07 120.12 84.35 54.67 25.00 0.00 0.00 0.00 0.00
0.00 0.00 0.00 0.00 0.00 0.00 0.00 0.00 0.00 0.00 0.00 0.00 100.00 75.00 50.00 25.00 0.00 100.00 740.39 774.42 868.95 1099.20 103.50 113.14 224.69 156.14 431.08 697.94 683.48 559.45 453.61 472.76 513.13 388.99 275.28 246.25 239.02 947.30 780.64 696.71 579.29 430.87 559.21 239.30 210.72 81.55 29.63 7.07 2.07 32.43 178.72 160.93 202.28 119.45 130.67 77.14 25.00 0.00 0.00 0.00 0.00
0.00 0.00 0.00 0.00 0.00 0.00 0.00 0.00 0.00 25.00 25.00 143.36 25.16 35.25 41.33 52.24 125.00 765.39 444.12 562.31 690.42 145.66 75.69 74.62 614.49 617.64 470.91 575.16 441.94 347.17 414.02 567.75 413.44 313.99 589.15 634.35 727.93 1172.50 740.58 647.35 518.18 458.66 287.98 211.11 86.60 38.47 30.79 11.73 4.50 27.39 128.73 144.82 106.24 36.22 77.83 93.83 68.37 25.00 0.00 0.00 0.00
0.00 0.00 0.00 0.00 0.00 0.00 0.00 0.00 50.00 73.15 139.31 60.84 41.80 45.98 35.92 122.14 635.99 584.50 681.95 593.10 143.67 107.82 100.25 105.61 1160.24 486.99 746.94 443.52 601.96 613.86 624.52 464.60 453.43 854.00 984.04 1270.73 1256.71 158.30 0.00 360.14 315.00 256.28 76.82 79.96 96.94 67.04 34.21 17.77 47.89 189.57 151.24 139.96 89.01 130.58 39.41 52.96 60.23 25.00 0.00 0.00 0.00
0.00 0.00 0.00 0.00 0.00 0.00 25.00 75.00 98.15 141.16 32.63 85.06 99.24 81.48 87.98 856.34 513.00 803.46 468.79 190.32 150.09 99.83 195.61 169.66 2043.65 1053.17 726.99 759.69 693.42 1302.56 1353.77 1416.80 1456.91 1508.16 734.51 337.76 140.36 0.00 510.12 259.46 229.89 151.40 141.15 216.40 161.35 125.07 129.11 208.31 237.69 152.15 67.58 134.31 184.22 79.56 38.55 38.57 43.60 25.00 0.00 0.00 0.00
0.00 0.00 0.00 0.00 0.00 50.00 0.00 190.28 202.05 34.99 91.14 56.58 228.66 105.57 952.17 548.31 489.07 1034.25 552.08 539.05 1291.11 1500.06 1860.16 1904.78 3044.78 1747.26 1389.58 1320.05 1483.30 1142.70 899.00 701.89 572.29 33.49 235.15 144.31 90.11 110.27 870.80 365.91 373.53 336.91 418.52 288.55 230.06 246.59 243.46 127.27 154.03 53.44 184.68 197.42 118.69 86.47 80.19 34.14 27.80 25.00 0.00 0.00 0.00
0.00 0.00 0.00 50.00 75.00 25.00 31.83 275.27 224.46 36.69 130.75 95.08 620.43 1378.17 961.89 1447.90 1588.21 2904.43 3032.71 3688.95 2804.21 2356.35 2911.02 2697.38 1009.65 1093.19 1119.77 1008.42 596.48 181.77 155.72 104.39 30.61 0.00 453.68 584.49 623.72 895.80 330.52 399.57 237.05 405.62 243.46 228.05 210.99 175.93 111.11 73.01 380.59 298.15 337.53 162.63 93.00 70.04 77.79 57.94 0.00 50.00 25.00 0.00 0.00
0.00 0.00 25.00 135.16 90.84 44.63 111.35 450.58 29.43 91.95 92.92 2141.53 2770.38 2137.02 2109.82 1667.59 2193.17 2018.56 1782.24 1458.07 1472.37 1577.00 586.44 827.28 191.80 231.77 307.43 219.28 136.89 180.54 195.44 253.40 362.96 478.68 281.24 276.80 350.98 611.54 505.57 376.94 446.72 295.38 339.84 366.50 387.90 413.94 503.81 723.39 454.16 401.49 215.41 311.00 360.70 385.53 288.42 215.75 175.00 75.00 50.00 25.00 0.00
0.00 0.00 72.08 214.29 128.24 110.50 429.92 95.79 524.20 939.60 2028.72 2799.93 1246.87 1196.65 1489.88 2375.79 2043.56 1035.60 700.34 240.52 258.67 357.07 294.70 202.40 251.99 191.51 128.89 103.47 133.52 250.43 289.20 297.70 269.64 306.24 453.19 809.72 636.54 570.55 318.32 280.95 260.71 252.57 269.50 264.69 379.60 452.18 480.16 397.86 317.66 331.55 261.28 235.62 115.45 25.00 0.00 0.00 0.00 0.00 0.00 0.00 0.00
0.00 0.00 184.60 285.27 193.06 224.92 350.78 465.69 1221.27 1232.04 2828.69 0.00 1047.26 2005.96 2311.72 1707.52 1271.18 279.73 196.10 170.95 148.87 295.37 217.78 165.32 159.65 154.62 152.64 226.97 302.96 281.90 220.39 155.87 206.29 478.19 592.37 59.46 600.45 77.77 242.37 247.90 261.29 499.26 529.91 382.07 307.83 369.79 374.74 195.93 315.67 259.81 167.09 0.00 0.00 0.00 0.00 0.00 0.00 0.00 0.00 0.00 0.00
0.00 209.60 354.25 191.55 282.30 0.00 1534.07 875.37 3612.58 3467.57 1434.47 1737.97 2133.66 2044.11 1167.60 340.51 284.92 383.06 356.28 353.70 392.85 356.22 371.76 311.28 131.35 86.06 333.00 266.02 270.51 145.94 141.85 156.58 723.20 438.49 265.08 0.00 798.65 363.76 210.58 416.68 627.60 307.10 132.94 496.33 474.02 326.78 129.33 347.28 121.16 0.00 25.00 25.00 0.00 0.00 0.00 0.00 0.00 0.00 0.00 0.00 0.00
29325.00 28048.47 27644.22 27405.70 26945.46 21869.12 17255.41 14726.42 16293.19 14055.75 7030.32 3133.71 2035.24 1197.89 853.66 308.93 1470.63 1100.52 765.85 735.05 560.54 313.39 289.32 128.72 294.37 420.95 337.48 250.80 169.19 84.26 232.41 828.86 434.27 211.73 665.64 823.65 388.70 280.46 385.63 556.12 273.25 212.35 402.65 333.10 327.03 283.92 330.40 90.59 86.22 50.00 50.00 0.00 0.00 0.00 0.00 0.00 0.00 0.00 0.00 0.00 0.00
991.92 966.92 590.20 379.80 429.20 5137.85 5277.76 6732.81 1217.41 1602.46 8116.29 10772.77 10251.57 9569.16 9449.08 9774.15 8352.52 7455.53 1110.34 269.25 330.17 394.10 315.07 518.45 749.53 540.49 215.96 211.58 106.50 89.01 1156.84 681.39 558.47 903.58 622.93 760.96 586.36 589.67 539.59 284.21 295.03 381.16 380.50 385.18 316.41 222.75 296.41 195.40 100.00 75.00 0.00 0.00 0.00 0.00 0.00 0.00 0.00 0.00 0.00 0.00 0.00
0.00 0.00 326.72 277.10 94.56 358.03 2766.40 785.64 862.20 869.20 216.02 190.37 149.09 171.09 73.96 64.14 71.72 778.11 7193.89 7809.48 1129.39 954.32 821.80 643.31 187.45 165.73 290.61 261.33 323.14 533.75 1576.61 1127.03 1211.44 1228.40 829.46 609.41 540.98 462.13 365.85 648.13 646.97 605.78 488.81 337.49 235.97 241.58 0.00 0.00 0.00 0.00 0.00 0.00 0.00 0.00 0.00 0.00 0.00 0.00 0.00 0.00 0.00
0.00 0.00 0.00 220.38 358.72 69.56 581.49 2473.47 345.00 1036.95 594.97 237.07 84.83 92.18 120.41 44.23 42.01 46.72 46.64 71.82 6544.17 2528.47 886.66 269.52 0.00 708.59 1460.25 2655.50 4899.15 3649.28 2474.21 1775.20 1530.41 1226.23 1140.18 877.51 631.83 572.66 784.73 474.30 510.98 398.87 253.17 310.74 172.70 50.00 25.00 0.00 0.00 0.00 0.00 0.00 0.00 0.00 0.00 0.00 0.00 0.00 0.00 0.00 0.00
0.00 0.00 0.00 0.00 25.00 333.72 70.35 699.64 2590.53 2639.61 1600.55 570.68 216.68 12.86 67.95 72.74 58.82 40.86 15.54 0.00 69.14 3943.37 4652.81 3565.36 3749.16 4068.91 3054.78 2694.92 292.53 1169.27 692.74 675.50 389.33 0.00 650.79 662.23 751.71 709.67 408.82 332.85 75.52 488.19 385.74 25.00 0.00 0.00 0.00 0.00 0.00 0.00 0.00 0.00 0.00 0.00 0.00 0.00 0.00 0.00 0.00 0.00 0.00
0.00 0.00 0.00 0.00 0.00 0.00 308.72 61.56 182.20 414.83 2026.01 1851.24 561.56 291.92 133.51 118.25 93.33 52.10 23.84 0.00 22.28 51.83 818.53 2364.88 2169.65 1019.61 1057.20 70.34 0.00 0.00 521.96 644.63 632.30 718.10 69.13 463.25 922.91 1034.40 905.61 612.70 538.19 0.00 0.00 0.00 0.00 0.00 0.00 0.00 0.00 0.00 0.00 0.00 0.00 0.00 0.00 0.00 0.00 0.00 0.00 0.00 0.00
0.00 0.00 0.00 0.00 0.00 0.00 213.42 45.29 8.29 0.00 414.39 1747.16 1788.93 1214.22 280.46 169.31 75.14 70.10 29.33 0.00 0.00 0.00 24.11 7.46 152.69 174.39 241.24 250.46 0.00 907.21 703.62 187.82 182.07 314.94 455.56 964.06 339.92 25.00 0.00 0.00 0.00 0.00 0.00 0.00 0.00 0.00 0.00 0.00 0.00 0.00 0.00 0.00 0.00 0.00 0.00 0.00 0.00 0.00 0.00 0.00 0.00
0.00 0.00 0.00 0.00 0.00 0.00 0.00 188.42 16.71 0.00 67.60 191.92 2253.35 781.65 1455.56 1317.73 176.39 77.35 74.66 25.60 4.52 0.00 63.43 52.42 80.40 91.85 1742.34 1925.21 2125.16 1349.96 1248.13 1464.37 1439.37 1256.51 1014.06 0.00 0.00 0.00 0.00 0.00 0.00 0.00 0.00 0.00 0.00 0.00 0.00 0.00 0.00 0.00 0.00 0.00 0.00 0.00 0.00 0.00 0.00 0.00 0.00 0.00 0.00
0.00 0.00 0.00 0.00 0.00 0.00 0.00 0.00 125.00 0.00 0.00 150.00 162.01 1751.84 1488.78 1345.85 2333.20 261.15 108.09 110.33 71.93 88.43 608.31 970.03 1249.43 2217.48 867.58 598.56 573.56 366.54 50.00 25.00 0.00 0.00 0.00 0.00 0.00 0.00 0.00 0.00 0.00 0.00 0.00 0.00 0.00 0.00 0.00 0.00 0.00 0.00 0.00 0.00 0.00 0.00 0.00 0.00 0.00 0.00 0.00 0.00 0.00
0.00 0.00 0.00 0.00 0.00 0.00 0.00 0.00 0.00 75.00 50.00 25.00 125.00 140.58 693.33 976.47 1145.94 3231.19 1156.66 1627.15 1586.63 1980.19 2380.03 1954.33 1571.94 517.45 50.00 25.00 0.00 0.00 0.00 0.00 0.00 0.00 0.00 0.00 0.00 0.00 0.00 0.00 0.00 0.00 0.00 0.00 0.00 0.00 0.00 0.00 0.00 0.00 0.00 0.00 0.00 0.00 0.00 0.00 0.00 0.00 0.00 0.00 0.00
0.00 0.00 0.00 0.00 0.00 0.00 0.00 0.00 0.00 0.00 0.00 0.00 0.00 100.00 75.00 24.03 7.92 25.00 2159.19 1638.70 1613.70 1108.15 25.00 0.00 0.00 0.00 0.00 0.00 0.00 0.00 0.00 0.00 0.00 0.00 0.00 0.00 0.00 0.00 0.00 0.00 0.00 0.00 0.00 0.00 0.00 0.00 0.00 0.00 0.00 0.00 0.00 0.00 0.00 0.00 0.00 0.00 0.00 0.00 0.00 0.00 0.00
0.00 0.00 0.00 0.00 0.00 0.00 0.00 0.00 0.00 0.00 0.00 0.00 0.00 0.00 0.00 50.00 25.00 0.00 0.00 0.00 0.00 0.00 0.00 0.00 0.00 0.00 0.00 0.00 0.00 0.00 0.00 0.00 0.00 0.00 0.00 0.00 0.00 0.00 0.00 0.00 0.00 0.00 0.00 0.00 0.00 0.00 0.00 0.00 0.00 0.00 0.00 0.00 0.00 0.00 0.00 0.00 0.00 0.00 0.00 0.00 0.00
