examples/SSHydro/meshing_from_weil/prepro/dem
north:     0
south:        4000.00000000
east:      0
west:        10000.00000000
rows:     10
cols:     20
   0.100000000000E+01   0.990000000000E+00   0.980000000000E+00   0.970000000000E+00   0.960000000000E+00   0.950000000000E+00   0.940000000000E+00   0.930000000000E+00   0.920000000000E+00   0.910000000000E+00   0.900000000000E+00   0.890000000000E+00   0.880000000000E+00   0.870000000000E+00   0.860000000000E+00   0.850000000000E+00   0.840000000000E+00   0.830000000000E+00   0.820000000000E+00   0.810000000000E+00
   0.975000000000E+00   0.965000000000E+00   0.955000000000E+00   0.945000000000E+00   0.935000000000E+00   0.925000000000E+00   0.915000000000E+00   0.905000000000E+00   0.895000000000E+00   0.885000000000E+00   0.875000000000E+00   0.865000000000E+00   0.855000000000E+00   0.845000000000E+00   0.835000000000E+00   0.825000000000E+00   0.815000000000E+00   0.805000000000E+00   0.795000000000E+00   0.785000000000E+00
   0.950000000000E+00   0.940000000000E+00   0.930000000000E+00   0.920000000000E+00   0.910000000000E+00   0.900000000000E+00   0.890000000000E+00   0.880000000000E+00   0.870000000000E+00   0.860000000000E+00   0.850000000000E+00   0.840000000000E+00   0.830000000000E+00   0.820000000000E+00   0.810000000000E+00   0.800000000000E+00   0.790000000000E+00   0.780000000000E+00   0.770000000000E+00   0.760000000000E+00
   0.925000000000E+00   0.915000000000E+00   0.905000000000E+00   0.895000000000E+00   0.885000000000E+00   0.875000000000E+00   0.865000000000E+00   0.855000000000E+00   0.845000000000E+00   0.835000000000E+00   0.825000000000E+00   0.815000000000E+00   0.805000000000E+00   0.795000000000E+00   0.785000000000E+00   0.775000000000E+00   0.765000000000E+00   0.755000000000E+00   0.745000000000E+00   0.735000000000E+00
   0.900000000000E+00   0.890000000000E+00   0.880000000000E+00   0.870000000000E+00   0.860000000000E+00   0.850000000000E+00   0.840000000000E+00   0.830000000000E+00   0.820000000000E+00   0.810000000000E+00   0.800000000000E+00   0.790000000000E+00   0.780000000000E+00   0.770000000000E+00   0.760000000000E+00   0.750000000000E+00   0.740000000000E+00   0.730000000000E+00   0.720000000000E+00   0.710000000000E+00
   0.875000000000E+00   0.865000000000E+00   0.855000000000E+00   0.845000000000E+00   0.835000000000E+00   0.825000000000E+00   0.815000000000E+00   0.805000000000E+00   0.795000000000E+00   0.785000000000E+00   0.775000000000E+00   0.765000000000E+00   0.755000000000E+00   0.745000000000E+00   0.735000000000E+00   0.725000000000E+00   0.715000000000E+00   0.705000000000E+00   0.695000000000E+00   0.685000000000E+00
   0.850000000000E+00   0.840000000000E+00   0.830000000000E+00   0.820000000000E+00   0.810000000000E+00   0.800000000000E+00   0.790000000000E+00   0.780000000000E+00   0.770000000000E+00   0.760000000000E+00   0.750000000000E+00   0.740000000000E+00   0.730000000000E+00   0.720000000000E+00   0.710000000000E+00   0.700000000000E+00   0.690000000000E+00   0.680000000000E+00   0.670000000000E+00   0.660000000000E+00
   0.825000000000E+00   0.815000000000E+00   0.805000000000E+00   0.795000000000E+00   0.785000000000E+00   0.775000000000E+00   0.765000000000E+00   0.755000000000E+00   0.745000000000E+00   0.735000000000E+00   0.725000000000E+00   0.715000000000E+00   0.705000000000E+00   0.695000000000E+00   0.685000000000E+00   0.675000000000E+00   0.665000000000E+00   0.655000000000E+00   0.645000000000E+00   0.635000000000E+00
   0.800000000000E+00   0.790000000000E+00   0.780000000000E+00   0.770000000000E+00   0.760000000000E+00   0.750000000000E+00   0.740000000000E+00   0.730000000000E+00   0.720000000000E+00   0.710000000000E+00   0.700000000000E+00   0.690000000000E+00   0.680000000000E+00   0.670000000000E+00   0.660000000000E+00   0.650000000000E+00   0.640000000000E+00   0.630000000000E+00   0.620000000000E+00   0.610000000000E+00
   0.775000000000E+00   0.765000000000E+00   0.755000000000E+00   0.745000000000E+00   0.735000000000E+00   0.725000000000E+00   0.715000000000E+00   0.705000000000E+00   0.695000000000E+00   0.685000000000E+00   0.675000000000E+00   0.665000000000E+00   0.655000000000E+00   0.645000000000E+00   0.635000000000E+00   0.625000000000E+00   0.615000000000E+00   0.605000000000E+00   0.595000000000E+00   0.585000000000E+00
