examples/SSHydro/meshing_from_weil/prepro/dem
north:     0
south:           0.00000000
east:      0
west:            0.00000000
rows:     20
cols:     20
   0.100000000000E+01   0.990000000000E+00   0.980000000000E+00   0.970000000000E+00   0.960000000000E+00   0.950000000000E+00   0.940000000000E+00   0.930000000000E+00   0.920000000000E+00   0.910000000000E+00   0.900000000000E+00   0.890000000000E+00   0.880000000000E+00   0.870000000000E+00   0.860000000000E+00   0.850000000000E+00   0.840000000000E+00   0.830000000000E+00   0.820000000000E+00   0.810000000000E+00
   0.975000000000E+00   0.965000000000E+00   0.955000000000E+00   0.945000000000E+00   0.935000000000E+00   0.925000000000E+00   0.915000000000E+00   0.905000000000E+00   0.895000000000E+00   0.885000000000E+00   0.875000000000E+00   0.865000000000E+00   0.855000000000E+00   0.845000000000E+00   0.835000000000E+00   0.825000000000E+00   0.815000000000E+00   0.805000000000E+00   0.795000000000E+00   0.785000000000E+00
   0.950000000000E+00   0.940000000000E+00   0.930000000000E+00   0.920000000000E+00   0.910000000000E+00   0.900000000000E+00   0.890000000000E+00   0.880000000000E+00   0.870000000000E+00   0.860000000000E+00   0.850000000000E+00   0.840000000000E+00   0.830000000000E+00   0.820000000000E+00   0.810000000000E+00   0.800000000000E+00   0.790000000000E+00   0.780000000000E+00   0.770000000000E+00   0.760000000000E+00
   0.925000000000E+00   0.915000000000E+00   0.905000000000E+00   0.895000000000E+00   0.885000000000E+00   0.875000000000E+00   0.865000000000E+00   0.855000000000E+00   0.845000000000E+00   0.835000000000E+00   0.825000000000E+00   0.815000000000E+00   0.805000000000E+00   0.795000000000E+00   0.785000000000E+00   0.775000000000E+00   0.765000000000E+00   0.755000000000E+00   0.745000000000E+00   0.735000000000E+00
   0.900000000000E+00   0.890000000000E+00   0.880000000000E+00   0.870000000000E+00   0.860000000000E+00   0.850000000000E+00   0.840000000000E+00   0.830000000000E+00   0.820000000000E+00   0.810000000000E+00   0.800000000000E+00   0.790000000000E+00   0.780000000000E+00   0.770000000000E+00   0.760000000000E+00   0.750000000000E+00   0.740000000000E+00   0.730000000000E+00   0.720000000000E+00   0.710000000000E+00
   0.875000000000E+00   0.865000000000E+00   0.855000000000E+00   0.845000000000E+00   0.835000000000E+00   0.825000000000E+00   0.815000000000E+00   0.805000000000E+00   0.795000000000E+00   0.785000000000E+00   0.775000000000E+00   0.765000000000E+00   0.755000000000E+00   0.745000000000E+00   0.735000000000E+00   0.725000000000E+00   0.715000000000E+00   0.705000000000E+00   0.695000000000E+00   0.685000000000E+00
   0.850000000000E+00   0.840000000000E+00   0.830000000000E+00   0.820000000000E+00   0.810000000000E+00   0.800000000000E+00   0.790000000000E+00   0.780000000000E+00   0.770000000000E+00   0.760000000000E+00   0.750000000000E+00   0.740000000000E+00   0.730000000000E+00   0.720000000000E+00   0.710000000000E+00   0.700000000000E+00   0.690000000000E+00   0.680000000000E+00   0.670000000000E+00   0.660000000000E+00
   0.825000000000E+00   0.815000000000E+00   0.805000000000E+00   0.795000000000E+00   0.785000000000E+00   0.775000000000E+00   0.765000000000E+00   0.755000000000E+00   0.745000000000E+00   0.735000000000E+00   0.725000000000E+00   0.715000000000E+00   0.705000000000E+00   0.695000000000E+00   0.685000000000E+00   0.675000000000E+00   0.665000000000E+00   0.655000000000E+00   0.645000000000E+00   0.635000000000E+00
   0.800000000000E+00   0.790000000000E+00   0.780000000000E+00   0.770000000000E+00   0.760000000000E+00   0.750000000000E+00   0.740000000000E+00   0.730000000000E+00   0.720000000000E+00   0.710000000000E+00   0.700000000000E+00   0.690000000000E+00   0.680000000000E+00   0.670000000000E+00   0.660000000000E+00   0.650000000000E+00   0.640000000000E+00   0.630000000000E+00   0.620000000000E+00   0.610000000000E+00
   0.775000000000E+00   0.765000000000E+00   0.755000000000E+00   0.745000000000E+00   0.735000000000E+00   0.725000000000E+00   0.715000000000E+00   0.705000000000E+00   0.695000000000E+00   0.685000000000E+00   0.675000000000E+00   0.665000000000E+00   0.655000000000E+00   0.645000000000E+00   0.635000000000E+00   0.625000000000E+00   0.615000000000E+00   0.605000000000E+00   0.595000000000E+00   0.585000000000E+00
   0.750000000000E+00   0.740000000000E+00   0.730000000000E+00   0.720000000000E+00   0.710000000000E+00   0.700000000000E+00   0.690000000000E+00   0.680000000000E+00   0.670000000000E+00   0.660000000000E+00   0.650000000000E+00   0.640000000000E+00   0.630000000000E+00   0.620000000000E+00   0.610000000000E+00   0.600000000000E+00   0.590000000000E+00   0.580000000000E+00   0.570000000000E+00   0.560000000000E+00
   0.725000000000E+00   0.715000000000E+00   0.705000000000E+00   0.695000000000E+00   0.685000000000E+00   0.675000000000E+00   0.665000000000E+00   0.655000000000E+00   0.645000000000E+00   0.635000000000E+00   0.625000000000E+00   0.615000000000E+00   0.605000000000E+00   0.595000000000E+00   0.585000000000E+00   0.575000000000E+00   0.565000000000E+00   0.555000000000E+00   0.545000000000E+00   0.535000000000E+00
   0.700000000000E+00   0.690000000000E+00   0.680000000000E+00   0.670000000000E+00   0.660000000000E+00   0.650000000000E+00   0.640000000000E+00   0.630000000000E+00   0.620000000000E+00   0.610000000000E+00   0.600000000000E+00   0.590000000000E+00   0.580000000000E+00   0.570000000000E+00   0.560000000000E+00   0.550000000000E+00   0.540000000000E+00   0.530000000000E+00   0.520000000000E+00   0.510000000000E+00
   0.675000000000E+00   0.665000000000E+00   0.655000000000E+00   0.645000000000E+00   0.635000000000E+00   0.625000000000E+00   0.615000000000E+00   0.605000000000E+00   0.595000000000E+00   0.585000000000E+00   0.575000000000E+00   0.565000000000E+00   0.555000000000E+00   0.545000000000E+00   0.535000000000E+00   0.525000000000E+00   0.515000000000E+00   0.505000000000E+00   0.495000000000E+00   0.485000000000E+00
   0.650000000000E+00   0.640000000000E+00   0.630000000000E+00   0.620000000000E+00   0.610000000000E+00   0.600000000000E+00   0.590000000000E+00   0.580000000000E+00   0.570000000000E+00   0.560000000000E+00   0.550000000000E+00   0.540000000000E+00   0.530000000000E+00   0.520000000000E+00   0.510000000000E+00   0.500000000000E+00   0.490000000000E+00   0.480000000000E+00   0.470000000000E+00   0.460000000000E+00
   0.625000000000E+00   0.615000000000E+00   0.605000000000E+00   0.595000000000E+00   0.585000000000E+00   0.575000000000E+00   0.565000000000E+00   0.555000000000E+00   0.545000000000E+00   0.535000000000E+00   0.525000000000E+00   0.515000000000E+00   0.505000000000E+00   0.495000000000E+00   0.485000000000E+00   0.475000000000E+00   0.465000000000E+00   0.455000000000E+00   0.445000000000E+00   0.435000000000E+00
   0.600000000000E+00   0.590000000000E+00   0.580000000000E+00   0.570000000000E+00   0.560000000000E+00   0.550000000000E+00   0.540000000000E+00   0.530000000000E+00   0.520000000000E+00   0.510000000000E+00   0.500000000000E+00   0.490000000000E+00   0.480000000000E+00   0.470000000000E+00   0.460000000000E+00   0.450000000000E+00   0.440000000000E+00   0.430000000000E+00   0.420000000000E+00   0.410000000000E+00
   0.575000000000E+00   0.565000000000E+00   0.555000000000E+00   0.545000000000E+00   0.535000000000E+00   0.525000000000E+00   0.515000000000E+00   0.505000000000E+00   0.495000000000E+00   0.485000000000E+00   0.475000000000E+00   0.465000000000E+00   0.455000000000E+00   0.445000000000E+00   0.435000000000E+00   0.425000000000E+00   0.415000000000E+00   0.405000000000E+00   0.395000000000E+00   0.385000000000E+00
   0.550000000000E+00   0.540000000000E+00   0.530000000000E+00   0.520000000000E+00   0.510000000000E+00   0.500000000000E+00   0.490000000000E+00   0.480000000000E+00   0.470000000000E+00   0.460000000000E+00   0.450000000000E+00   0.440000000000E+00   0.430000000000E+00   0.420000000000E+00   0.410000000000E+00   0.400000000000E+00   0.390000000000E+00   0.380000000000E+00   0.370000000000E+00   0.360000000000E+00
   0.525000000000E+00   0.515000000000E+00   0.505000000000E+00   0.495000000000E+00   0.485000000000E+00   0.475000000000E+00   0.465000000000E+00   0.455000000000E+00   0.445000000000E+00   0.435000000000E+00   0.425000000000E+00   0.415000000000E+00   0.405000000000E+00   0.395000000000E+00   0.385000000000E+00   0.375000000000E+00   0.365000000000E+00   0.355000000000E+00   0.345000000000E+00   0.335000000000E+00
