examples/SSHydro/meshing_from_weil/prepro/dtm_A_inflow
north:     0
south:           0.00000000
east:      0
west:            0.00000000
rows:     20
cols:     20
[rows 0 to 19 of 20, columns 0 to 19 of 20]
0.00 0.00 0.00 0.00 0.00 0.00 0.00 0.00 0.00 0.00 0.00 0.00 0.00 0.00 0.00 0.00 0.00 0.00 0.00 0.00
0.25 0.25 0.25 0.25 0.25 0.25 0.25 0.25 0.25 0.25 0.25 0.25 0.25 0.25 0.25 0.25 0.25 0.25 0.25 0.25
0.50 0.26 0.50 0.50 0.50 0.50 0.50 0.50 0.50 0.50 0.50 0.50 0.50 0.50 0.50 0.50 0.50 0.50 0.50 0.74
0.75 0.26 0.63 0.75 0.75 0.75 0.75 0.75 0.75 0.75 0.75 0.75 0.75 0.75 0.75 0.75 0.75 0.75 0.75 1.36
1.00 0.26 0.70 0.94 1.00 1.00 1.00 1.00 1.00 1.00 1.00 1.00 1.00 1.00 1.00 1.00 1.00 1.00 1.00 2.09
1.25 0.26 0.74 1.08 1.22 1.25 1.25 1.25 1.25 1.25 1.25 1.25 1.25 1.25 1.25 1.25 1.25 1.25 1.25 2.95
1.50 0.27 0.76 1.16 1.40 1.49 1.50 1.50 1.50 1.50 1.50 1.50 1.50 1.50 1.50 1.50 1.50 1.50 1.50 3.92
1.75 0.27 0.77 1.22 1.54 1.70 1.74 1.75 1.75 1.75 1.75 1.75 1.75 1.75 1.75 1.75 1.75 1.75 1.75 5.02
2.00 0.27 0.78 1.25 1.63 1.87 1.97 2.00 2.00 2.00 2.00 2.00 2.00 2.00 2.00 2.00 2.00 2.00 2.00 6.24
2.25 0.27 0.78 1.27 1.70 2.00 2.17 2.23 2.25 2.25 2.25 2.25 2.25 2.25 2.25 2.25 2.25 2.25 2.25 7.58
2.50 0.27 0.78 1.28 1.74 2.11 2.34 2.45 2.49 2.50 2.50 2.50 2.50 2.50 2.50 2.50 2.50 2.50 2.50 9.04
2.75 0.27 0.78 1.29 1.77 2.18 2.48 2.65 2.72 2.75 2.75 2.75 2.75 2.75 2.75 2.75 2.75 2.75 2.75 10.62
3.00 0.27 0.78 1.29 1.79 2.23 2.58 2.82 2.94 2.98 3.00 3.00 3.00 3.00 3.00 3.00 3.00 3.00 3.00 12.33
3.25 0.27 0.78 1.30 1.80 2.27 2.66 2.95 3.13 3.21 3.24 3.25 3.25 3.25 3.25 3.25 3.25 3.25 3.25 14.15
3.50 0.27 0.78 1.30 1.80 2.29 2.72 3.06 3.29 3.42 3.48 3.50 3.50 3.50 3.50 3.50 3.50 3.50 3.50 16.10
3.75 0.27 0.78 1.30 1.81 2.30 2.76 3.15 3.43 3.61 3.70 3.74 3.75 3.75 3.75 3.75 3.75 3.75 3.75 18.16
4.00 0.27 0.78 1.30 1.81 2.31 2.79 3.21 3.54 3.77 3.91 3.97 3.99 4.00 4.00 4.00 4.00 4.00 4.00 20.35
4.25 0.27 0.78 1.30 1.81 2.32 2.81 3.26 3.63 3.91 4.09 4.19 4.23 4.25 4.25 4.25 4.25 4.25 4.25 22.66
4.50 0.27 0.78 1.30 1.81 2.32 2.82 3.29 3.70 4.03 4.25 4.39 4.46 4.49 4.50 4.50 4.50 4.50 4.50 25.09
4.75 5.27 6.30 7.85 9.91 12.49 15.57 19.13 23.13 27.50 32.14 36.97 41.89 46.87 51.86 56.86 61.86 66.86 71.86 99.75
