examples/SSHydro/meshing_from_weil/prepro/dtm_A_inflow
north:     0
south:           0.00000000
east:      0
west:            0.00000000
rows:     10
cols:     20
[rows 0 to 9 of 10, columns 0 to 19 of 20]
0.00 0.00 0.00 0.00 0.00 0.00 0.00 0.00 0.00 0.00 0.00 0.00 0.00 0.00 0.00 0.00 0.00 0.00 0.00 0.00
0.25 0.25 0.25 0.25 0.25 0.25 0.25 0.25 0.25 0.25 0.25 0.25 0.25 0.25 0.25 0.25 0.25 0.25 0.25 0.25
0.50 0.26 0.50 0.50 0.50 0.50 0.50 0.50 0.50 0.50 0.50 0.50 0.50 0.50 0.50 0.50 0.50 0.50 0.50 0.74
0.75 0.26 0.63 0.75 0.75 0.75 0.75 0.75 0.75 0.75 0.75 0.75 0.75 0.75 0.75 0.75 0.75 0.75 0.75 1.36
1.00 0.26 0.70 0.94 1.00 1.00 1.00 1.00 1.00 1.00 1.00 1.00 1.00 1.00 1.00 1.00 1.00 1.00 1.00 2.09
1.25 0.26 0.74 1.08 1.22 1.25 1.25 1.25 1.25 1.25 1.25 1.25 1.25 1.25 1.25 1.25 1.25 1.25 1.25 2.95
1.50 0.27 0.76 1.16 1.40 1.49 1.50 1.50 1.50 1.50 1.50 1.50 1.50 1.50 1.50 1.50 1.50 1.50 1.50 3.92
1.75 0.27 0.77 1.22 1.54 1.70 1.74 1.75 1.75 1.75 1.75 1.75 1.75 1.75 1.75 1.75 1.75 1.75 1.75 5.02
2.00 0.27 0.78 1.25 1.63 1.87 1.97 2.00 2.00 2.00 2.00 2.00 2.00 2.00 2.00 2.00 2.00 2.00 2.00 6.24
2.25 2.77 3.79 5.32 7.26 9.52 11.94 14.42 16.92 19.42 21.92 24.42 26.92 29.42 31.92 34.42 36.92 39.42 41.92 49.75
