
     ISIMGR (0 FLOW3D only w/ grid input, 
             1 FLOW3D only w/ DEM input, 
             2 FLOW3D and SURF_ROUTE w/ DEM) =      2
     PONDH_MIN (MIN. PONDING HEAD)           =     0.00000E+00
     IPRT1  (FOR OUTPUT OF INPUT DATA)       =      2
     IPRT   (FOR ELEM VEL & DET NODAL OUTPUT)=      4
     NPRT   (# OF TIME VALUES FOR DET OUTPUT)=      2
     NUMVP  (# OF SURF NODES FOR VP OUTPUT)  =      1
     NR     (# OF NODES FOR PARTIAL OUTPUT)  =      0

     KSLOPE (0 ANA, 1 KSL/ANA, 2 KSL/C-DIFF,
             3 LOC KSL/ANA, 4 LOC TAN-SLOPE) =      0
     TOLKSL (TOLERANCE FOR CHORD SLOPE)      =     1.00000E-02

     ISFONE (0 ALL-NODE SFEX UPD, 1 1-NODE)  =      0
     ISFCVG (0 NL CONVG W/O SFEX, 1 W/ SFEX) =      0
     TETAF  (EG: 1 BACKWARD EULER, 0.5 C-N)  =     1.00000E+00
     LUMP   (MASS LUMPING IF NONZERO)        =      1
     IOPT   (1 PICARD, 2 NEWTON)             =      1
     NLRELX (0 NORELX,1 CONS RELX,2 VAR RELX)=      0
     L2NORM (0 INFINITY NORM, ELSE L2 NORM)  =      0
     TOLUNS (TOLERANCE FOR NONLINEAR ITER)   =     1.00000E-04
     TOLSWI (TOLERANCE FOR BC SWITCHING)     =     1.00000E+30
     ERNLMX (MAX ALLOWABLE CVG OR RESID ERR) =     1.00000E+30
     ITUNS  (MAX NONLINEAR ITER / TIME STEP) =     10
     ITUNS1 (DELTAT INCREASE THRESHOLD)      =      5
     ITUNS2 (DELTAT DECREASE THRESHOLD)      =      7

     ISOLV  (-5 BiCGSTAB w/ diag precond, 
             -4 BiCGSTAB without precond, 
             -3 TFQMR   w/ diag precond, 
             -2 TFQMR   without precond, 
             -1 TFQMR   w/ K^-1  precond, 
              0 BiCGSTAB w/ K^-1  precond, 
              1 GRAMRB (min residual), 
              2 GCRK(5) (ORTHOMIN), 
              3 NONSYM (direct solver))      =      2
     ITMXCG (MAX ITER FOR CG LINEAR SOLVERS) =    500
     TOLCG  (TOLER. FOR CG LINEAR SOLVERS)   =     1.00000E-10

     DELTAT (INITIAL TIME STEP SIZE)         =     5.00000E+00
     DTMIN  (MINIMUM TIME STEP SIZE)         =     1.00000E-02
     DTMAX  (MAXIMUM TIME STEP SIZE)         =     1.00000E+02
     TMAX   (TIME AT END OF SIMULATION)      =     3.60000E+04
     DTMAGA (MAG. FACTOR FOR DELTAT, ADD.)   =     0.00000E+00
     DTMAGM (MAG. FACTOR FOR DELTAT, MULT.)  =     1.10000E+00
     DTREDS (RED. FACTOR FOR DELTAT, SUB.)   =     0.00000E+00
     DTREDM (RED. FACTOR FOR DELTAT, MULT.)  =     5.00000E-01

     CONSTANT INITIAL PRESSURE HEAD          =    -5.00000E+01

     PMIN  (AIR DRY PRESSURE HEAD VALUE)     =    -5.00000E+00
     IPEAT (flag for peat deformation)       =      0
     IVGHU (-1 moisture curve lookup table, 
            0 van Genuchten, 
            1 extended van Genuchten, 
            2 Huyakorn with Kr=Se**n, 
            3 Huyakorn with log_10 Kr(Se), 
            4 Brooks-Corey)                  =      0
 SPATIALLY VARIABLE VAN GENUCHTEN PARAMETERS


     SATURATED HYDRAULIC CONDUCTIVITY, SPECIFIC STORAGE, AND POROSITY VALUES
  LAYER MAT.TYPE  X-PERM       Y-PERM       Z-PERM       STORAGE      POROSITY          VGN        VGRMC        VGPSAT
    1       1    1.88000E-04  1.88000E-04  1.88000E-04  1.00000E-05  5.50000E-01  1.46000E+00  1.50000E-01  3.12500E-02
    2       1    1.88000E-04  1.88000E-04  1.88000E-04  1.00000E-05  5.50000E-01  1.46000E+00  1.50000E-01  3.12500E-02
    3       1    1.88000E-04  1.88000E-04  1.88000E-04  1.00000E-05  5.50000E-01  1.46000E+00  1.50000E-01  3.12500E-02
    4       1    1.88000E-04  1.88000E-04  1.88000E-04  1.00000E-05  5.50000E-01  1.46000E+00  1.50000E-01  3.12500E-02
    5       1    1.88000E-04  1.88000E-04  1.88000E-04  1.00000E-05  5.50000E-01  1.46000E+00  1.50000E-01  3.12500E-02
    6       1    1.88000E-04  1.88000E-04  1.88000E-04  1.00000E-05  5.50000E-01  1.46000E+00  1.50000E-01  3.12500E-02
    7       1    1.88000E-04  1.88000E-04  1.88000E-04  1.00000E-05  5.50000E-01  1.46000E+00  1.50000E-01  3.12500E-02
    8       1    1.88000E-04  1.88000E-04  1.88000E-04  1.00000E-05  5.50000E-01  1.46000E+00  1.50000E-01  3.12500E-02
    9       1    1.88000E-04  1.88000E-04  1.88000E-04  1.00000E-05  5.50000E-01  1.46000E+00  1.50000E-01  3.12500E-02
   10       1    1.88000E-04  1.88000E-04  1.88000E-04  1.00000E-05  5.50000E-01  1.46000E+00  1.50000E-01  3.12500E-02
   11       1    1.88000E-04  1.88000E-04  1.88000E-04  1.00000E-05  5.50000E-01  1.46000E+00  1.50000E-01  3.12500E-02
   12       1    1.88000E-04  1.88000E-04  1.88000E-04  1.00000E-05  5.50000E-01  1.46000E+00  1.50000E-01  3.12500E-02
   13       1    1.88000E-04  1.88000E-04  1.88000E-04  1.00000E-05  5.50000E-01  1.46000E+00  1.50000E-01  3.12500E-02
   14       1    1.88000E-04  1.88000E-04  1.88000E-04  1.00000E-05  5.50000E-01  1.46000E+00  1.50000E-01  3.12500E-02
   15       1    1.88000E-04  1.88000E-04  1.88000E-04  1.00000E-05  5.50000E-01  1.46000E+00  1.50000E-01  3.12500E-02

     N     (# OF NODES IN 3-D MESH)          =     4096
     NT    (# OF TETRAHEDRA IN 3-D MESH)     =    20250

     NTERM (# OF NONZERO TERMS IN SYS. MAT.) =    29791

     AREATOT (TOTAL CATCHMENT SURFACE AREA)  =     2.25000E+02
     (SURFACE AREA FROM NCELL*DELTAX*DELTAY) =     2.25000E+02
     VOLTOT  (TOT VOL OF DISCRETIZED CATCH.) =     1.35000E+03

     NATM, NSF DIRICHLET BCs AT BEGINNING OF SIMULATION
     #  NODE  BC VALUE        #  NODE  BC VALUE        #  NODE  BC VALUE    


       NATM, NSF NEUMANN BCs AT BEGINNING OF SIMULATION
     #  NODE  BC VALUE        #  NODE  BC VALUE        #  NODE  BC VALUE    
     1   240   1.20000E-08    2   241   1.20000E-08    3   242   1.20000E-08
     4   243   1.20000E-08    5   244   1.20000E-08    6   245   1.20000E-08
     7   246   1.20000E-08    8   247   1.20000E-08    9   248   1.20000E-08
    10   249   1.20000E-08   11   250   1.20000E-08   12   251   1.20000E-08
    13   252   1.20000E-08   14   253   1.20000E-08   15   254   1.20000E-08
    16   255   1.20000E-08   17   496   1.20000E-08   18   497   1.20000E-08
    19   498   1.20000E-08   20   499   1.20000E-08   21   500   1.20000E-08
    22   501   1.20000E-08   23   502   1.20000E-08   24   503   1.20000E-08
    25   504   1.20000E-08   26   505   1.20000E-08   27   506   1.20000E-08
    28   507   1.20000E-08   29   508   1.20000E-08   30   509   1.20000E-08
    31   510   1.20000E-08   32   511   1.20000E-08   33   752   1.20000E-08
    34   753   1.20000E-08   35   754   1.20000E-08   36   755   1.20000E-08
    37   756   1.20000E-08   38   757   1.20000E-08   39   758   1.20000E-08
    40   759   1.20000E-08   41   760   1.20000E-08   42   761   1.20000E-08
    43   762   1.20000E-08   44   763   1.20000E-08   45   764   1.20000E-08
    46   765   1.20000E-08   47   766   1.20000E-08   48   767   1.20000E-08
    49  1008   1.20000E-08   50  1009   1.20000E-08   51  1010   1.20000E-08
    52  1011   1.20000E-08   53  1012   1.20000E-08   54  1013   1.20000E-08
    55  1014   1.20000E-08   56  1015   1.20000E-08   57  1016   1.20000E-08
    58  1017   1.20000E-08   59  1018   1.20000E-08   60  1019   1.20000E-08
    61  1020   1.20000E-08   62  1021   1.20000E-08   63  1022   1.20000E-08
    64  1023   1.20000E-08   65  1264   1.20000E-08   66  1265   1.20000E-08
    67  1266   1.20000E-08   68  1267   1.20000E-08   69  1268   1.20000E-08
    70  1269   1.20000E-08   71  1270   1.20000E-08   72  1271   1.20000E-08
    73  1272   1.20000E-08   74  1273   1.20000E-08   75  1274   1.20000E-08
    76  1275   1.20000E-08   77  1276   1.20000E-08   78  1277   1.20000E-08
    79  1278   1.20000E-08   80  1279   1.20000E-08   81  1520   1.20000E-08
    82  1521   1.20000E-08   83  1522   1.20000E-08   84  1523   1.20000E-08
    85  1524   1.20000E-08   86  1525   1.20000E-08   87  1526   1.20000E-08
    88  1527   1.20000E-08   89  1528   1.20000E-08   90  1529   1.20000E-08
    91  1530   1.20000E-08   92  1531   1.20000E-08   93  1532   1.20000E-08
    94  1533   1.20000E-08   95  1534   1.20000E-08   96  1535   1.20000E-08
    97  1776   1.20000E-08   98  1777   1.20000E-08   99  1778   1.20000E-08
   100  1779   1.20000E-08  101  1780   1.20000E-08  102  1781   1.20000E-08
   103  1782   1.20000E-08  104  1783   1.20000E-08  105  1784   1.20000E-08
   106  1785   1.20000E-08  107  1786   1.20000E-08  108  1787   1.20000E-08
   109  1788   1.20000E-08  110  1789   1.20000E-08  111  1790   1.20000E-08
   112  1791   1.20000E-08  113  2032   1.20000E-08  114  2033   1.20000E-08
   115  2034   1.20000E-08  116  2035   1.20000E-08  117  2036   1.20000E-08
   118  2037   1.20000E-08  119  2038   1.20000E-08  120  2039   1.20000E-08
   121  2040   1.20000E-08  122  2041   1.20000E-08  123  2042   1.20000E-08
   124  2043   1.20000E-08  125  2044   1.20000E-08  126  2045   1.20000E-08
   127  2046   1.20000E-08  128  2047   1.20000E-08  129  2288   1.20000E-08
   130  2289   1.20000E-08  131  2290   1.20000E-08  132  2291   1.20000E-08
   133  2292   1.20000E-08  134  2293   1.20000E-08  135  2294   1.20000E-08
   136  2295   1.20000E-08  137  2296   1.20000E-08  138  2297   1.20000E-08
   139  2298   1.20000E-08  140  2299   1.20000E-08  141  2300   1.20000E-08
   142  2301   1.20000E-08  143  2302   1.20000E-08  144  2303   1.20000E-08
   145  2544   1.20000E-08  146  2545   1.20000E-08  147  2546   1.20000E-08
   148  2547   1.20000E-08  149  2548   1.20000E-08  150  2549   1.20000E-08
   151  2550   1.20000E-08  152  2551   1.20000E-08  153  2552   1.20000E-08
   154  2553   1.20000E-08  155  2554   1.20000E-08  156  2555   1.20000E-08
   157  2556   1.20000E-08  158  2557   1.20000E-08  159  2558   1.20000E-08
   160  2559   1.20000E-08  161  2800   1.20000E-08  162  2801   1.20000E-08
   163  2802   1.20000E-08  164  2803   1.20000E-08  165  2804   1.20000E-08
   166  2805   1.20000E-08  167  2806   1.20000E-08  168  2807   1.20000E-08
   169  2808   1.20000E-08  170  2809   1.20000E-08  171  2810   1.20000E-08
   172  2811   1.20000E-08  173  2812   1.20000E-08  174  2813   1.20000E-08
   175  2814   1.20000E-08  176  2815   1.20000E-08  177  3056   1.20000E-08
   178  3057   1.20000E-08  179  3058   1.20000E-08  180  3059   1.20000E-08
   181  3060   1.20000E-08  182  3061   1.20000E-08  183  3062   1.20000E-08
   184  3063   1.20000E-08  185  3064   1.20000E-08  186  3065   1.20000E-08
   187  3066   1.20000E-08  188  3067   1.20000E-08  189  3068   1.20000E-08
   190  3069   1.20000E-08  191  3070   1.20000E-08  192  3071   1.20000E-08
   193  3312   1.20000E-08  194  3313   1.20000E-08  195  3314   1.20000E-08
   196  3315   1.20000E-08  197  3316   1.20000E-08  198  3317   1.20000E-08
   199  3318   1.20000E-08  200  3319   1.20000E-08  201  3320   1.20000E-08
   202  3321   1.20000E-08  203  3322   1.20000E-08  204  3323   1.20000E-08
   205  3324   1.20000E-08  206  3325   1.20000E-08  207  3326   1.20000E-08
   208  3327   1.20000E-08  209  3568   1.20000E-08  210  3569   1.20000E-08
   211  3570   1.20000E-08  212  3571   1.20000E-08  213  3572   1.20000E-08
   214  3573   1.20000E-08  215  3574   1.20000E-08  216  3575   1.20000E-08
   217  3576   1.20000E-08  218  3577   1.20000E-08  219  3578   1.20000E-08
   220  3579   1.20000E-08  221  3580   1.20000E-08  222  3581   1.20000E-08
   223  3582   1.20000E-08  224  3583   1.20000E-08  225  3824   1.20000E-08
   226  3825   1.20000E-08  227  3826   1.20000E-08  228  3827   1.20000E-08
   229  3828   1.20000E-08  230  3829   1.20000E-08  231  3830   1.20000E-08
   232  3831   1.20000E-08  233  3832   1.20000E-08  234  3833   1.20000E-08
   235  3834   1.20000E-08  236  3835   1.20000E-08  237  3836   1.20000E-08
   238  3837   1.20000E-08  239  3838   1.20000E-08  240  3839   1.20000E-08
   241  4080   1.20000E-08  242  4081   1.20000E-08  243  4082   1.20000E-08
   244  4083   1.20000E-08  245  4084   1.20000E-08  246  4085   1.20000E-08
   247  4086   1.20000E-08  248  4087   1.20000E-08  249  4088   1.20000E-08
   250  4089   1.20000E-08  251  4090   1.20000E-08  252  4091   1.20000E-08
   253  4092   1.20000E-08  254  4093   1.20000E-08  255  4094   1.20000E-08
   256  4095   1.20000E-08

       NATM, NSF NEUMANN BCs INPUT AT TIME:   0.0000E+00

     HSPATM(0 SPAT. VAR. ATM BC, ELSE HOMO.) =      1

     NUDN   (# OF NUDGING OBSERVATION POINTS)=      0

     INITIAL VOLUME OF WATER IN SUBSURFACE   =   2.20634E+02

     nsf  (# of seepage faces)               =      0


      TIME STEP:        1    DELTAT:   5.0000E+00    TIME:   5.0000E+00
     ******************************************************************


      LINEAR SOLVER CONVERGENCE BEHAVIOR
 iter       residual  real residual
    1   5.128794E-32   6.653094E-17  <<SYMMETRIC SOLVER>>
    1   2.039928E-24   6.969480E-17  <<SYMMETRIC SOLVER>>
    1   1.919865E-25   9.465939E-17  <<SYMMETRIC SOLVER>>
    1   2.027613E-24   8.233147E-17  <<SYMMETRIC SOLVER>>
    1   1.919786E-25   9.658405E-17  <<SYMMETRIC SOLVER>>
    1   2.027678E-24   7.812115E-17  <<SYMMETRIC SOLVER>>
    1   1.919842E-25   9.607088E-17  <<SYMMETRIC SOLVER>>
    1   2.027641E-24   6.713652E-17  <<SYMMETRIC SOLVER>>
    1   1.919787E-25   9.613141E-17  <<SYMMETRIC SOLVER>>
    1   2.027522E-24   7.566733E-17  <<SYMMETRIC SOLVER>>

                     NONLINEAR CONVERGENCE BEHAVIOR 
 iter- convergence error norms  node    PNEW at    POLD at  residual error norms
 ation         PL2      PIKMAX IKMAX      IKMAX      IKMAX        FL2       FINF
     1  7.3879E-01  4.7412E-01   241  -4.95E+01  -5.00E+01  1.920E-07  1.200E-08
     2  4.0398E-01  9.9745E-02   449  -4.99E+01  -5.00E+01  1.639E-07  4.160E-08
     3  1.1062E+02 -7.1512E+00   193  -1.22E+01  -5.00E+00  4.375E-04  3.058E-05
     4  6.4037E-02  1.5809E-02   449  -4.99E+01  -4.99E+01  2.602E-08  6.605E-09
     5  1.1062E+02 -7.1512E+00   193  -1.22E+01  -5.00E+00  4.375E-04  3.058E-05
     6  6.4037E-02  1.5809E-02   449  -4.99E+01  -4.99E+01  2.602E-08  6.605E-09
     7  1.1062E+02 -7.1512E+00   193  -1.22E+01  -5.00E+00  4.375E-04  3.058E-05
     8  6.4037E-02  1.5809E-02   449  -4.99E+01  -4.99E+01  2.602E-08  6.605E-09
     9  1.1062E+02 -7.1512E+00   193  -1.22E+01  -5.00E+00  4.375E-04  3.058E-05
    10  6.4037E-02  1.5809E-02   449  -4.99E+01  -4.99E+01  2.602E-08  6.605E-09
 CONVERGENCE NOT ACHIEVED IN   10 ITERATIONS
 >>> BACK-STEPPING...


      TIME STEP:        1    DELTAT:   2.5000E+00    TIME:   2.5000E+00
     ******************************************************************


      LINEAR SOLVER CONVERGENCE BEHAVIOR
 iter       residual  real residual
    1   2.794358E-32   6.267537E-17  <<SYMMETRIC SOLVER>>
    1   1.278339E-25   7.562932E-17  <<SYMMETRIC SOLVER>>
    1   1.202520E-26   9.733785E-17  <<SYMMETRIC SOLVER>>
    1   1.274897E-25   7.489688E-17  <<SYMMETRIC SOLVER>>
    1   1.202559E-26   9.282426E-17  <<SYMMETRIC SOLVER>>
    1   1.274824E-25   8.367989E-17  <<SYMMETRIC SOLVER>>
    1   1.202513E-26   9.268948E-17  <<SYMMETRIC SOLVER>>
    1   1.274788E-25   6.816750E-17  <<SYMMETRIC SOLVER>>
    1   1.202674E-26   9.259716E-17  <<SYMMETRIC SOLVER>>
    1   1.274973E-25   8.058843E-17  <<SYMMETRIC SOLVER>>

                     NONLINEAR CONVERGENCE BEHAVIOR 
 iter- convergence error norms  node    PNEW at    POLD at  residual error norms
 ation         PL2      PIKMAX IKMAX      IKMAX      IKMAX        FL2       FINF
     1  3.6940E-01  2.3706E-01   241  -4.98E+01  -5.00E+01  1.920E-07  1.200E-08
     2  2.0210E-01  4.9928E-02   449  -5.00E+01  -5.00E+01  1.639E-07  4.160E-08
     3  1.1061E+02 -7.1452E+00   193  -1.21E+01  -5.00E+00  8.749E-04  6.111E-05
     4  3.2048E-02  7.9171E-03   449  -5.00E+01  -5.00E+01  2.601E-08  6.602E-09
     5  1.1061E+02 -7.1452E+00   193  -1.21E+01  -5.00E+00  8.749E-04  6.111E-05
     6  3.2048E-02  7.9171E-03   449  -5.00E+01  -5.00E+01  2.601E-08  6.602E-09
     7  1.1061E+02 -7.1452E+00   193  -1.21E+01  -5.00E+00  8.749E-04  6.111E-05
     8  3.2048E-02  7.9171E-03   449  -5.00E+01  -5.00E+01  2.601E-08  6.602E-09
     9  1.1061E+02 -7.1452E+00   193  -1.21E+01  -5.00E+00  8.749E-04  6.111E-05
    10  3.2048E-02  7.9171E-03   449  -5.00E+01  -5.00E+01  2.601E-08  6.602E-09
 CONVERGENCE NOT ACHIEVED IN   10 ITERATIONS
 >>> BACK-STEPPING...


      TIME STEP:        1    DELTAT:   1.2500E+00    TIME:   1.2500E+00
     ******************************************************************


      LINEAR SOLVER CONVERGENCE BEHAVIOR
 iter       residual  real residual
    1   4.517654E-32   6.718180E-17  <<SYMMETRIC SOLVER>>
    1   8.003344E-27   8.042685E-17  <<SYMMETRIC SOLVER>>
    1   7.523725E-28   8.939658E-17  <<SYMMETRIC SOLVER>>
    1   7.995015E-27   8.227298E-17  <<SYMMETRIC SOLVER>>
    1   7.520654E-28   1.068643E-16  <<SYMMETRIC SOLVER>>
    1   7.997564E-27   7.378363E-17  <<SYMMETRIC SOLVER>>
    1   7.521279E-28   1.074234E-16  <<SYMMETRIC SOLVER>>
    1   7.994757E-27   7.619523E-17  <<SYMMETRIC SOLVER>>
    1   7.521063E-28   1.068560E-16  <<SYMMETRIC SOLVER>>
    1   7.994706E-27   6.836459E-17  <<SYMMETRIC SOLVER>>

                     NONLINEAR CONVERGENCE BEHAVIOR 
 iter- convergence error norms  node    PNEW at    POLD at  residual error norms
 ation         PL2      PIKMAX IKMAX      IKMAX      IKMAX        FL2       FINF
     1  1.8470E-01  1.1853E-01   241  -4.99E+01  -5.00E+01  1.920E-07  1.200E-08
     2  1.0108E-01  2.4978E-02   449  -5.00E+01  -5.00E+01  1.639E-07  4.160E-08
     3  1.1060E+02 -7.1422E+00   193  -1.21E+01  -5.00E+00  1.750E-03  1.222E-04
     4  1.6031E-02  3.9617E-03   449  -5.00E+01  -5.00E+01  2.601E-08  6.601E-09
     5  1.1060E+02 -7.1422E+00   193  -1.21E+01  -5.00E+00  1.750E-03  1.222E-04
     6  1.6031E-02  3.9617E-03   449  -5.00E+01  -5.00E+01  2.601E-08  6.601E-09
     7  1.1060E+02 -7.1422E+00   193  -1.21E+01  -5.00E+00  1.750E-03  1.222E-04
     8  1.6031E-02  3.9617E-03   449  -5.00E+01  -5.00E+01  2.601E-08  6.601E-09
     9  1.1060E+02 -7.1422E+00   193  -1.21E+01  -5.00E+00  1.750E-03  1.222E-04
    10  1.6031E-02  3.9617E-03   449  -5.00E+01  -5.00E+01  2.601E-08  6.601E-09
 CONVERGENCE NOT ACHIEVED IN   10 ITERATIONS
 >>> BACK-STEPPING...


      TIME STEP:        1    DELTAT:   6.2500E-01    TIME:   6.2500E-01
     ******************************************************************


      LINEAR SOLVER CONVERGENCE BEHAVIOR
 iter       residual  real residual
    1   4.249240E-32   6.420399E-17  <<SYMMETRIC SOLVER>>
    1   4.998156E-28   7.486836E-17  <<SYMMETRIC SOLVER>>
    1   4.705641E-29   7.761945E-17  <<SYMMETRIC SOLVER>>
    1   5.019548E-28   8.032431E-17  <<SYMMETRIC SOLVER>>
    1   4.715659E-29   9.983822E-17  <<SYMMETRIC SOLVER>>
    1   5.016962E-28   7.503449E-17  <<SYMMETRIC SOLVER>>
    1   4.711568E-29   9.982281E-17  <<SYMMETRIC SOLVER>>
    1   4.994450E-28   6.419462E-17  <<SYMMETRIC SOLVER>>
    1   4.708781E-29   9.982371E-17  <<SYMMETRIC SOLVER>>
    1   5.003991E-28   8.242465E-17  <<SYMMETRIC SOLVER>>

                     NONLINEAR CONVERGENCE BEHAVIOR 
 iter- convergence error norms  node    PNEW at    POLD at  residual error norms
 ation         PL2      PIKMAX IKMAX      IKMAX      IKMAX        FL2       FINF
     1  9.2349E-02  5.9265E-02   241  -4.99E+01  -5.00E+01  1.920E-07  1.200E-08
     2  5.0546E-02  1.2492E-02   449  -5.00E+01  -5.00E+01  1.639E-07  4.160E-08
     3  1.1060E+02 -7.1407E+00   193  -1.21E+01  -5.00E+00  3.499E-03  2.443E-04
     4  8.0174E-03  1.9816E-03   449  -5.00E+01  -5.00E+01  2.601E-08  6.600E-09
     5  1.1060E+02 -7.1407E+00   193  -1.21E+01  -5.00E+00  3.499E-03  2.443E-04
     6  8.0174E-03  1.9816E-03   449  -5.00E+01  -5.00E+01  2.601E-08  6.600E-09
     7  1.1060E+02 -7.1407E+00   193  -1.21E+01  -5.00E+00  3.499E-03  2.443E-04
     8  8.0174E-03  1.9816E-03   449  -5.00E+01  -5.00E+01  2.601E-08  6.600E-09
     9  1.1060E+02 -7.1407E+00   193  -1.21E+01  -5.00E+00  3.499E-03  2.443E-04
    10  8.0174E-03  1.9816E-03   449  -5.00E+01  -5.00E+01  2.601E-08  6.600E-09
 CONVERGENCE NOT ACHIEVED IN   10 ITERATIONS
 >>> BACK-STEPPING...


      TIME STEP:        1    DELTAT:   3.1250E-01    TIME:   3.1250E-01
     ******************************************************************


      LINEAR SOLVER CONVERGENCE BEHAVIOR
 iter       residual  real residual
    1   2.714548E-32   6.683492E-17  <<SYMMETRIC SOLVER>>
    1   3.102762E-29   7.844595E-17  <<SYMMETRIC SOLVER>>
    1   2.941442E-30   9.320977E-17  <<SYMMETRIC SOLVER>>
    1   3.129444E-29   6.537075E-17  <<SYMMETRIC SOLVER>>
    1   2.962842E-30   9.806427E-17  <<SYMMETRIC SOLVER>>
    1   3.079273E-29   7.539954E-17  <<SYMMETRIC SOLVER>>
    1   2.958526E-30   9.806321E-17  <<SYMMETRIC SOLVER>>
    1   3.110533E-29   7.243086E-17  <<SYMMETRIC SOLVER>>
    1   2.952696E-30   9.806789E-17  <<SYMMETRIC SOLVER>>
    1   3.091804E-29   7.514037E-17  <<SYMMETRIC SOLVER>>

                     NONLINEAR CONVERGENCE BEHAVIOR 
 iter- convergence error norms  node    PNEW at    POLD at  residual error norms
 ation         PL2      PIKMAX IKMAX      IKMAX      IKMAX        FL2       FINF
     1  4.6175E-02  2.9633E-02   241  -5.00E+01  -5.00E+01  1.920E-07  1.200E-08
     2  2.5275E-02  6.2470E-03   449  -5.00E+01  -5.00E+01  1.639E-07  4.160E-08
     3  1.1059E+02 -7.1400E+00   193  -1.21E+01  -5.00E+00  6.999E-03  4.886E-04
     4  4.0091E-03  9.9100E-04   449  -5.00E+01  -5.00E+01  2.601E-08  6.600E-09
     5  1.1059E+02 -7.1400E+00   193  -1.21E+01  -5.00E+00  6.999E-03  4.886E-04
     6  4.0091E-03  9.9100E-04   449  -5.00E+01  -5.00E+01  2.601E-08  6.600E-09
     7  1.1059E+02 -7.1400E+00   193  -1.21E+01  -5.00E+00  6.999E-03  4.886E-04
     8  4.0091E-03  9.9100E-04   449  -5.00E+01  -5.00E+01  2.601E-08  6.600E-09
     9  1.1059E+02 -7.1400E+00   193  -1.21E+01  -5.00E+00  6.999E-03  4.886E-04
    10  4.0091E-03  9.9100E-04   449  -5.00E+01  -5.00E+01  2.601E-08  6.600E-09
 CONVERGENCE NOT ACHIEVED IN   10 ITERATIONS
 >>> BACK-STEPPING...


      TIME STEP:        1    DELTAT:   1.5625E-01    TIME:   1.5625E-01
     ******************************************************************


      LINEAR SOLVER CONVERGENCE BEHAVIOR
 iter       residual  real residual
    1   2.808170E-32   6.782791E-17  <<SYMMETRIC SOLVER>>
    1   1.955419E-30   5.928765E-17  <<SYMMETRIC SOLVER>>
    1   1.948705E-31   9.595296E-17  <<SYMMETRIC SOLVER>>
    1   1.819634E-30   6.986128E-17  <<SYMMETRIC SOLVER>>
    1   1.953483E-31   8.858306E-17  <<SYMMETRIC SOLVER>>
    1   1.818626E-30   5.600743E-17  <<SYMMETRIC SOLVER>>
    1   2.002471E-31   8.858244E-17  <<SYMMETRIC SOLVER>>
    1   1.914309E-30   5.798311E-17  <<SYMMETRIC SOLVER>>
    1   1.937051E-31   8.858538E-17  <<SYMMETRIC SOLVER>>
    1   1.922691E-30   5.517500E-17  <<SYMMETRIC SOLVER>>

                     NONLINEAR CONVERGENCE BEHAVIOR 
 iter- convergence error norms  node    PNEW at    POLD at  residual error norms
 ation         PL2      PIKMAX IKMAX      IKMAX      IKMAX        FL2       FINF
     1  2.3087E-02  1.4816E-02   241  -5.00E+01  -5.00E+01  1.920E-07  1.200E-08
     2  1.2638E-02  3.1237E-03   449  -5.00E+01  -5.00E+01  1.639E-07  4.160E-08
     3  1.1059E+02 -7.1396E+00     1  -1.21E+01  -5.00E+00  1.400E-02  9.772E-04
     4  2.0047E-03  4.9555E-04   449  -5.00E+01  -5.00E+01  2.601E-08  6.599E-09
     5  1.1059E+02 -7.1396E+00     1  -1.21E+01  -5.00E+00  1.400E-02  9.772E-04
     6  2.0047E-03  4.9555E-04   449  -5.00E+01  -5.00E+01  2.601E-08  6.599E-09
     7  1.1059E+02 -7.1396E+00     1  -1.21E+01  -5.00E+00  1.400E-02  9.772E-04
     8  2.0047E-03  4.9555E-04   449  -5.00E+01  -5.00E+01  2.601E-08  6.599E-09
     9  1.1059E+02 -7.1396E+00     1  -1.21E+01  -5.00E+00  1.400E-02  9.772E-04
    10  2.0047E-03  4.9555E-04   449  -5.00E+01  -5.00E+01  2.601E-08  6.599E-09
 CONVERGENCE NOT ACHIEVED IN   10 ITERATIONS
 >>> BACK-STEPPING...


      TIME STEP:        1    DELTAT:   7.8125E-02    TIME:   7.8125E-02
     ******************************************************************


      LINEAR SOLVER CONVERGENCE BEHAVIOR
 iter       residual  real residual
    1   7.196135E-32   6.537468E-17  <<SYMMETRIC SOLVER>>
    1   1.250949E-31   5.191632E-17  <<SYMMETRIC SOLVER>>
    1   6.102746E-32   8.641056E-17  <<SYMMETRIC SOLVER>>
    1   9.399101E-32   5.217321E-17  <<SYMMETRIC SOLVER>>
    1   4.365685E-32   9.391381E-17  <<SYMMETRIC SOLVER>>
    1   1.159760E-31   5.798755E-17  <<SYMMETRIC SOLVER>>
    1   4.350873E-32   9.391452E-17  <<SYMMETRIC SOLVER>>
    1   9.886465E-32   5.491572E-17  <<SYMMETRIC SOLVER>>
    1   5.164942E-32   9.393242E-17  <<SYMMETRIC SOLVER>>
    1   9.898309E-32   6.207800E-17  <<SYMMETRIC SOLVER>>

                     NONLINEAR CONVERGENCE BEHAVIOR 
 iter- convergence error norms  node    PNEW at    POLD at  residual error norms
 ation         PL2      PIKMAX IKMAX      IKMAX      IKMAX        FL2       FINF
     1  1.1544E-02  7.4082E-03   241  -5.00E+01  -5.00E+01  1.920E-07  1.200E-08
     2  6.3191E-03  1.5619E-03   449  -5.00E+01  -5.00E+01  1.639E-07  4.160E-08
     3  1.1059E+02 -7.1396E+00     1  -1.21E+01  -5.00E+00  2.799E-02  1.954E-03
     4  1.0024E-03  2.4779E-04   449  -5.00E+01  -5.00E+01  2.601E-08  6.599E-09
     5  1.1059E+02 -7.1396E+00     1  -1.21E+01  -5.00E+00  2.799E-02  1.954E-03
     6  1.0024E-03  2.4779E-04   449  -5.00E+01  -5.00E+01  2.601E-08  6.599E-09
     7  1.1059E+02 -7.1396E+00     1  -1.21E+01  -5.00E+00  2.799E-02  1.954E-03
     8  1.0024E-03  2.4779E-04   449  -5.00E+01  -5.00E+01  2.601E-08  6.599E-09
     9  1.1059E+02 -7.1396E+00     1  -1.21E+01  -5.00E+00  2.799E-02  1.954E-03
    10  1.0024E-03  2.4779E-04   449  -5.00E+01  -5.00E+01  2.601E-08  6.599E-09
 CONVERGENCE NOT ACHIEVED IN   10 ITERATIONS
 >>> BACK-STEPPING...


      TIME STEP:        1    DELTAT:   3.9062E-02    TIME:   3.9062E-02
     ******************************************************************


      LINEAR SOLVER CONVERGENCE BEHAVIOR
 iter       residual  real residual
    1   4.472984E-32   6.089491E-17  <<SYMMETRIC SOLVER>>
    1   3.761490E-32   4.202272E-17  <<SYMMETRIC SOLVER>>
    1   4.299296E-32   9.038141E-17  <<SYMMETRIC SOLVER>>
    1   2.759979E-32   4.937475E-17  <<SYMMETRIC SOLVER>>
    1   8.071716E-32   9.244885E-17  <<SYMMETRIC SOLVER>>
    1   6.344750E-32   4.791007E-17  <<SYMMETRIC SOLVER>>
    1   3.333092E-32   9.245008E-17  <<SYMMETRIC SOLVER>>
    1   2.701574E-32   5.105443E-17  <<SYMMETRIC SOLVER>>
    1   4.906594E-32   9.244986E-17  <<SYMMETRIC SOLVER>>
    1   2.073917E-32   4.702284E-17  <<SYMMETRIC SOLVER>>

                     NONLINEAR CONVERGENCE BEHAVIOR 
 iter- convergence error norms  node    PNEW at    POLD at  residual error norms
 ation         PL2      PIKMAX IKMAX      IKMAX      IKMAX        FL2       FINF
     1  5.7718E-03  3.7041E-03   241  -5.00E+01  -5.00E+01  1.920E-07  1.200E-08
     2  3.1596E-03  7.8098E-04   449  -5.00E+01  -5.00E+01  1.639E-07  4.160E-08
     3  1.1059E+02 -7.1396E+00     1  -1.21E+01  -5.00E+00  5.599E-02  3.909E-03
     4  5.0119E-04  1.2390E-04   449  -5.00E+01  -5.00E+01  2.601E-08  6.599E-09
     5  1.1059E+02 -7.1396E+00     1  -1.21E+01  -5.00E+00  5.599E-02  3.909E-03
     6  5.0119E-04  1.2390E-04   449  -5.00E+01  -5.00E+01  2.601E-08  6.599E-09
     7  1.1059E+02 -7.1396E+00     1  -1.21E+01  -5.00E+00  5.599E-02  3.909E-03
     8  5.0119E-04  1.2390E-04   449  -5.00E+01  -5.00E+01  2.601E-08  6.599E-09
     9  1.1059E+02 -7.1396E+00     1  -1.21E+01  -5.00E+00  5.599E-02  3.909E-03
    10  5.0119E-04  1.2390E-04   449  -5.00E+01  -5.00E+01  2.601E-08  6.599E-09
 CONVERGENCE NOT ACHIEVED IN   10 ITERATIONS
 >>> BACK-STEPPING...


      TIME STEP:        1    DELTAT:   1.9531E-02    TIME:   1.9531E-02
     ******************************************************************


      LINEAR SOLVER CONVERGENCE BEHAVIOR
 iter       residual  real residual
    1   2.545345E-32   6.635458E-17  <<SYMMETRIC SOLVER>>
    1   7.196125E-32   5.008735E-17  <<SYMMETRIC SOLVER>>
    1   3.979641E-32   9.340326E-17  <<SYMMETRIC SOLVER>>
    1   3.207441E-32   4.837390E-17  <<SYMMETRIC SOLVER>>

                     NONLINEAR CONVERGENCE BEHAVIOR 
 iter- convergence error norms  node    PNEW at    POLD at  residual error norms
 ation         PL2      PIKMAX IKMAX      IKMAX      IKMAX        FL2       FINF
     1  2.8859E-03  1.8520E-03   241  -5.00E+01  -5.00E+01  1.920E-07  1.200E-08
     2  1.5798E-03  3.9049E-04   449  -5.00E+01  -5.00E+01  1.639E-07  4.160E-08
     3  1.1059E+02 -7.1396E+00     1  -1.21E+01  -5.00E+00  1.120E-01  7.817E-03
     4  2.5060E-04  6.1949E-05   449  -5.00E+01  -5.00E+01  2.601E-08  6.599E-09
 CONVERGENCE ACHIEVED IN    4 ITERATIONS

  INFLOW (I) AND OUTFLOW (O) FROM ATM (A) AND NON-ATM, NON-SEEP FACE (N) BC'S;
  'C F' CURRENT FLUX; 'P F' PREVIOUS FLUX; 'VOL' VOLUME
      IA DIRIC OA DIRIC IN DIRIC ON DIRIC IA NEUMN OA NEUMN IN NEUMN ON NEUMN
 C F   1.7E+00  0.0E+00  0.0E+00  0.0E+00  0.0E+00  0.0E+00  3.1E-06  0.0E+00
 P F   0.0E+00  0.0E+00  0.0E+00  0.0E+00  0.0E+00  0.0E+00  3.1E-06  0.0E+00
 VOL   1.6E-02  0.0E+00  0.0E+00  0.0E+00  0.0E+00  0.0E+00  6.0E-08  0.0E+00

 TOTAL I VOL  TOTAL O VOL  STOR CHNG VOL | ABS MASS BAL ERR   REL MASS BAL ERR,%
   1.640E-02    0.000E+00    3.27980E-02 |  -1.63979474E-02    -9.9986945330E+01


      TIME STEP:        2    DELTAT:   2.1484E-02    TIME:   4.1016E-02
     ******************************************************************


      LINEAR SOLVER CONVERGENCE BEHAVIOR
 iter       residual  real residual
    1   8.125296E-32   6.648497E-17  <<SYMMETRIC SOLVER>>
    1   4.822319E-32   8.664252E-17  <<SYMMETRIC SOLVER>>

                     NONLINEAR CONVERGENCE BEHAVIOR 
 iter- convergence error norms  node    PNEW at    POLD at  residual error norms
 ation         PL2      PIKMAX IKMAX      IKMAX      IKMAX        FL2       FINF
     1  3.6194E-03  2.0362E-03   241  -5.00E+01  -5.00E+01  3.009E-07  4.160E-08
     2  6.1476E-08 -5.9112E-08   241  -5.00E+01  -5.00E+01  6.966E-13  3.484E-13
 CONVERGENCE ACHIEVED IN    2 ITERATIONS

  INFLOW (I) AND OUTFLOW (O) FROM ATM (A) AND NON-ATM, NON-SEEP FACE (N) BC'S;
  'C F' CURRENT FLUX; 'P F' PREVIOUS FLUX; 'VOL' VOLUME
      IA DIRIC OA DIRIC IN DIRIC ON DIRIC IA NEUMN OA NEUMN IN NEUMN ON NEUMN
 C F   1.9E-06  0.0E+00  0.0E+00  0.0E+00  0.0E+00  0.0E+00  3.1E-06  0.0E+00
 P F   1.7E+00  0.0E+00  0.0E+00  0.0E+00  0.0E+00  0.0E+00  3.1E-06  0.0E+00
 VOL   1.8E-02  0.0E+00  0.0E+00  0.0E+00  0.0E+00  0.0E+00  6.6E-08  0.0E+00

 TOTAL I VOL  TOTAL O VOL  STOR CHNG VOL | ABS MASS BAL ERR   REL MASS BAL ERR,%
   1.804E-02    0.000E+00    1.06789E-07 |   1.80400108E-02     9.9999408048E+01


      TIME STEP:        3    DELTAT:   2.3633E-02    TIME:   6.4648E-02
     ******************************************************************


      LINEAR SOLVER CONVERGENCE BEHAVIOR
 iter       residual  real residual
    1   4.314462E-32   6.693209E-17  <<SYMMETRIC SOLVER>>
    1   5.486708E-32   6.719990E-17  <<SYMMETRIC SOLVER>>

                     NONLINEAR CONVERGENCE BEHAVIOR 
 iter- convergence error norms  node    PNEW at    POLD at  residual error norms
 ation         PL2      PIKMAX IKMAX      IKMAX      IKMAX        FL2       FINF
     1  3.9813E-03  2.2397E-03   241  -5.00E+01  -5.00E+01  3.009E-07  4.160E-08
     2  7.4381E-08 -7.1520E-08   241  -5.00E+01  -5.00E+01  7.663E-13  3.832E-13
 CONVERGENCE ACHIEVED IN    2 ITERATIONS

  INFLOW (I) AND OUTFLOW (O) FROM ATM (A) AND NON-ATM, NON-SEEP FACE (N) BC'S;
  'C F' CURRENT FLUX; 'P F' PREVIOUS FLUX; 'VOL' VOLUME
      IA DIRIC OA DIRIC IN DIRIC ON DIRIC IA NEUMN OA NEUMN IN NEUMN ON NEUMN
 C F   1.9E-06  0.0E+00  0.0E+00  0.0E+00  0.0E+00  0.0E+00  3.1E-06  0.0E+00
 P F   1.9E-06  0.0E+00  0.0E+00  0.0E+00  0.0E+00  0.0E+00  3.1E-06  0.0E+00
 VOL   4.5E-08  0.0E+00  0.0E+00  0.0E+00  0.0E+00  0.0E+00  7.3E-08  0.0E+00

 TOTAL I VOL  TOTAL O VOL  STOR CHNG VOL | ABS MASS BAL ERR   REL MASS BAL ERR,%
   1.175E-07    0.000E+00    1.17468E-07 |   2.43479277E-11     2.0723077499E-02


      TIME STEP:        4    DELTAT:   2.5996E-02    TIME:   9.0645E-02
     ******************************************************************


      LINEAR SOLVER CONVERGENCE BEHAVIOR
 iter       residual  real residual
    1   3.143970E-32   7.637666E-17  <<SYMMETRIC SOLVER>>
    1   2.256856E-32   7.324679E-17  <<SYMMETRIC SOLVER>>

                     NONLINEAR CONVERGENCE BEHAVIOR 
 iter- convergence error norms  node    PNEW at    POLD at  residual error norms
 ation         PL2      PIKMAX IKMAX      IKMAX      IKMAX        FL2       FINF
     1  4.3793E-03  2.4635E-03   241  -5.00E+01  -5.00E+01  3.009E-07  4.160E-08
     2  8.9994E-08 -8.6532E-08   241  -5.00E+01  -5.00E+01  8.428E-13  4.215E-13
 CONVERGENCE ACHIEVED IN    2 ITERATIONS

  INFLOW (I) AND OUTFLOW (O) FROM ATM (A) AND NON-ATM, NON-SEEP FACE (N) BC'S;
  'C F' CURRENT FLUX; 'P F' PREVIOUS FLUX; 'VOL' VOLUME
      IA DIRIC OA DIRIC IN DIRIC ON DIRIC IA NEUMN OA NEUMN IN NEUMN ON NEUMN
 C F   1.9E-06  0.0E+00  0.0E+00  0.0E+00  0.0E+00  0.0E+00  3.1E-06  0.0E+00
 P F   1.9E-06  0.0E+00  0.0E+00  0.0E+00  0.0E+00  0.0E+00  3.1E-06  0.0E+00
 VOL   4.9E-08  0.0E+00  0.0E+00  0.0E+00  0.0E+00  0.0E+00  8.0E-08  0.0E+00

 TOTAL I VOL  TOTAL O VOL  STOR CHNG VOL | ABS MASS BAL ERR   REL MASS BAL ERR,%
   1.292E-07    0.000E+00    1.29214E-07 |   2.67681799E-11     2.0711855999E-02


      TIME STEP:        5    DELTAT:   2.8596E-02    TIME:   1.1924E-01
     ******************************************************************


      LINEAR SOLVER CONVERGENCE BEHAVIOR
 iter       residual  real residual
    1   4.881449E-32   6.664745E-17  <<SYMMETRIC SOLVER>>
    1   2.386790E-32   8.211018E-17  <<SYMMETRIC SOLVER>>

                     NONLINEAR CONVERGENCE BEHAVIOR 
 iter- convergence error norms  node    PNEW at    POLD at  residual error norms
 ation         PL2      PIKMAX IKMAX      IKMAX      IKMAX        FL2       FINF
     1  4.8170E-03  2.7097E-03   241  -5.00E+01  -5.00E+01  3.009E-07  4.160E-08
     2  1.0888E-07 -1.0469E-07   241  -5.00E+01  -5.00E+01  9.271E-13  4.637E-13
 CONVERGENCE ACHIEVED IN    2 ITERATIONS

  INFLOW (I) AND OUTFLOW (O) FROM ATM (A) AND NON-ATM, NON-SEEP FACE (N) BC'S;
  'C F' CURRENT FLUX; 'P F' PREVIOUS FLUX; 'VOL' VOLUME
      IA DIRIC OA DIRIC IN DIRIC ON DIRIC IA NEUMN OA NEUMN IN NEUMN ON NEUMN
 C F   1.9E-06  0.0E+00  0.0E+00  0.0E+00  0.0E+00  0.0E+00  3.1E-06  0.0E+00
 P F   1.9E-06  0.0E+00  0.0E+00  0.0E+00  0.0E+00  0.0E+00  3.1E-06  0.0E+00
 VOL   5.4E-08  0.0E+00  0.0E+00  0.0E+00  0.0E+00  0.0E+00  8.8E-08  0.0E+00

 TOTAL I VOL  TOTAL O VOL  STOR CHNG VOL | ABS MASS BAL ERR   REL MASS BAL ERR,%
   1.422E-07    0.000E+00    1.42135E-07 |   2.94321507E-11     2.0702851278E-02


      TIME STEP:        6    DELTAT:   3.1455E-02    TIME:   1.5070E-01
     ******************************************************************


      LINEAR SOLVER CONVERGENCE BEHAVIOR
 iter       residual  real residual
    1   3.409821E-32   7.887801E-17  <<SYMMETRIC SOLVER>>
    1   4.630095E-32   6.682805E-17  <<SYMMETRIC SOLVER>>

                     NONLINEAR CONVERGENCE BEHAVIOR 
 iter- convergence error norms  node    PNEW at    POLD at  residual error norms
 ation         PL2      PIKMAX IKMAX      IKMAX      IKMAX        FL2       FINF
     1  5.2986E-03  2.9804E-03   241  -5.00E+01  -5.00E+01  3.009E-07  4.160E-08
     2  1.3174E-07 -1.2667E-07   241  -5.00E+01  -5.00E+01  1.020E-12  5.100E-13
 CONVERGENCE ACHIEVED IN    2 ITERATIONS

  INFLOW (I) AND OUTFLOW (O) FROM ATM (A) AND NON-ATM, NON-SEEP FACE (N) BC'S;
  'C F' CURRENT FLUX; 'P F' PREVIOUS FLUX; 'VOL' VOLUME
      IA DIRIC OA DIRIC IN DIRIC ON DIRIC IA NEUMN OA NEUMN IN NEUMN ON NEUMN
 C F   1.9E-06  0.0E+00  0.0E+00  0.0E+00  0.0E+00  0.0E+00  3.1E-06  0.0E+00
 P F   1.9E-06  0.0E+00  0.0E+00  0.0E+00  0.0E+00  0.0E+00  3.1E-06  0.0E+00
 VOL   6.0E-08  0.0E+00  0.0E+00  0.0E+00  0.0E+00  0.0E+00  9.7E-08  0.0E+00

 TOTAL I VOL  TOTAL O VOL  STOR CHNG VOL | ABS MASS BAL ERR   REL MASS BAL ERR,%
   1.564E-07    0.000E+00    1.56349E-07 |   3.23590337E-11     2.0692442831E-02


      TIME STEP:        7    DELTAT:   3.4601E-02    TIME:   1.8530E-01
     ******************************************************************


      LINEAR SOLVER CONVERGENCE BEHAVIOR
 iter       residual  real residual
    1   4.344379E-32   7.049184E-17  <<SYMMETRIC SOLVER>>
    1   3.612106E-32   7.098017E-17  <<SYMMETRIC SOLVER>>

                     NONLINEAR CONVERGENCE BEHAVIOR 
 iter- convergence error norms  node    PNEW at    POLD at  residual error norms
 ation         PL2      PIKMAX IKMAX      IKMAX      IKMAX        FL2       FINF
     1  5.8282E-03  3.2782E-03   241  -5.00E+01  -5.00E+01  3.009E-07  4.160E-08
     2  1.5938E-07 -1.5325E-07   241  -5.00E+01  -5.00E+01  1.122E-12  5.610E-13
 CONVERGENCE ACHIEVED IN    2 ITERATIONS

  INFLOW (I) AND OUTFLOW (O) FROM ATM (A) AND NON-ATM, NON-SEEP FACE (N) BC'S;
  'C F' CURRENT FLUX; 'P F' PREVIOUS FLUX; 'VOL' VOLUME
      IA DIRIC OA DIRIC IN DIRIC ON DIRIC IA NEUMN OA NEUMN IN NEUMN ON NEUMN
 C F   1.9E-06  0.0E+00  0.0E+00  0.0E+00  0.0E+00  0.0E+00  3.1E-06  0.0E+00
 P F   1.9E-06  0.0E+00  0.0E+00  0.0E+00  0.0E+00  0.0E+00  3.1E-06  0.0E+00
 VOL   6.6E-08  0.0E+00  0.0E+00  0.0E+00  0.0E+00  0.0E+00  1.1E-07  0.0E+00

 TOTAL I VOL  TOTAL O VOL  STOR CHNG VOL | ABS MASS BAL ERR   REL MASS BAL ERR,%
   1.720E-07    0.000E+00    1.71983E-07 |   3.55752562E-11     2.0681040527E-02


      TIME STEP:        8    DELTAT:   3.8061E-02    TIME:   2.2336E-01
     ******************************************************************


      LINEAR SOLVER CONVERGENCE BEHAVIOR
 iter       residual  real residual
    1   4.318795E-32   6.559278E-17  <<SYMMETRIC SOLVER>>
    1   4.443105E-32   4.442039E-17  <<SYMMETRIC SOLVER>>

                     NONLINEAR CONVERGENCE BEHAVIOR 
 iter- convergence error norms  node    PNEW at    POLD at  residual error norms
 ation         PL2      PIKMAX IKMAX      IKMAX      IKMAX        FL2       FINF
     1  6.4107E-03  3.6057E-03   241  -5.00E+01  -5.00E+01  3.009E-07  4.160E-08
     2  1.9283E-07 -1.8541E-07   241  -5.00E+01  -5.00E+01  1.234E-12  6.171E-13
 CONVERGENCE ACHIEVED IN    2 ITERATIONS

  INFLOW (I) AND OUTFLOW (O) FROM ATM (A) AND NON-ATM, NON-SEEP FACE (N) BC'S;
  'C F' CURRENT FLUX; 'P F' PREVIOUS FLUX; 'VOL' VOLUME
      IA DIRIC OA DIRIC IN DIRIC ON DIRIC IA NEUMN OA NEUMN IN NEUMN ON NEUMN
 C F   1.9E-06  0.0E+00  0.0E+00  0.0E+00  0.0E+00  0.0E+00  3.1E-06  0.0E+00
 P F   1.9E-06  0.0E+00  0.0E+00  0.0E+00  0.0E+00  0.0E+00  3.1E-06  0.0E+00
 VOL   7.2E-08  0.0E+00  0.0E+00  0.0E+00  0.0E+00  0.0E+00  1.2E-07  0.0E+00

 TOTAL I VOL  TOTAL O VOL  STOR CHNG VOL | ABS MASS BAL ERR   REL MASS BAL ERR,%
   1.892E-07    0.000E+00    1.89181E-07 |   3.91091874E-11     2.0668613887E-02


      TIME STEP:        9    DELTAT:   4.1867E-02    TIME:   2.6522E-01
     ******************************************************************


      LINEAR SOLVER CONVERGENCE BEHAVIOR
 iter       residual  real residual
    1   4.310562E-32   6.589795E-17  <<SYMMETRIC SOLVER>>
    1   2.976390E-32   6.993896E-17  <<SYMMETRIC SOLVER>>

                     NONLINEAR CONVERGENCE BEHAVIOR 
 iter- convergence error norms  node    PNEW at    POLD at  residual error norms
 ation         PL2      PIKMAX IKMAX      IKMAX      IKMAX        FL2       FINF
     1  7.0515E-03  3.9658E-03   241  -5.00E+01  -5.00E+01  3.009E-07  4.160E-08
     2  2.3330E-07 -2.2432E-07   241  -5.00E+01  -5.00E+01  1.357E-12  6.788E-13
 CONVERGENCE ACHIEVED IN    2 ITERATIONS

  INFLOW (I) AND OUTFLOW (O) FROM ATM (A) AND NON-ATM, NON-SEEP FACE (N) BC'S;
  'C F' CURRENT FLUX; 'P F' PREVIOUS FLUX; 'VOL' VOLUME
      IA DIRIC OA DIRIC IN DIRIC ON DIRIC IA NEUMN OA NEUMN IN NEUMN ON NEUMN
 C F   1.9E-06  0.0E+00  0.0E+00  0.0E+00  0.0E+00  0.0E+00  3.1E-06  0.0E+00
 P F   1.9E-06  0.0E+00  0.0E+00  0.0E+00  0.0E+00  0.0E+00  3.1E-06  0.0E+00
 VOL   8.0E-08  0.0E+00  0.0E+00  0.0E+00  0.0E+00  0.0E+00  1.3E-07  0.0E+00

