examplesTmp/SSHydro/bc_from_weill/prepro/dtm_A_inflow
north:     0
south:           0.00000000
east:      0
west:            0.00000000
rows:     20
cols:     20
[rows 0 to 19 of 20, columns 0 to 19 of 20]
0.00 4.50 4.25 4.00 3.75 3.50 3.25 3.00 2.75 2.50 2.25 2.00 1.75 1.50 1.25 1.00 0.75 0.50 0.25 0.00
99.50 189.75 4.25 4.00 3.75 3.50 3.25 3.00 2.75 2.50 2.25 2.00 1.75 1.50 1.25 1.00 0.75 0.50 0.25 0.00
4.25 4.25 80.75 4.00 3.75 3.50 3.25 3.00 2.75 2.50 2.25 2.00 1.75 1.50 1.25 1.00 0.75 0.50 0.25 0.00
4.00 4.00 4.00 72.00 3.75 3.50 3.25 3.00 2.75 2.50 2.25 2.00 1.75 1.50 1.25 1.00 0.75 0.50 0.25 0.00
3.75 3.75 3.75 3.75 63.75 3.50 3.25 3.00 2.75 2.50 2.25 2.00 1.75 1.50 1.25 1.00 0.75 0.50 0.25 0.00
3.50 3.50 3.50 3.50 3.50 56.00 3.25 3.00 2.75 2.50 2.25 2.00 1.75 1.50 1.25 1.00 0.75 0.50 0.25 0.00
3.25 3.25 3.25 3.25 3.25 3.25 48.75 3.00 2.75 2.50 2.25 2.00 1.75 1.50 1.25 1.00 0.75 0.50 0.25 0.00
3.00 3.00 3.00 3.00 3.00 3.00 3.00 42.00 2.75 2.50 2.25 2.00 1.75 1.50 1.25 1.00 0.75 0.50 0.25 0.00
2.75 2.75 2.75 2.75 2.75 2.75 2.75 2.75 35.75 2.50 2.25 2.00 1.75 1.50 1.25 1.00 0.75 0.50 0.25 0.00
2.50 2.50 2.50 2.50 2.50 2.50 2.50 2.50 2.50 30.00 2.25 2.00 1.75 1.50 1.25 1.00 0.75 0.50 0.25 0.00
2.25 2.25 2.25 2.25 2.25 2.25 2.25 2.25 2.25 2.25 24.75 2.00 1.75 1.50 1.25 1.00 0.75 0.50 0.25 0.00
2.00 2.00 2.00 2.00 2.00 2.00 2.00 2.00 2.00 2.00 2.00 20.00 1.75 1.50 1.25 1.00 0.75 0.50 0.25 0.00
1.75 1.75 1.75 1.75 1.75 1.75 1.75 1.75 1.75 1.75 1.75 1.75 15.75 1.50 1.25 1.00 0.75 0.50 0.25 0.00
1.50 1.50 1.50 1.50 1.50 1.50 1.50 1.50 1.50 1.50 1.50 1.50 1.50 12.00 1.25 1.00 0.75 0.50 0.25 0.00
1.25 1.25 1.25 1.25 1.25 1.25 1.25 1.25 1.25 1.25 1.25 1.25 1.25 1.25 8.75 1.00 0.75 0.50 0.25 0.00
1.00 1.00 1.00 1.00 1.00 1.00 1.00 1.00 1.00 1.00 1.00 1.00 1.00 1.00 1.00 6.00 0.75 0.50 0.25 0.00
0.75 0.75 0.75 0.75 0.75 0.75 0.75 0.75 0.75 0.75 0.75 0.75 0.75 0.75 0.75 0.75 3.75 0.50 0.25 0.00
0.50 0.50 0.50 0.50 0.50 0.50 0.50 0.50 0.50 0.50 0.50 0.50 0.50 0.50 0.50 0.50 0.50 2.00 0.25 0.00
0.25 0.25 0.25 0.25 0.25 0.25 0.25 0.25 0.25 0.25 0.25 0.25 0.25 0.25 0.25 0.25 0.25 0.25 0.75 0.00
0.00 0.00 0.00 0.00 0.00 0.00 0.00 0.00 0.00 0.00 0.00 0.00 0.00 0.00 0.00 0.00 0.00 0.00 0.00 0.00
