examples/SSHydro/meshing_from_subcachment/prepro/dem
north:     0
south:     0.0
east:     0
west:     0.0
rows:     61
cols:     35
[rows 0 to 39 of 61, columns 0 to 34 of 35]
-9.9990e+03 -9.9990e+03 -9.9990e+03 -9.9990e+03 -9.9990e+03 -9.9990e+03 -9.9990e+03 -9.9990e+03 -9.9990e+03 -9.9990e+03 -9.9990e+03 -9.9990e+03 -9.9990e+03 -9.9990e+03 -9.9990e+03 -9.9990e+03 -9.9990e+03 -9.9990e+03 -9.9990e+03 -9.9990e+03 -9.9990e+03 -9.9990e+03 -9.9990e+03 -9.9990e+03 -9.9990e+03 -9.9990e+03 -9.9990e+03 -9.9990e+03 -9.9990e+03 -9.9990e+03 -9.9990e+03 -9.9990e+03 -9.9990e+03 -9.9990e+03 -9.9990e+03
-9.9990e+03 -9.9990e+03 -9.9990e+03 -9.9990e+03 -9.9990e+03 -9.9990e+03 -9.9990e+03 -9.9990e+03 -9.9990e+03 -9.9990e+03 -9.9990e+03 -9.9990e+03 -9.9990e+03 -9.9990e+03 6.2204e+02 6.2390e+02 -9.9990e+03 -9.9990e+03 -9.9990e+03 -9.9990e+03 -9.9990e+03 -9.9990e+03 -9.9990e+03 -9.9990e+03 -9.9990e+03 -9.9990e+03 -9.9990e+03 -9.9990e+03 -9.9990e+03 -9.9990e+03 -9.9990e+03 -9.9990e+03 -9.9990e+03 -9.9990e+03 -9.9990e+03
-9.9990e+03 -9.9990e+03 -9.9990e+03 -9.9990e+03 -9.9990e+03 -9.9990e+03 -9.9990e+03 -9.9990e+03 -9.9990e+03 -9.9990e+03 -9.9990e+03 -9.9990e+03 -9.9990e+03 -9.9990e+03 -9.9990e+03 -9.9990e+03 -9.9990e+03 -9.9990e+03 -9.9990e+03 -9.9990e+03 -9.9990e+03 -9.9990e+03 -9.9990e+03 -9.9990e+03 -9.9990e+03 -9.9990e+03 -9.9990e+03 -9.9990e+03 -9.9990e+03 -9.9990e+03 -9.9990e+03 -9.9990e+03 -9.9990e+03 -9.9990e+03 -9.9990e+03
-9.9990e+03 -9.9990e+03 -9.9990e+03 -9.9990e+03 6.1829e+02 6.2056e+02 6.2280e+02 6.2416e+02 -9.9990e+03 -9.9990e+03 -9.9990e+03 -9.9990e+03 -9.9990e+03 -9.9990e+03 -9.9990e+03 -9.9990e+03 -9.9990e+03 -9.9990e+03 -9.9990e+03 -9.9990e+03 -9.9990e+03 -9.9990e+03 -9.9990e+03 -9.9990e+03 -9.9990e+03 -9.9990e+03 -9.9990e+03 -9.9990e+03 -9.9990e+03 -9.9990e+03 -9.9990e+03 -9.9990e+03 -9.9990e+03 -9.9990e+03 -9.9990e+03
-9.9990e+03 -9.9990e+03 -9.9990e+03 -9.9990e+03 -9.9990e+03 -9.9990e+03 -9.9990e+03 -9.9990e+03 -9.9990e+03 -9.9990e+03 -9.9990e+03 -9.9990e+03 -9.9990e+03 -9.9990e+03 -9.9990e+03 -9.9990e+03 -9.9990e+03 -9.9990e+03 -9.9990e+03 -9.9990e+03 -9.9990e+03 -9.9990e+03 -9.9990e+03 -9.9990e+03 -9.9990e+03 -9.9990e+03 -9.9990e+03 -9.9990e+03 6.1375e+02 6.1483e+02 6.1678e+02 6.1940e+02 6.2207e+02 6.2347e+02 6.2445e+02
-9.9990e+03 -9.9990e+03 -9.9990e+03 -9.9990e+03 -9.9990e+03 -9.9990e+03 -9.9990e+03 -9.9990e+03 -9.9990e+03 -9.9990e+03 -9.9990e+03 -9.9990e+03 -9.9990e+03 -9.9990e+03 -9.9990e+03 -9.9990e+03 -9.9990e+03 -9.9990e+03 -9.9990e+03 -9.9990e+03 -9.9990e+03 -9.9990e+03 -9.9990e+03 -9.9990e+03 -9.9990e+03 -9.9990e+03 -9.9990e+03 -9.9990e+03 -9.9990e+03 -9.9990e+03 -9.9990e+03 -9.9990e+03 -9.9990e+03 -9.9990e+03 -9.9990e+03
-9.9990e+03 -9.9990e+03 -9.9990e+03 -9.9990e+03 -9.9990e+03 -9.9990e+03 -9.9990e+03 -9.9990e+03 -9.9990e+03 -9.9990e+03 -9.9990e+03 -9.9990e+03 -9.9990e+03 -9.9990e+03 -9.9990e+03 -9.9990e+03 -9.9990e+03 -9.9990e+03 -9.9990e+03 6.1259e+02 6.1384e+02 6.1577e+02 6.1832e+02 6.2106e+02 6.2286e+02 6.2422e+02 6.2460e+02 -9.9990e+03 -9.9990e+03 -9.9990e+03 -9.9990e+03 -9.9990e+03 -9.9990e+03 -9.9990e+03 -9.9990e+03
-9.9990e+03 -9.9990e+03 -9.9990e+03 -9.9990e+03 -9.9990e+03 -9.9990e+03 -9.9990e+03 -9.9990e+03 -9.9990e+03 -9.9990e+03 -9.9990e+03 -9.9990e+03 -9.9990e+03 -9.9990e+03 -9.9990e+03 -9.9990e+03 -9.9990e+03 -9.9990e+03 -9.9990e+03 -9.9990e+03 -9.9990e+03 -9.9990e+03 -9.9990e+03 -9.9990e+03 -9.9990e+03 -9.9990e+03 -9.9990e+03 -9.9990e+03 -9.9990e+03 -9.9990e+03 -9.9990e+03 -9.9990e+03 -9.9990e+03 -9.9990e+03 -9.9990e+03
-9.9990e+03 -9.9990e+03 -9.9990e+03 -9.9990e+03 -9.9990e+03 -9.9990e+03 -9.9990e+03 -9.9990e+03 -9.9990e+03 6.1081e+02 6.1205e+02 6.1324e+02 6.1518e+02 6.1717e+02 6.2052e+02 6.2255e+02 6.2392e+02 6.2465e+02 -9.9990e+03 -9.9990e+03 -9.9990e+03 -9.9990e+03 -9.9990e+03 -9.9990e+03 -9.9990e+03 -9.9990e+03 -9.9990e+03 -9.9990e+03 -9.9990e+03 -9.9990e+03 -9.9990e+03 -9.9990e+03 -9.9990e+03 -9.9990e+03 -9.9990e+03
-9.9990e+03 -9.9990e+03 -9.9990e+03 -9.9990e+03 -9.9990e+03 -9.9990e+03 -9.9990e+03 -9.9990e+03 -9.9990e+03 -9.9990e+03 -9.9990e+03 -9.9990e+03 -9.9990e+03 -9.9990e+03 -9.9990e+03 -9.9990e+03 -9.9990e+03 -9.9990e+03 -9.9990e+03 -9.9990e+03 -9.9990e+03 -9.9990e+03 -9.9990e+03 -9.9990e+03 -9.9990e+03 -9.9990e+03 -9.9990e+03 -9.9990e+03 -9.9990e+03 -9.9990e+03 -9.9990e+03 -9.9990e+03 6.0667e+02 6.0788e+02 6.0886e+02
6.1061e+02 6.1196e+02 6.1295e+02 6.1476e+02 6.1734e+02 6.1994e+02 6.2271e+02 6.2397e+02 6.2472e+02 -9.9990e+03 -9.9990e+03 -9.9990e+03 -9.9990e+03 -9.9990e+03 -9.9990e+03 -9.9990e+03 -9.9990e+03 -9.9990e+03 -9.9990e+03 -9.9990e+03 -9.9990e+03 -9.9990e+03 -9.9990e+03 -9.9990e+03 -9.9990e+03 -9.9990e+03 -9.9990e+03 -9.9990e+03 -9.9990e+03 -9.9990e+03 -9.9990e+03 -9.9990e+03 -9.9990e+03 -9.9990e+03 -9.9990e+03
-9.9990e+03 -9.9990e+03 -9.9990e+03 -9.9990e+03 -9.9990e+03 -9.9990e+03 -9.9990e+03 -9.9990e+03 -9.9990e+03 -9.9990e+03 -9.9990e+03 -9.9990e+03 -9.9990e+03 -9.9990e+03 -9.9990e+03 -9.9990e+03 -9.9990e+03 -9.9990e+03 -9.9990e+03 6.0183e+02 6.0306e+02 6.0410e+02 6.0521e+02 6.0640e+02 6.0739e+02 6.0824e+02 6.1056e+02 6.1179e+02 6.1270e+02 6.1445e+02 6.1756e+02 6.1952e+02 6.2276e+02 6.2412e+02 6.2464e+02
6.2497e+02 -9.9990e+03 -9.9990e+03 -9.9990e+03 -9.9990e+03 -9.9990e+03 -9.9990e+03 -9.9990e+03 -9.9990e+03 -9.9990e+03 -9.9990e+03 -9.9990e+03 -9.9990e+03 -9.9990e+03 -9.9990e+03 -9.9990e+03 -9.9990e+03 -9.9990e+03 -9.9990e+03 -9.9990e+03 -9.9990e+03 -9.9990e+03 -9.9990e+03 -9.9990e+03 -9.9990e+03 -9.9990e+03 -9.9990e+03 -9.9990e+03 -9.9990e+03 -9.9990e+03 -9.9990e+03 -9.9990e+03 -9.9990e+03 -9.9990e+03 -9.9990e+03
-9.9990e+03 -9.9990e+03 -9.9990e+03 -9.9990e+03 -9.9990e+03 5.9664e+02 5.9743e+02 5.9887e+02 6.0006e+02 6.0050e+02 6.0145e+02 6.0262e+02 6.0372e+02 6.0486e+02 6.0580e+02 6.0707e+02 6.0807e+02 6.0999e+02 6.1125e+02 6.1231e+02 6.1344e+02 6.1658e+02 6.1937e+02 6.2253e+02 6.2420e+02 6.2453e+02 6.2497e+02 6.2524e+02 -9.9990e+03 -9.9990e+03 -9.9990e+03 -9.9990e+03 -9.9990e+03 -9.9990e+03 -9.9990e+03
-9.9990e+03 -9.9990e+03 -9.9990e+03 -9.9990e+03 -9.9990e+03 -9.9990e+03 -9.9990e+03 -9.9990e+03 -9.9990e+03 -9.9990e+03 -9.9990e+03 -9.9990e+03 -9.9990e+03 -9.9990e+03 -9.9990e+03 -9.9990e+03 -9.9990e+03 -9.9990e+03 -9.9990e+03 -9.9990e+03 -9.9990e+03 -9.9990e+03 -9.9990e+03 -9.9990e+03 -9.9990e+03 -9.9990e+03 -9.9990e+03 -9.9990e+03 -9.9990e+03 5.9390e+02 5.9503e+02 5.9627e+02 5.9712e+02 5.9873e+02 6.0001e+02
6.0018e+02 6.0143e+02 6.0241e+02 6.0362e+02 6.0463e+02 6.0550e+02 6.0703e+02 6.0788e+02 6.0925e+02 6.1068e+02 6.1197e+02 6.1272e+02 6.1557e+02 6.1868e+02 6.2186e+02 6.2382e+02 6.2439e+02 6.2495e+02 6.2526e+02 6.2578e+02 -9.9990e+03 -9.9990e+03 -9.9990e+03 -9.9990e+03 -9.9990e+03 -9.9990e+03 -9.9990e+03 -9.9990e+03 -9.9990e+03 -9.9990e+03 -9.9990e+03 -9.9990e+03 -9.9990e+03 -9.9990e+03 -9.9990e+03
-9.9990e+03 -9.9990e+03 -9.9990e+03 -9.9990e+03 -9.9990e+03 -9.9990e+03 -9.9990e+03 -9.9990e+03 -9.9990e+03 -9.9990e+03 -9.9990e+03 -9.9990e+03 -9.9990e+03 -9.9990e+03 -9.9990e+03 -9.9990e+03 -9.9990e+03 5.9050e+02 5.9155e+02 5.9285e+02 5.9352e+02 5.9472e+02 5.9595e+02 5.9700e+02 5.9852e+02 5.9963e+02 5.9980e+02 6.0147e+02 6.0215e+02 6.0330e+02 6.0442e+02 6.0529e+02 6.0668e+02 6.0760e+02 6.0883e+02
6.1035e+02 6.1148e+02 6.1242e+02 6.1470e+02 6.1796e+02 6.2122e+02 6.2316e+02 6.2421e+02 6.2478e+02 6.2529e+02 6.2583e+02 -9.9990e+03 -9.9990e+03 -9.9990e+03 -9.9990e+03 -9.9990e+03 -9.9990e+03 -9.9990e+03 -9.9990e+03 -9.9990e+03 -9.9990e+03 -9.9990e+03 -9.9990e+03 -9.9990e+03 -9.9990e+03 -9.9990e+03 -9.9990e+03 -9.9990e+03 -9.9990e+03 -9.9990e+03 -9.9990e+03 -9.9990e+03 -9.9990e+03 -9.9990e+03 -9.9990e+03
-9.9990e+03 -9.9990e+03 -9.9990e+03 -9.9990e+03 5.8680e+02 5.8771e+02 5.8849e+02 5.8940e+02 5.9023e+02 5.9136e+02 5.9241e+02 5.9318e+02 5.9440e+02 5.9569e+02 5.9669e+02 5.9804e+02 5.9924e+02 5.9955e+02 6.0069e+02 6.0187e+02 6.0295e+02 6.0398e+02 6.0493e+02 6.0618e+02 6.0718e+02 6.0840e+02 6.0996e+02 6.1111e+02 6.1229e+02 6.1428e+02 6.1749e+02 6.2124e+02 6.2301e+02 6.2402e+02 6.2466e+02
6.2517e+02 6.2573e+02 -9.9990e+03 -9.9990e+03 -9.9990e+03 -9.9990e+03 -9.9990e+03 -9.9990e+03 -9.9990e+03 -9.9990e+03 -9.9990e+03 -9.9990e+03 -9.9990e+03 -9.9990e+03 -9.9990e+03 -9.9990e+03 -9.9990e+03 -9.9990e+03 -9.9990e+03 -9.9990e+03 -9.9990e+03 -9.9990e+03 -9.9990e+03 -9.9990e+03 -9.9990e+03 5.8183e+02 5.8292e+02 5.8423e+02 5.8511e+02 5.8595e+02 5.8670e+02 5.8753e+02 5.8817e+02 5.8923e+02 5.9028e+02
5.9121e+02 5.9213e+02 5.9303e+02 5.9430e+02 5.9539e+02 5.9623e+02 5.9758e+02 5.9893e+02 5.9917e+02 6.0024e+02 6.0159e+02 6.0259e+02 6.0356e+02 6.0460e+02 6.0582e+02 6.0667e+02 6.0799e+02 6.0959e+02 6.1120e+02 6.1281e+02 6.1424e+02 6.1702e+02 6.2026e+02 6.2290e+02 6.2388e+02 6.2466e+02 6.2518e+02 6.2575e+02 -9.9990e+03 -9.9990e+03 -9.9990e+03 -9.9990e+03 -9.9990e+03 -9.9990e+03 -9.9990e+03
-9.9990e+03 -9.9990e+03 -9.9990e+03 -9.9990e+03 -9.9990e+03 -9.9990e+03 -9.9990e+03 -9.9990e+03 -9.9990e+03 -9.9990e+03 -9.9990e+03 -9.9990e+03 -9.9990e+03 -9.9990e+03 -9.9990e+03 5.8056e+02 5.8160e+02 5.8267e+02 5.8385e+02 5.8470e+02 5.8570e+02 5.8638e+02 5.8729e+02 5.8798e+02 5.8901e+02 5.8992e+02 5.9105e+02 5.9195e+02 5.9299e+02 5.9407e+02 5.9512e+02 5.9595e+02 5.9729e+02 5.9855e+02 5.9883e+02
5.9965e+02 6.0109e+02 6.0212e+02 6.0320e+02 6.0423e+02 6.0541e+02 6.0630e+02 6.0761e+02 6.0968e+02 6.1207e+02 6.1366e+02 6.1463e+02 6.1656e+02 6.1947e+02 6.2265e+02 6.2380e+02 6.2470e+02 6.2522e+02 6.2586e+02 6.2685e+02 -9.9990e+03 -9.9990e+03 -9.9990e+03 -9.9990e+03 -9.9990e+03 -9.9990e+03 -9.9990e+03 -9.9990e+03 -9.9990e+03 -9.9990e+03 -9.9990e+03 -9.9990e+03 -9.9990e+03 5.7555e+02 5.7571e+02
5.7610e+02 5.7673e+02 5.7759e+02 5.7833e+02 5.7928e+02 5.7956e+02 5.8008e+02 5.8109e+02 5.8222e+02 5.8342e+02 5.8426e+02 5.8523e+02 5.8577e+02 5.8703e+02 5.8778e+02 5.8855e+02 5.8939e+02 5.9074e+02 5.9176e+02 5.9271e+02 5.9378e+02 5.9492e+02 5.9577e+02 5.9708e+02 5.9819e+02 5.9841e+02 5.9932e+02 6.0053e+02 6.0164e+02 6.0291e+02 6.0372e+02 6.0513e+02 6.0582e+02 6.0719e+02 6.0987e+02
6.1304e+02 6.1452e+02 6.1543e+02 6.1646e+02 6.1887e+02 6.2160e+02 6.2383e+02 6.2475e+02 6.2527e+02 6.2595e+02 6.2670e+02 -9.9990e+03 -9.9990e+03 -9.9990e+03 -9.9990e+03 -9.9990e+03 -9.9990e+03 -9.9990e+03 -9.9990e+03 -9.9990e+03 -9.9990e+03 -9.9990e+03 -9.9990e+03 5.7481e+02 5.7533e+02 5.7549e+02 5.7595e+02 5.7660e+02 5.7743e+02 5.7811e+02 5.7900e+02 5.7929e+02 5.7980e+02 5.8071e+02 5.8167e+02
5.8282e+02 5.8388e+02 5.8463e+02 5.8485e+02 5.8637e+02 5.8747e+02 5.8832e+02 5.8920e+02 5.9058e+02 5.9156e+02 5.9234e+02 5.9357e+02 5.9477e+02 5.9548e+02 5.9668e+02 5.9796e+02 5.9814e+02 5.9923e+02 6.0013e+02 6.0122e+02 6.0250e+02 6.0336e+02 6.0466e+02 6.0531e+02 6.0717e+02 6.0986e+02 6.1346e+02 6.1473e+02 6.1552e+02 6.1633e+02 6.1806e+02 6.2058e+02 6.2366e+02 6.2490e+02 6.2544e+02
6.2606e+02 6.2672e+02 6.2717e+02 -9.9990e+03 -9.9990e+03 -9.9990e+03 -9.9990e+03 -9.9990e+03 -9.9990e+03 -9.9990e+03 -9.9990e+03 -9.9990e+03 5.7357e+02 5.7389e+02 5.7455e+02 5.7505e+02 5.7524e+02 5.7563e+02 5.7628e+02 5.7717e+02 5.7761e+02 5.7832e+02 5.7873e+02 5.7923e+02 5.8009e+02 5.8113e+02 5.8232e+02 5.8324e+02 5.8407e+02 5.8416e+02 5.8581e+02 5.8685e+02 5.8812e+02 5.8910e+02 5.9024e+02
5.9122e+02 5.9212e+02 5.9351e+02 5.9441e+02 5.9527e+02 5.9636e+02 5.9748e+02 5.9799e+02 5.9938e+02 5.9987e+02 6.0090e+02 6.0202e+02 6.0322e+02 6.0425e+02 6.0471e+02 6.0648e+02 6.0940e+02 6.1281e+02 6.1404e+02 6.1491e+02 6.1589e+02 6.1694e+02 6.1915e+02 6.2230e+02 6.2497e+02 6.2563e+02 6.2625e+02 6.2689e+02 6.2745e+02 -9.9990e+03 -9.9990e+03 -9.9990e+03 -9.9990e+03 -9.9990e+03 -9.9990e+03
-9.9990e+03 -9.9990e+03 5.7278e+02 5.7316e+02 5.7360e+02 5.7415e+02 5.7473e+02 5.7485e+02 5.7507e+02 5.7568e+02 5.7660e+02 5.7694e+02 5.7777e+02 5.7819e+02 5.7876e+02 5.7958e+02 5.8048e+02 5.8186e+02 5.8251e+02 5.8347e+02 5.8354e+02 5.8511e+02 5.8640e+02 5.8771e+02 5.8900e+02 5.8997e+02 5.9096e+02 5.9186e+02 5.9313e+02 5.9404e+02 5.9496e+02 5.9619e+02 5.9718e+02 5.9821e+02 5.9848e+02
5.9952e+02 6.0052e+02 6.0155e+02 6.0272e+02 6.0364e+02 6.0440e+02 6.0609e+02 6.0847e+02 6.1143e+02 6.1303e+02 6.1437e+02 6.1554e+02 6.1625e+02 6.1740e+02 6.2102e+02 6.2470e+02 6.2571e+02 6.2652e+02 6.2708e+02 6.2769e+02 -9.9990e+03 -9.9990e+03 -9.9990e+03 -9.9990e+03 -9.9990e+03 5.7123e+02 5.7156e+02 5.7189e+02 5.7262e+02 5.7266e+02 5.7303e+02 5.7382e+02 5.7413e+02 5.7438e+02 5.7444e+02
5.7513e+02 5.7581e+02 5.7643e+02 5.7726e+02 5.7757e+02 5.7830e+02 5.7923e+02 5.7994e+02 5.8132e+02 5.8201e+02 5.8305e+02 5.8321e+02 5.8472e+02 5.8605e+02 5.8731e+02 5.8857e+02 5.8980e+02 5.9083e+02 5.9174e+02 5.9288e+02 5.9435e+02 5.9473e+02 5.9583e+02 5.9689e+02 5.9791e+02 5.9799e+02 5.9907e+02 6.0022e+02 6.0119e+02 6.0219e+02 6.0333e+02 6.0432e+02 6.0561e+02 6.0722e+02 6.1079e+02
6.1194e+02 6.1380e+02 6.1479e+02 6.1570e+02 6.1683e+02 6.2006e+02 6.2310e+02 6.2542e+02 6.2672e+02 6.2727e+02 6.2788e+02 -9.9990e+03 -9.9990e+03 -9.9990e+03 -9.9990e+03 5.7082e+02 5.7076e+02 5.7105e+02 5.7147e+02 5.7199e+02 5.7206e+02 5.7230e+02 5.7319e+02 5.7338e+02 5.7373e+02 5.7385e+02 5.7448e+02 5.7530e+02 5.7595e+02 5.7686e+02 5.7716e+02 5.7810e+02 5.7883e+02 5.7973e+02 5.8115e+02
5.8193e+02 5.8294e+02 5.8332e+02 5.8476e+02 5.8589e+02 5.8700e+02 5.8824e+02 5.8973e+02 5.9074e+02 5.9163e+02 5.9269e+02 5.9557e+02 5.9463e+02 5.9550e+02 5.9656e+02 5.9737e+02 5.9776e+02 5.9867e+02 6.0011e+02 6.0088e+02 6.0203e+02 6.0315e+02 6.0413e+02 6.0532e+02 6.0671e+02 6.0921e+02 6.0989e+02 6.1243e+02 6.1403e+02 6.1528e+02 6.1652e+02 6.1914e+02 6.2163e+02 6.2427e+02 6.2655e+02
6.2746e+02 6.2792e+02 6.2868e+02 -9.9990e+03 -9.9990e+03 -9.9990e+03 5.7045e+02 5.7037e+02 5.7060e+02 5.7105e+02 5.7144e+02 5.7157e+02 5.7195e+02 5.7242e+02 5.7274e+02 5.7290e+02 5.7341e+02 5.7409e+02 5.7491e+02 5.7572e+02 5.7666e+02 5.7698e+02 5.7797e+02 5.7883e+02 5.7980e+02 5.8090e+02 5.8204e+02 5.8272e+02 5.8335e+02 5.8479e+02 5.8578e+02 5.8688e+02 5.8829e+02 5.8937e+02 5.9037e+02
5.9125e+02 5.9233e+02 5.9416e+02 5.9443e+02 5.9536e+02 5.9631e+02 5.9662e+02 5.9741e+02 5.9853e+02 5.9974e+02 6.0077e+02 6.0180e+02 6.0293e+02 6.0394e+02 6.0515e+02 6.0642e+02 6.0764e+02 6.0908e+02 6.1135e+02 6.1378e+02 6.1511e+02 6.1618e+02 6.1761e+02 6.2035e+02 6.2304e+02 6.2564e+02 6.2759e+02 6.2797e+02 6.2850e+02 6.2882e+02 -9.9990e+03 -9.9990e+03 5.6986e+02 5.6991e+02 5.7016e+02
5.7064e+02 5.7098e+02 5.7124e+02 5.7143e+02 5.7197e+02 5.7250e+02 5.7269e+02 5.7329e+02 5.7392e+02 5.7468e+02 5.7535e+02 5.7627e+02 5.7675e+02 5.7772e+02 5.7881e+02 5.7980e+02 5.8061e+02 5.8187e+02 5.8253e+02 5.8306e+02 5.8455e+02 5.8554e+02 5.8675e+02 5.8800e+02 5.8892e+02 5.8998e+02 5.9089e+02 5.9191e+02 5.9315e+02 5.9391e+02 5.9492e+02 5.9591e+02 5.9628e+02 5.9720e+02 5.9827e+02
5.9943e+02 6.0054e+02 6.0153e+02 6.0271e+02 6.0374e+02 6.0489e+02 6.0608e+02 6.0725e+02 6.0866e+02 6.1041e+02 6.1323e+02 6.1490e+02 6.1600e+02 6.1697e+02 6.1924e+02 -9.9990e+03 -9.9990e+03 -9.9990e+03 -9.9990e+03 -9.9990e+03 -9.9990e+03 -9.9990e+03 -9.9990e+03 5.6934e+02 5.6947e+02 5.6978e+02 5.7036e+02 5.7054e+02 5.7093e+02 5.7115e+02 5.7170e+02 5.7212e+02 5.7278e+02 5.7310e+02 5.7355e+02
5.7432e+02 5.7508e+02 5.7551e+02 5.7652e+02 5.7739e+02 5.7858e+02 5.7959e+02 5.8010e+02 5.8133e+02 5.8228e+02 5.8290e+02 5.8422e+02 5.8502e+02 5.8627e+02 5.8737e+02 5.8840e+02 5.8955e+02 5.9044e+02 5.9125e+02 5.9226e+02 5.9330e+02 5.9485e+02 5.9535e+02 5.9618e+02 5.9697e+02 5.9783e+02 5.9898e+02 6.0014e+02 6.0107e+02 6.0216e+02 6.0337e+02 6.0453e+02 6.0562e+02 6.0690e+02 6.0811e+02
6.0988e+02 6.1231e+02 6.1468e+02 6.1566e+02 -9.9990e+03 -9.9990e+03 -9.9990e+03 -9.9990e+03 -9.9990e+03 -9.9990e+03 -9.9990e+03 -9.9990e+03 -9.9990e+03 5.6841e+02 5.6886e+02 5.6915e+02 5.6938e+02 5.7012e+02 5.7005e+02 5.7073e+02 5.7089e+02 5.7121e+02 5.7160e+02 5.7229e+02 5.7282e+02 5.7322e+02 5.7398e+02 5.7499e+02 5.7526e+02 5.7598e+02 5.7689e+02 5.7817e+02 5.7914e+02 5.7967e+02 5.8052e+02
5.8171e+02 5.8261e+02 5.8390e+02 5.8431e+02 5.8578e+02 5.8674e+02 5.8782e+02 5.8892e+02 5.8963e+02 5.9023e+02 5.9140e+02 5.9213e+02 5.9508e+02 5.9458e+02 5.9552e+02 5.9668e+02 5.9725e+02 5.9819e+02 5.9987e+02 6.0104e+02 6.0153e+02 6.0266e+02 6.0403e+02 6.0540e+02 6.0611e+02 6.0757e+02 6.1007e+02 6.1130e+02 6.1308e+02 -9.9990e+03 -9.9990e+03 -9.9990e+03 -9.9990e+03 -9.9990e+03 -9.9990e+03
