                     #***** Cumulative flow volumes ***** 
# Nstep    Deltat      Time  SeepageF  nansfDir  nansfNeu   Nudging  net (VTOT)
      1  5.00E+00  5.00E+00  0.00E+00  0.00E+00  0.00E+00  0.00E+00  0.0000E+00
      2  2.75E+00  7.75E+00  0.00E+00  0.00E+00  0.00E+00  0.00E+00  4.1428E-06
      3  1.51E+00  9.26E+00  0.00E+00  0.00E+00  0.00E+00  0.00E+00  8.6969E-06
      4  1.66E+00  1.09E+01  0.00E+00  0.00E+00  0.00E+00  0.00E+00  1.3699E-05
      5  1.83E+00  1.28E+01  0.00E+00  0.00E+00  0.00E+00  0.00E+00  1.9194E-05
      6  2.01E+00  1.48E+01  0.00E+00  0.00E+00  0.00E+00  0.00E+00  2.5227E-05
      7  2.21E+00  1.70E+01  0.00E+00  0.00E+00  0.00E+00  0.00E+00  3.1852E-05
      8  2.44E+00  1.94E+01  0.00E+00  0.00E+00  0.00E+00  0.00E+00  3.9125E-05
      9  2.68E+00  2.21E+01  0.00E+00  0.00E+00  0.00E+00  0.00E+00  4.7107E-05
     10  1.47E+00  2.36E+01  0.00E+00  0.00E+00  0.00E+00  0.00E+00  5.1489E-05
     11  1.62E+00  2.52E+01  0.00E+00  0.00E+00  0.00E+00  0.00E+00  5.6303E-05
     12  1.78E+00  2.70E+01  0.00E+00  0.00E+00  0.00E+00  0.00E+00  6.1590E-05
     13  1.96E+00  2.89E+01  0.00E+00  0.00E+00  0.00E+00  0.00E+00  6.7397E-05
     14  2.16E+00  3.11E+01  0.00E+00  0.00E+00  0.00E+00  0.00E+00  7.3774E-05
     15  2.37E+00  3.35E+01  0.00E+00  0.00E+00  0.00E+00  0.00E+00  8.0774E-05
     16  2.61E+00  3.61E+01  0.00E+00  0.00E+00  0.00E+00  0.00E+00  8.8458E-05
     17  2.87E+00  3.90E+01  0.00E+00  0.00E+00  0.00E+00  0.00E+00  9.6891E-05
     18  1.58E+00  4.05E+01  0.00E+00  0.00E+00  0.00E+00  0.00E+00  1.0152E-04
     19  1.74E+00  4.23E+01  0.00E+00  0.00E+00  0.00E+00  0.00E+00  1.0661E-04
     20  1.91E+00  4.42E+01  0.00E+00  0.00E+00  0.00E+00  0.00E+00  1.1219E-04
     21  2.10E+00  4.63E+01  0.00E+00  0.00E+00  0.00E+00  0.00E+00  1.1832E-04
     22  2.31E+00  4.86E+01  0.00E+00  0.00E+00  0.00E+00  0.00E+00  1.2506E-04
     23  2.54E+00  5.11E+01  0.00E+00  0.00E+00  0.00E+00  0.00E+00  1.3245E-04
     24  2.80E+00  5.39E+01  0.00E+00  0.00E+00  0.00E+00  0.00E+00  1.4056E-04
     25  1.54E+00  5.55E+01  0.00E+00  0.00E+00  0.00E+00  0.00E+00  1.4502E-04
     26  1.69E+00  5.72E+01  0.00E+00  0.00E+00  0.00E+00  0.00E+00  1.4991E-04
     27  1.86E+00  5.90E+01  0.00E+00  0.00E+00  0.00E+00  0.00E+00  1.5528E-04
     28  2.05E+00  6.11E+01  0.00E+00  0.00E+00  0.00E+00  0.00E+00  1.6119E-04
     29  2.25E+00  6.33E+01  0.00E+00  0.00E+00  0.00E+00  0.00E+00  1.6767E-04
     30  2.48E+00  6.58E+01  0.00E+00  0.00E+00  0.00E+00  0.00E+00  1.7478E-04
     31  2.73E+00  6.85E+01  0.00E+00  0.00E+00  0.00E+00  0.00E+00  1.8259E-04
     32  3.00E+00  7.15E+01  0.00E+00  0.00E+00  0.00E+00  0.00E+00  1.9116E-04
     33  1.65E+00  7.32E+01  0.00E+00  0.00E+00  0.00E+00  0.00E+00  1.9587E-04
     34  1.81E+00  7.50E+01  0.00E+00  0.00E+00  0.00E+00  0.00E+00  2.0103E-04
     35  2.00E+00  7.70E+01  0.00E+00  0.00E+00  0.00E+00  0.00E+00  2.0671E-04
     36  2.20E+00  7.92E+01  0.00E+00  0.00E+00  0.00E+00  0.00E+00  2.1294E-04
     37  2.42E+00  8.16E+01  0.00E+00  0.00E+00  0.00E+00  0.00E+00  2.1978E-04
     38  2.66E+00  8.43E+01  0.00E+00  0.00E+00  0.00E+00  0.00E+00  2.2730E-04
     39  2.92E+00  8.72E+01  0.00E+00  0.00E+00  0.00E+00  0.00E+00  2.3554E-04
     40  1.61E+00  8.88E+01  0.00E+00  0.00E+00  0.00E+00  0.00E+00  2.4007E-04
     41  1.77E+00  9.06E+01  0.00E+00  0.00E+00  0.00E+00  0.00E+00  2.4504E-04
     42  1.94E+00  9.25E+01  0.00E+00  0.00E+00  0.00E+00  0.00E+00  2.5050E-04
     43  2.14E+00  9.46E+01  0.00E+00  0.00E+00  0.00E+00  0.00E+00  2.5650E-04
     44  2.35E+00  9.70E+01  0.00E+00  0.00E+00  0.00E+00  0.00E+00  2.6308E-04
     45  2.59E+00  9.96E+01  0.00E+00  0.00E+00  0.00E+00  0.00E+00  2.7031E-04
     46  2.85E+00  1.02E+02  0.00E+00  0.00E+00  0.00E+00  0.00E+00  2.7825E-04
     47  3.13E+00  1.06E+02  0.00E+00  0.00E+00  0.00E+00  0.00E+00  2.8695E-04
     48  1.72E+00  1.07E+02  0.00E+00  0.00E+00  0.00E+00  0.00E+00  2.9173E-04
     49  1.89E+00  1.09E+02  0.00E+00  0.00E+00  0.00E+00  0.00E+00  2.9699E-04
     50  2.08E+00  1.11E+02  0.00E+00  0.00E+00  0.00E+00  0.00E+00  3.0275E-04
     51  2.29E+00  1.14E+02  0.00E+00  0.00E+00  0.00E+00  0.00E+00  3.0908E-04
     52  2.52E+00  1.16E+02  0.00E+00  0.00E+00  0.00E+00  0.00E+00  3.1604E-04
     53  2.77E+00  1.19E+02  0.00E+00  0.00E+00  0.00E+00  0.00E+00  3.2367E-04
     54  3.05E+00  1.22E+02  0.00E+00  0.00E+00  0.00E+00  0.00E+00  3.3204E-04
     55  1.68E+00  1.24E+02  0.00E+00  0.00E+00  0.00E+00  0.00E+00  3.3664E-04
     56  1.85E+00  1.25E+02  0.00E+00  0.00E+00  0.00E+00  0.00E+00  3.4169E-04
     57  2.03E+00  1.27E+02  0.00E+00  0.00E+00  0.00E+00  0.00E+00  3.4724E-04
     58  2.23E+00  1.30E+02  0.00E+00  0.00E+00  0.00E+00  0.00E+00  3.5333E-04
     59  2.46E+00  1.32E+02  0.00E+00  0.00E+00  0.00E+00  0.00E+00  3.6002E-04
     60  2.70E+00  1.35E+02  0.00E+00  0.00E+00  0.00E+00  0.00E+00  3.6737E-04
     61  2.97E+00  1.38E+02  0.00E+00  0.00E+00  0.00E+00  0.00E+00  3.7543E-04
     62  3.27E+00  1.41E+02  0.00E+00  0.00E+00  0.00E+00  0.00E+00  3.8428E-04
     63  1.80E+00  1.43E+02  0.00E+00  0.00E+00  0.00E+00  0.00E+00  3.8913E-04
     64  1.98E+00  1.45E+02  0.00E+00  0.00E+00  0.00E+00  0.00E+00  3.9446E-04
     65  2.18E+00  1.47E+02  0.00E+00  0.00E+00  0.00E+00  0.00E+00  4.0032E-04
     66  2.39E+00  1.49E+02  0.00E+00  0.00E+00  0.00E+00  0.00E+00  4.0675E-04
     67  2.63E+00  1.52E+02  0.00E+00  0.00E+00  0.00E+00  0.00E+00  4.1382E-04
     68  2.90E+00  1.55E+02  0.00E+00  0.00E+00  0.00E+00  0.00E+00  4.2157E-04
     69  3.19E+00  1.58E+02  0.00E+00  0.00E+00  0.00E+00  0.00E+00  4.3008E-04
     70  3.51E+00  1.62E+02  0.00E+00  0.00E+00  0.00E+00  0.00E+00  4.3941E-04
     71  1.93E+00  1.64E+02  0.00E+00  0.00E+00  0.00E+00  0.00E+00  4.4454E-04
     72  2.12E+00  1.66E+02  0.00E+00  0.00E+00  0.00E+00  0.00E+00  4.5016E-04
     73  2.33E+00  1.68E+02  0.00E+00  0.00E+00  0.00E+00  0.00E+00  4.5634E-04
     74  2.57E+00  1.71E+02  0.00E+00  0.00E+00  0.00E+00  0.00E+00  4.6313E-04
     75  2.82E+00  1.73E+02  0.00E+00  0.00E+00  0.00E+00  0.00E+00  4.7058E-04
     76  3.11E+00  1.77E+02  0.00E+00  0.00E+00  0.00E+00  0.00E+00  4.7876E-04
     77  3.42E+00  1.80E+02  0.00E+00  0.00E+00  0.00E+00  0.00E+00  4.8773E-04
     78  1.88E+00  1.82E+02  0.00E+00  0.00E+00  0.00E+00  0.00E+00  4.9265E-04
     79  2.07E+00  1.84E+02  0.00E+00  0.00E+00  0.00E+00  0.00E+00  4.9806E-04
     80  2.27E+00  1.86E+02  0.00E+00  0.00E+00  0.00E+00  0.00E+00  5.0400E-04
     81  2.50E+00  1.89E+02  0.00E+00  0.00E+00  0.00E+00  0.00E+00  5.1053E-04
     82  2.75E+00  1.91E+02  0.00E+00  0.00E+00  0.00E+00  0.00E+00  5.1769E-04
     83  3.03E+00  1.94E+02  0.00E+00  0.00E+00  0.00E+00  0.00E+00  5.2555E-04
     84  3.33E+00  1.98E+02  0.00E+00  0.00E+00  0.00E+00  0.00E+00  5.3418E-04
     85  3.66E+00  2.01E+02  0.00E+00  0.00E+00  0.00E+00  0.00E+00  5.4365E-04
     86  2.01E+00  2.03E+02  0.00E+00  0.00E+00  0.00E+00  0.00E+00  5.4885E-04
     87  2.21E+00  2.06E+02  0.00E+00  0.00E+00  0.00E+00  0.00E+00  5.5456E-04
     88  2.44E+00  2.08E+02  0.00E+00  0.00E+00  0.00E+00  0.00E+00  5.6082E-04
     89  2.68E+00  2.11E+02  0.00E+00  0.00E+00  0.00E+00  0.00E+00  5.6771E-04
     90  2.95E+00  2.14E+02  0.00E+00  0.00E+00  0.00E+00  0.00E+00  5.7526E-04
     91  3.24E+00  2.17E+02  0.00E+00  0.00E+00  0.00E+00  0.00E+00  5.8355E-04
     92  3.57E+00  2.21E+02  0.00E+00  0.00E+00  0.00E+00  0.00E+00  5.9265E-04
     93  1.96E+00  2.23E+02  0.00E+00  0.00E+00  0.00E+00  0.00E+00  5.9765E-04
     94  2.16E+00  2.25E+02  0.00E+00  0.00E+00  0.00E+00  0.00E+00  6.0313E-04
     95  2.37E+00  2.27E+02  0.00E+00  0.00E+00  0.00E+00  0.00E+00  6.0916E-04
     96  2.61E+00  2.30E+02  0.00E+00  0.00E+00  0.00E+00  0.00E+00  6.1578E-04
     97  2.87E+00  2.33E+02  0.00E+00  0.00E+00  0.00E+00  0.00E+00  6.2304E-04
     98  3.16E+00  2.36E+02  0.00E+00  0.00E+00  0.00E+00  0.00E+00  6.3101E-04
     99  3.48E+00  2.39E+02  0.00E+00  0.00E+00  0.00E+00  0.00E+00  6.3976E-04
    100  3.82E+00  2.43E+02  0.00E+00  0.00E+00  0.00E+00  0.00E+00  6.4936E-04
    101  2.10E+00  2.45E+02  0.00E+00  0.00E+00  0.00E+00  0.00E+00  6.5463E-04
    102  2.31E+00  2.47E+02  0.00E+00  0.00E+00  0.00E+00  0.00E+00  6.6042E-04
    103  2.54E+00  2.50E+02  0.00E+00  0.00E+00  0.00E+00  0.00E+00  6.6678E-04
    104  2.80E+00  2.53E+02  0.00E+00  0.00E+00  0.00E+00  0.00E+00  6.7376E-04
    105  3.08E+00  2.56E+02  0.00E+00  0.00E+00  0.00E+00  0.00E+00  6.8142E-04
    106  3.39E+00  2.59E+02  0.00E+00  0.00E+00  0.00E+00  0.00E+00  6.8983E-04
    107  3.73E+00  2.63E+02  0.00E+00  0.00E+00  0.00E+00  0.00E+00  6.9905E-04
    108  2.05E+00  2.65E+02  0.00E+00  0.00E+00  0.00E+00  0.00E+00  7.0412E-04
    109  2.25E+00  2.67E+02  0.00E+00  0.00E+00  0.00E+00  0.00E+00  7.0968E-04
    110  2.48E+00  2.70E+02  0.00E+00  0.00E+00  0.00E+00  0.00E+00  7.1579E-04
    111  2.73E+00  2.72E+02  0.00E+00  0.00E+00  0.00E+00  0.00E+00  7.2250E-04
    112  3.00E+00  2.75E+02  0.00E+00  0.00E+00  0.00E+00  0.00E+00  7.2986E-04
    113  3.30E+00  2.79E+02  0.00E+00  0.00E+00  0.00E+00  0.00E+00  7.3795E-04
    114  3.63E+00  2.82E+02  0.00E+00  0.00E+00  0.00E+00  0.00E+00  7.4682E-04
    115  3.99E+00  2.86E+02  0.00E+00  0.00E+00  0.00E+00  0.00E+00  7.5656E-04
    116  2.20E+00  2.89E+02  0.00E+00  0.00E+00  0.00E+00  0.00E+00  7.6190E-04
    117  2.42E+00  2.91E+02  0.00E+00  0.00E+00  0.00E+00  0.00E+00  7.6777E-04
    118  2.66E+00  2.94E+02  0.00E+00  0.00E+00  0.00E+00  0.00E+00  7.7421E-04
    119  2.92E+00  2.97E+02  0.00E+00  0.00E+00  0.00E+00  0.00E+00  7.8129E-04
    120  3.22E+00  3.00E+02  0.00E+00  0.00E+00  0.00E+00  0.00E+00  7.8905E-04
    121  3.54E+00  3.03E+02  0.00E+00  0.00E+00  0.00E+00  0.00E+00  7.9758E-04
    122  3.89E+00  3.07E+02  0.00E+00  0.00E+00  0.00E+00  0.00E+00  8.0693E-04
    123  2.14E+00  3.09E+02  0.00E+00  0.00E+00  0.00E+00  0.00E+00  8.1207E-04
    124  2.35E+00  3.12E+02  0.00E+00  0.00E+00  0.00E+00  0.00E+00  8.1771E-04
    125  2.59E+00  3.14E+02  0.00E+00  0.00E+00  0.00E+00  0.00E+00  8.2390E-04
    126  2.85E+00  3.17E+02  0.00E+00  0.00E+00  0.00E+00  0.00E+00  8.3070E-04
    127  3.13E+00  3.20E+02  0.00E+00  0.00E+00  0.00E+00  0.00E+00  8.3817E-04
    128  3.45E+00  3.24E+02  0.00E+00  0.00E+00  0.00E+00  0.00E+00  8.4637E-04
    129  3.79E+00  3.28E+02  0.00E+00  0.00E+00  0.00E+00  0.00E+00  8.5536E-04
    130  4.17E+00  3.32E+02  0.00E+00  0.00E+00  0.00E+00  0.00E+00  8.6523E-04
    131  2.29E+00  3.34E+02  0.00E+00  0.00E+00  0.00E+00  0.00E+00  8.7065E-04
    132  2.52E+00  3.36E+02  0.00E+00  0.00E+00  0.00E+00  0.00E+00  8.7659E-04
    133  2.77E+00  3.39E+02  0.00E+00  0.00E+00  0.00E+00  0.00E+00  8.8313E-04
    134  3.05E+00  3.42E+02  0.00E+00  0.00E+00  0.00E+00  0.00E+00  8.9030E-04
    135  3.36E+00  3.46E+02  0.00E+00  0.00E+00  0.00E+00  0.00E+00  8.9817E-04
    136  3.69E+00  3.49E+02  0.00E+00  0.00E+00  0.00E+00  0.00E+00  9.0682E-04
    137  4.06E+00  3.53E+02  0.00E+00  0.00E+00  0.00E+00  0.00E+00  9.1630E-04
    138  2.23E+00  3.56E+02  0.00E+00  0.00E+00  0.00E+00  0.00E+00  9.2150E-04
    139  2.46E+00  3.58E+02  0.00E+00  0.00E+00  0.00E+00  0.00E+00  9.2722E-04
    140  2.70E+00  3.61E+02  0.00E+00  0.00E+00  0.00E+00  0.00E+00  9.3350E-04
    141  2.97E+00  3.64E+02  0.00E+00  0.00E+00  0.00E+00  0.00E+00  9.4039E-04
    142  3.27E+00  3.67E+02  0.00E+00  0.00E+00  0.00E+00  0.00E+00  9.4796E-04
    143  3.60E+00  3.71E+02  0.00E+00  0.00E+00  0.00E+00  0.00E+00  9.5627E-04
    144  3.96E+00  3.75E+02  0.00E+00  0.00E+00  0.00E+00  0.00E+00  9.6539E-04
    145  4.35E+00  3.79E+02  0.00E+00  0.00E+00  0.00E+00  0.00E+00  9.7539E-04
    146  2.39E+00  3.81E+02  0.00E+00  0.00E+00  0.00E+00  0.00E+00  9.8088E-04
    147  2.63E+00  3.84E+02  0.00E+00  0.00E+00  0.00E+00  0.00E+00  9.8691E-04
    148  2.90E+00  3.87E+02  0.00E+00  0.00E+00  0.00E+00  0.00E+00  9.9353E-04
    149  3.19E+00  3.90E+02  0.00E+00  0.00E+00  0.00E+00  0.00E+00  1.0008E-03
    150  3.51E+00  3.94E+02  0.00E+00  0.00E+00  0.00E+00  0.00E+00  1.0088E-03
    151  3.86E+00  3.97E+02  0.00E+00  0.00E+00  0.00E+00  0.00E+00  1.0175E-03
    152  4.24E+00  4.02E+02  0.00E+00  0.00E+00  0.00E+00  0.00E+00  1.0272E-03
    153  2.33E+00  4.04E+02  0.00E+00  0.00E+00  0.00E+00  0.00E+00  1.0324E-03
    154  2.57E+00  4.07E+02  0.00E+00  0.00E+00  0.00E+00  0.00E+00  1.0382E-03
    155  2.82E+00  4.09E+02  0.00E+00  0.00E+00  0.00E+00  0.00E+00  1.0446E-03
    156  3.11E+00  4.13E+02  0.00E+00  0.00E+00  0.00E+00  0.00E+00  1.0516E-03
    157  3.42E+00  4.16E+02  0.00E+00  0.00E+00  0.00E+00  0.00E+00  1.0592E-03
    158  3.76E+00  4.20E+02  0.00E+00  0.00E+00  0.00E+00  0.00E+00  1.0677E-03
    159  4.13E+00  4.24E+02  0.00E+00  0.00E+00  0.00E+00  0.00E+00  1.0769E-03
    160  4.55E+00  4.28E+02  0.00E+00  0.00E+00  0.00E+00  0.00E+00  1.0870E-03
    161  2.50E+00  4.31E+02  0.00E+00  0.00E+00  0.00E+00  0.00E+00  1.0926E-03
    162  2.75E+00  4.34E+02  0.00E+00  0.00E+00  0.00E+00  0.00E+00  1.0987E-03
    163  3.03E+00  4.37E+02  0.00E+00  0.00E+00  0.00E+00  0.00E+00  1.1054E-03
    164  3.33E+00  4.40E+02  0.00E+00  0.00E+00  0.00E+00  0.00E+00  1.1128E-03
    165  3.66E+00  4.44E+02  0.00E+00  0.00E+00  0.00E+00  0.00E+00  1.1209E-03
    166  4.03E+00  4.48E+02  0.00E+00  0.00E+00  0.00E+00  0.00E+00  1.1298E-03
    167  4.43E+00  4.52E+02  0.00E+00  0.00E+00  0.00E+00  0.00E+00  1.1395E-03
    168  4.87E+00  4.57E+02  0.00E+00  0.00E+00  0.00E+00  0.00E+00  1.1502E-03
    169  2.68E+00  4.60E+02  0.00E+00  0.00E+00  0.00E+00  0.00E+00  1.1560E-03
    170  2.95E+00  4.63E+02  0.00E+00  0.00E+00  0.00E+00  0.00E+00  1.1625E-03
    171  3.24E+00  4.66E+02  0.00E+00  0.00E+00  0.00E+00  0.00E+00  1.1696E-03
    172  3.57E+00  4.69E+02  0.00E+00  0.00E+00  0.00E+00  0.00E+00  1.1773E-03
    173  3.92E+00  4.73E+02  0.00E+00  0.00E+00  0.00E+00  0.00E+00  1.1858E-03
    174  4.32E+00  4.78E+02  0.00E+00  0.00E+00  0.00E+00  0.00E+00  1.1952E-03
    175  4.75E+00  4.82E+02  0.00E+00  0.00E+00  0.00E+00  0.00E+00  1.2055E-03
    176  2.61E+00  4.85E+02  0.00E+00  0.00E+00  0.00E+00  0.00E+00  1.2111E-03
    177  2.87E+00  4.88E+02  0.00E+00  0.00E+00  0.00E+00  0.00E+00  1.2173E-03
    178  3.16E+00  4.91E+02  0.00E+00  0.00E+00  0.00E+00  0.00E+00  1.2241E-03
    179  3.48E+00  4.95E+02  0.00E+00  0.00E+00  0.00E+00  0.00E+00  1.2315E-03
    180  3.82E+00  4.98E+02  0.00E+00  0.00E+00  0.00E+00  0.00E+00  1.2397E-03
    181  4.21E+00  5.03E+02  0.00E+00  0.00E+00  0.00E+00  0.00E+00  1.2487E-03
    182  4.63E+00  5.07E+02  0.00E+00  0.00E+00  0.00E+00  0.00E+00  1.2585E-03
    183  5.09E+00  5.12E+02  0.00E+00  0.00E+00  0.00E+00  0.00E+00  1.2693E-03
    184  2.80E+00  5.15E+02  0.00E+00  0.00E+00  0.00E+00  0.00E+00  1.2753E-03
    185  3.08E+00  5.18E+02  0.00E+00  0.00E+00  0.00E+00  0.00E+00  1.2818E-03
    186  3.39E+00  5.22E+02  0.00E+00  0.00E+00  0.00E+00  0.00E+00  1.2890E-03
    187  3.73E+00  5.25E+02  0.00E+00  0.00E+00  0.00E+00  0.00E+00  1.2968E-03
    188  4.10E+00  5.29E+02  0.00E+00  0.00E+00  0.00E+00  0.00E+00  1.3054E-03
    189  4.51E+00  5.34E+02  0.00E+00  0.00E+00  0.00E+00  0.00E+00  1.3149E-03
    190  4.96E+00  5.39E+02  0.00E+00  0.00E+00  0.00E+00  0.00E+00  1.3253E-03
    191  2.73E+00  5.42E+02  0.00E+00  0.00E+00  0.00E+00  0.00E+00  1.3310E-03
    192  3.00E+00  5.45E+02  0.00E+00  0.00E+00  0.00E+00  0.00E+00  1.3372E-03
    193  3.30E+00  5.48E+02  0.00E+00  0.00E+00  0.00E+00  0.00E+00  1.3441E-03
    194  3.63E+00  5.52E+02  0.00E+00  0.00E+00  0.00E+00  0.00E+00  1.3516E-03
    195  3.99E+00  5.55E+02  0.00E+00  0.00E+00  0.00E+00  0.00E+00  1.3599E-03
    196  4.39E+00  5.60E+02  0.00E+00  0.00E+00  0.00E+00  0.00E+00  1.3690E-03
    197  4.83E+00  5.65E+02  0.00E+00  0.00E+00  0.00E+00  0.00E+00  1.3790E-03
    198  5.32E+00  5.70E+02  0.00E+00  0.00E+00  0.00E+00  0.00E+00  1.3899E-03
    199  2.92E+00  5.73E+02  0.00E+00  0.00E+00  0.00E+00  0.00E+00  1.3959E-03
    200  3.22E+00  5.76E+02  0.00E+00  0.00E+00  0.00E+00  0.00E+00  1.4025E-03
    201  3.54E+00  5.80E+02  0.00E+00  0.00E+00  0.00E+00  0.00E+00  1.4098E-03
    202  3.89E+00  5.84E+02  0.00E+00  0.00E+00  0.00E+00  0.00E+00  1.4177E-03
    203  4.28E+00  5.88E+02  0.00E+00  0.00E+00  0.00E+00  0.00E+00  1.4264E-03
    204  4.71E+00  5.93E+02  0.00E+00  0.00E+00  0.00E+00  0.00E+00  1.4360E-03
    205  5.18E+00  5.98E+02  0.00E+00  0.00E+00  0.00E+00  0.00E+00  1.4465E-03
    206  2.85E+00  6.01E+02  0.00E+00  0.00E+00  0.00E+00  0.00E+00  1.4523E-03
    207  3.13E+00  6.04E+02  0.00E+00  0.00E+00  0.00E+00  0.00E+00  1.4586E-03
    208  3.45E+00  6.07E+02  0.00E+00  0.00E+00  0.00E+00  0.00E+00  1.4656E-03
    209  3.79E+00  6.11E+02  0.00E+00  0.00E+00  0.00E+00  0.00E+00  1.4732E-03
    210  4.17E+00  6.15E+02  0.00E+00  0.00E+00  0.00E+00  0.00E+00  1.4816E-03
    211  4.59E+00  6.20E+02  0.00E+00  0.00E+00  0.00E+00  0.00E+00  1.4908E-03
    212  5.05E+00  6.25E+02  0.00E+00  0.00E+00  0.00E+00  0.00E+00  1.5008E-03
    213  5.55E+00  6.30E+02  0.00E+00  0.00E+00  0.00E+00  0.00E+00  1.5119E-03
    214  3.05E+00  6.33E+02  0.00E+00  0.00E+00  0.00E+00  0.00E+00  1.5180E-03
    215  3.36E+00  6.37E+02  0.00E+00  0.00E+00  0.00E+00  0.00E+00  1.5247E-03
    216  3.69E+00  6.40E+02  0.00E+00  0.00E+00  0.00E+00  0.00E+00  1.5320E-03
    217  4.06E+00  6.45E+02  0.00E+00  0.00E+00  0.00E+00  0.00E+00  1.5400E-03
    218  4.47E+00  6.49E+02  0.00E+00  0.00E+00  0.00E+00  0.00E+00  1.5489E-03
    219  4.92E+00  6.54E+02  0.00E+00  0.00E+00  0.00E+00  0.00E+00  1.5585E-03
    220  5.41E+00  6.59E+02  0.00E+00  0.00E+00  0.00E+00  0.00E+00  1.5692E-03
    221  2.97E+00  6.62E+02  0.00E+00  0.00E+00  0.00E+00  0.00E+00  1.5750E-03
    222  3.27E+00  6.66E+02  0.00E+00  0.00E+00  0.00E+00  0.00E+00  1.5814E-03
    223  3.60E+00  6.69E+02  0.00E+00  0.00E+00  0.00E+00  0.00E+00  1.5884E-03
    224  3.96E+00  6.73E+02  0.00E+00  0.00E+00  0.00E+00  0.00E+00  1.5962E-03
    225  4.36E+00  6.77E+02  0.00E+00  0.00E+00  0.00E+00  0.00E+00  1.6046E-03
    226  4.79E+00  6.82E+02  0.00E+00  0.00E+00  0.00E+00  0.00E+00  1.6139E-03
    227  5.27E+00  6.88E+02  0.00E+00  0.00E+00  0.00E+00  0.00E+00  1.6241E-03
    228  5.80E+00  6.93E+02  0.00E+00  0.00E+00  0.00E+00  0.00E+00  1.6353E-03
    229  3.19E+00  6.97E+02  0.00E+00  0.00E+00  0.00E+00  0.00E+00  1.6415E-03
    230  3.51E+00  7.00E+02  0.00E+00  0.00E+00  0.00E+00  0.00E+00  1.6482E-03
    231  3.86E+00  7.04E+02  0.00E+00  0.00E+00  0.00E+00  0.00E+00  1.6556E-03
    232  4.24E+00  7.08E+02  0.00E+00  0.00E+00  0.00E+00  0.00E+00  1.6638E-03
    233  4.67E+00  7.13E+02  0.00E+00  0.00E+00  0.00E+00  0.00E+00  1.6727E-03
    234  5.13E+00  7.18E+02  0.00E+00  0.00E+00  0.00E+00  0.00E+00  1.6825E-03
    235  5.65E+00  7.24E+02  0.00E+00  0.00E+00  0.00E+00  0.00E+00  1.6933E-03
    236  3.11E+00  7.27E+02  0.00E+00  0.00E+00  0.00E+00  0.00E+00  1.6992E-03
    237  3.42E+00  7.30E+02  0.00E+00  0.00E+00  0.00E+00  0.00E+00  1.7056E-03
    238  3.76E+00  7.34E+02  0.00E+00  0.00E+00  0.00E+00  0.00E+00  1.7128E-03
    239  4.13E+00  7.38E+02  0.00E+00  0.00E+00  0.00E+00  0.00E+00  1.7206E-03
    240  4.55E+00  7.43E+02  0.00E+00  0.00E+00  0.00E+00  0.00E+00  1.7291E-03
    241  5.00E+00  7.48E+02  0.00E+00  0.00E+00  0.00E+00  0.00E+00  1.7386E-03
    242  5.50E+00  7.53E+02  0.00E+00  0.00E+00  0.00E+00  0.00E+00  1.7489E-03
    243  6.05E+00  7.59E+02  0.00E+00  0.00E+00  0.00E+00  0.00E+00  1.7602E-03
    244  3.33E+00  7.62E+02  0.00E+00  0.00E+00  0.00E+00  0.00E+00  1.7664E-03
    245  3.66E+00  7.66E+02  0.00E+00  0.00E+00  0.00E+00  0.00E+00  1.7733E-03
    246  4.03E+00  7.70E+02  0.00E+00  0.00E+00  0.00E+00  0.00E+00  1.7808E-03
    247  4.43E+00  7.75E+02  0.00E+00  0.00E+00  0.00E+00  0.00E+00  1.7890E-03
    248  4.87E+00  7.79E+02  0.00E+00  0.00E+00  0.00E+00  0.00E+00  1.7980E-03
    249  5.36E+00  7.85E+02  0.00E+00  0.00E+00  0.00E+00  0.00E+00  1.8079E-03
    250  5.90E+00  7.91E+02  0.00E+00  0.00E+00  0.00E+00  0.00E+00  1.8188E-03
    251  3.24E+00  7.94E+02  0.00E+00  0.00E+00  0.00E+00  0.00E+00  1.8248E-03
    252  3.57E+00  7.97E+02  0.00E+00  0.00E+00  0.00E+00  0.00E+00  1.8313E-03
    253  3.93E+00  8.01E+02  0.00E+00  0.00E+00  0.00E+00  0.00E+00  1.8385E-03
    254  4.32E+00  8.06E+02  0.00E+00  0.00E+00  0.00E+00  0.00E+00  1.8464E-03
    255  4.75E+00  8.10E+02  0.00E+00  0.00E+00  0.00E+00  0.00E+00  1.8551E-03
    256  5.22E+00  8.16E+02  0.00E+00  0.00E+00  0.00E+00  0.00E+00  1.8646E-03
    257  5.75E+00  8.21E+02  0.00E+00  0.00E+00  0.00E+00  0.00E+00  1.8751E-03
    258  6.32E+00  8.28E+02  0.00E+00  0.00E+00  0.00E+00  0.00E+00  1.8865E-03
    259  3.48E+00  8.31E+02  0.00E+00  0.00E+00  0.00E+00  0.00E+00  1.8928E-03
    260  3.82E+00  8.35E+02  0.00E+00  0.00E+00  0.00E+00  0.00E+00  1.8997E-03
    261  4.21E+00  8.39E+02  0.00E+00  0.00E+00  0.00E+00  0.00E+00  1.9073E-03
    262  4.63E+00  8.44E+02  0.00E+00  0.00E+00  0.00E+00  0.00E+00  1.9156E-03
    263  5.09E+00  8.49E+02  0.00E+00  0.00E+00  0.00E+00  0.00E+00  1.9248E-03
    264  5.60E+00  8.55E+02  0.00E+00  0.00E+00  0.00E+00  0.00E+00  1.9348E-03
    265  6.16E+00  8.61E+02  0.00E+00  0.00E+00  0.00E+00  0.00E+00  1.9458E-03
    266  3.39E+00  8.64E+02  0.00E+00  0.00E+00  0.00E+00  0.00E+00  1.9518E-03
    267  3.73E+00  8.68E+02  0.00E+00  0.00E+00  0.00E+00  0.00E+00  1.9585E-03
    268  4.10E+00  8.72E+02  0.00E+00  0.00E+00  0.00E+00  0.00E+00  1.9657E-03
    269  4.51E+00  8.76E+02  0.00E+00  0.00E+00  0.00E+00  0.00E+00  1.9737E-03
    270  4.96E+00  8.81E+02  0.00E+00  0.00E+00  0.00E+00  0.00E+00  1.9825E-03
    271  5.46E+00  8.87E+02  0.00E+00  0.00E+00  0.00E+00  0.00E+00  1.9921E-03
    272  6.00E+00  8.93E+02  0.00E+00  0.00E+00  0.00E+00  0.00E+00  2.0027E-03
    273  6.60E+00  9.00E+02  0.00E+00  0.00E+00  0.00E+00  0.00E+00  2.0143E-03
    274  3.63E+00  9.03E+02  0.00E+00  0.00E+00  0.00E+00  0.00E+00  2.0207E-03
    275  3.99E+00  9.07E+02  0.00E+00  0.00E+00  0.00E+00  0.00E+00  2.0277E-03
    276  4.39E+00  9.12E+02  0.00E+00  0.00E+00  0.00E+00  0.00E+00  2.0353E-03
    277  4.83E+00  9.16E+02  0.00E+00  0.00E+00  0.00E+00  0.00E+00  2.0437E-03
    278  5.32E+00  9.22E+02  0.00E+00  0.00E+00  0.00E+00  0.00E+00  2.0530E-03
    279  5.85E+00  9.28E+02  0.00E+00  0.00E+00  0.00E+00  0.00E+00  2.0631E-03
    280  6.43E+00  9.34E+02  0.00E+00  0.00E+00  0.00E+00  0.00E+00  2.0743E-03
    281  3.54E+00  9.37E+02  0.00E+00  0.00E+00  0.00E+00  0.00E+00  2.0804E-03
    282  3.89E+00  9.41E+02  0.00E+00  0.00E+00  0.00E+00  0.00E+00  2.0871E-03
    283  4.28E+00  9.46E+02  0.00E+00  0.00E+00  0.00E+00  0.00E+00  2.0944E-03
    284  4.71E+00  9.50E+02  0.00E+00  0.00E+00  0.00E+00  0.00E+00  2.1025E-03
    285  5.18E+00  9.56E+02  0.00E+00  0.00E+00  0.00E+00  0.00E+00  2.1114E-03
    286  5.70E+00  9.61E+02  0.00E+00  0.00E+00  0.00E+00  0.00E+00  2.1211E-03
    287  6.27E+00  9.68E+02  0.00E+00  0.00E+00  0.00E+00  0.00E+00  2.1318E-03
    288  6.89E+00  9.74E+02  0.00E+00  0.00E+00  0.00E+00  0.00E+00  2.1436E-03
    289  3.79E+00  9.78E+02  0.00E+00  0.00E+00  0.00E+00  0.00E+00  2.1500E-03
    290  4.17E+00  9.82E+02  0.00E+00  0.00E+00  0.00E+00  0.00E+00  2.1571E-03
    291  4.59E+00  9.87E+02  0.00E+00  0.00E+00  0.00E+00  0.00E+00  2.1648E-03
    292  5.05E+00  9.92E+02  0.00E+00  0.00E+00  0.00E+00  0.00E+00  2.1733E-03
    293  5.55E+00  9.98E+02  0.00E+00  0.00E+00  0.00E+00  0.00E+00  2.1827E-03
    294  6.11E+00  1.00E+03  0.00E+00  0.00E+00  0.00E+00  0.00E+00  2.1929E-03
    295  6.72E+00  1.01E+03  0.00E+00  0.00E+00  0.00E+00  0.00E+00  2.2042E-03
    296  7.39E+00  1.02E+03  0.00E+00  0.00E+00  0.00E+00  0.00E+00  2.2165E-03
    297  4.06E+00  1.02E+03  0.00E+00  0.00E+00  0.00E+00  0.00E+00  2.2233E-03
    298  4.47E+00  1.03E+03  0.00E+00  0.00E+00  0.00E+00  0.00E+00  2.2308E-03
    299  4.92E+00  1.03E+03  0.00E+00  0.00E+00  0.00E+00  0.00E+00  2.2389E-03
    300  5.41E+00  1.04E+03  0.00E+00  0.00E+00  0.00E+00  0.00E+00  2.2479E-03
    301  5.95E+00  1.04E+03  0.00E+00  0.00E+00  0.00E+00  0.00E+00  2.2577E-03
    302  6.55E+00  1.05E+03  0.00E+00  0.00E+00  0.00E+00  0.00E+00  2.2685E-03
    303  7.20E+00  1.06E+03  0.00E+00  0.00E+00  0.00E+00  0.00E+00  2.2804E-03
    304  3.96E+00  1.06E+03  0.00E+00  0.00E+00  0.00E+00  0.00E+00  2.2869E-03
    305  4.36E+00  1.06E+03  0.00E+00  0.00E+00  0.00E+00  0.00E+00  2.2940E-03
    306  4.79E+00  1.07E+03  0.00E+00  0.00E+00  0.00E+00  0.00E+00  2.3018E-03
    307  5.27E+00  1.07E+03  0.00E+00  0.00E+00  0.00E+00  0.00E+00  2.3104E-03
    308  5.80E+00  1.08E+03  0.00E+00  0.00E+00  0.00E+00  0.00E+00  2.3199E-03
    309  6.38E+00  1.09E+03  0.00E+00  0.00E+00  0.00E+00  0.00E+00  2.3302E-03
    310  7.02E+00  1.09E+03  0.00E+00  0.00E+00  0.00E+00  0.00E+00  2.3416E-03
    311  7.72E+00  1.10E+03  0.00E+00  0.00E+00  0.00E+00  0.00E+00  2.3541E-03
    312  4.24E+00  1.11E+03  0.00E+00  0.00E+00  0.00E+00  0.00E+00  2.3609E-03
    313  4.67E+00  1.11E+03  0.00E+00  0.00E+00  0.00E+00  0.00E+00  2.3684E-03
    314  5.14E+00  1.12E+03  0.00E+00  0.00E+00  0.00E+00  0.00E+00  2.3767E-03
    315  5.65E+00  1.12E+03  0.00E+00  0.00E+00  0.00E+00  0.00E+00  2.3857E-03
    316  6.21E+00  1.13E+03  0.00E+00  0.00E+00  0.00E+00  0.00E+00  2.3957E-03
    317  6.84E+00  1.13E+03  0.00E+00  0.00E+00  0.00E+00  0.00E+00  2.4066E-03
    318  7.52E+00  1.14E+03  0.00E+00  0.00E+00  0.00E+00  0.00E+00  2.4185E-03
    319  4.14E+00  1.15E+03  0.00E+00  0.00E+00  0.00E+00  0.00E+00  2.4251E-03
    320  4.55E+00  1.15E+03  0.00E+00  0.00E+00  0.00E+00  0.00E+00  2.4323E-03
    321  5.00E+00  1.16E+03  0.00E+00  0.00E+00  0.00E+00  0.00E+00  2.4402E-03
    322  5.50E+00  1.16E+03  0.00E+00  0.00E+00  0.00E+00  0.00E+00  2.4489E-03
    323  6.05E+00  1.17E+03  0.00E+00  0.00E+00  0.00E+00  0.00E+00  2.4584E-03
    324  6.66E+00  1.17E+03  0.00E+00  0.00E+00  0.00E+00  0.00E+00  2.4689E-03
    325  7.33E+00  1.18E+03  0.00E+00  0.00E+00  0.00E+00  0.00E+00  2.4804E-03
    326  8.06E+00  1.19E+03  0.00E+00  0.00E+00  0.00E+00  0.00E+00  2.4930E-03
    327  4.43E+00  1.19E+03  0.00E+00  0.00E+00  0.00E+00  0.00E+00  2.4999E-03
    328  4.88E+00  1.20E+03  0.00E+00  0.00E+00  0.00E+00  0.00E+00  2.5075E-03
    329  5.36E+00  1.20E+03  0.00E+00  0.00E+00  0.00E+00  0.00E+00  2.5158E-03
    330  5.90E+00  1.21E+03  0.00E+00  0.00E+00  0.00E+00  0.00E+00  2.5249E-03
    331  6.49E+00  1.22E+03  0.00E+00  0.00E+00  0.00E+00  0.00E+00  2.5350E-03
    332  7.14E+00  1.22E+03  0.00E+00  0.00E+00  0.00E+00  0.00E+00  2.5460E-03
    333  7.85E+00  1.23E+03  0.00E+00  0.00E+00  0.00E+00  0.00E+00  2.5581E-03
    334  4.32E+00  1.24E+03  0.00E+00  0.00E+00  0.00E+00  0.00E+00  2.5647E-03
    335  4.75E+00  1.24E+03  0.00E+00  0.00E+00  0.00E+00  0.00E+00  2.5720E-03
    336  5.23E+00  1.25E+03  0.00E+00  0.00E+00  0.00E+00  0.00E+00  2.5800E-03
    337  5.75E+00  1.25E+03  0.00E+00  0.00E+00  0.00E+00  0.00E+00  2.5887E-03
    338  6.32E+00  1.26E+03  0.00E+00  0.00E+00  0.00E+00  0.00E+00  2.5984E-03
    339  6.96E+00  1.26E+03  0.00E+00  0.00E+00  0.00E+00  0.00E+00  2.6089E-03
    340  7.65E+00  1.27E+03  0.00E+00  0.00E+00  0.00E+00  0.00E+00  2.6205E-03
    341  8.42E+00  1.28E+03  0.00E+00  0.00E+00  0.00E+00  0.00E+00  2.6333E-03
    342  4.63E+00  1.29E+03  0.00E+00  0.00E+00  0.00E+00  0.00E+00  2.6402E-03
    343  5.09E+00  1.29E+03  0.00E+00  0.00E+00  0.00E+00  0.00E+00  2.6479E-03
    344  5.60E+00  1.30E+03  0.00E+00  0.00E+00  0.00E+00  0.00E+00  2.6563E-03
    345  6.16E+00  1.30E+03  0.00E+00  0.00E+00  0.00E+00  0.00E+00  2.6655E-03
    346  6.78E+00  1.31E+03  0.00E+00  0.00E+00  0.00E+00  0.00E+00  2.6757E-03
    347  7.45E+00  1.32E+03  0.00E+00  0.00E+00  0.00E+00  0.00E+00  2.6868E-03
    348  8.20E+00  1.32E+03  0.00E+00  0.00E+00  0.00E+00  0.00E+00  2.6990E-03
    349  4.51E+00  1.33E+03  0.00E+00  0.00E+00  0.00E+00  0.00E+00  2.7057E-03
    350  4.96E+00  1.33E+03  0.00E+00  0.00E+00  0.00E+00  0.00E+00  2.7131E-03
    351  5.46E+00  1.34E+03  0.00E+00  0.00E+00  0.00E+00  0.00E+00  2.7211E-03
    352  6.00E+00  1.35E+03  0.00E+00  0.00E+00  0.00E+00  0.00E+00  2.7300E-03
    353  6.60E+00  1.35E+03  0.00E+00  0.00E+00  0.00E+00  0.00E+00  2.7397E-03
    354  7.26E+00  1.36E+03  0.00E+00  0.00E+00  0.00E+00  0.00E+00  2.7504E-03
    355  7.99E+00  1.37E+03  0.00E+00  0.00E+00  0.00E+00  0.00E+00  2.7621E-03
    356  8.79E+00  1.38E+03  0.00E+00  0.00E+00  0.00E+00  0.00E+00  2.7749E-03
    357  4.83E+00  1.38E+03  0.00E+00  0.00E+00  0.00E+00  0.00E+00  2.7820E-03
    358  5.32E+00  1.39E+03  0.00E+00  0.00E+00  0.00E+00  0.00E+00  2.7897E-03
    359  5.85E+00  1.39E+03  0.00E+00  0.00E+00  0.00E+00  0.00E+00  2.7982E-03
    360  6.43E+00  1.40E+03  0.00E+00  0.00E+00  0.00E+00  0.00E+00  2.8076E-03
    361  7.08E+00  1.41E+03  0.00E+00  0.00E+00  0.00E+00  0.00E+00  2.8178E-03
    362  7.79E+00  1.41E+03  0.00E+00  0.00E+00  0.00E+00  0.00E+00  2.8290E-03
    363  8.56E+00  1.42E+03  0.00E+00  0.00E+00  0.00E+00  0.00E+00  2.8414E-03
    364  4.71E+00  1.43E+03  0.00E+00  0.00E+00  0.00E+00  0.00E+00  2.8481E-03
    365  5.18E+00  1.43E+03  0.00E+00  0.00E+00  0.00E+00  0.00E+00  2.8555E-03
    366  5.70E+00  1.44E+03  0.00E+00  0.00E+00  0.00E+00  0.00E+00  2.8637E-03
    367  6.27E+00  1.44E+03  0.00E+00  0.00E+00  0.00E+00  0.00E+00  2.8726E-03
    368  6.90E+00  1.45E+03  0.00E+00  0.00E+00  0.00E+00  0.00E+00  2.8825E-03
    369  7.59E+00  1.46E+03  0.00E+00  0.00E+00  0.00E+00  0.00E+00  2.8933E-03
    370  8.34E+00  1.47E+03  0.00E+00  0.00E+00  0.00E+00  0.00E+00  2.9051E-03
    371  9.18E+00  1.48E+03  0.00E+00  0.00E+00  0.00E+00  0.00E+00  2.9181E-03
    372  5.05E+00  1.48E+03  0.00E+00  0.00E+00  0.00E+00  0.00E+00  2.9252E-03
    373  5.55E+00  1.49E+03  0.00E+00  0.00E+00  0.00E+00  0.00E+00  2.9330E-03
    374  6.11E+00  1.49E+03  0.00E+00  0.00E+00  0.00E+00  0.00E+00  2.9416E-03
    375  6.72E+00  1.50E+03  0.00E+00  0.00E+00  0.00E+00  0.00E+00  2.9510E-03
    376  7.39E+00  1.51E+03  0.00E+00  0.00E+00  0.00E+00  0.00E+00  2.9613E-03
    377  8.13E+00  1.51E+03  0.00E+00  0.00E+00  0.00E+00  0.00E+00  2.9727E-03
    378  8.94E+00  1.52E+03  0.00E+00  0.00E+00  0.00E+00  0.00E+00  2.9851E-03
    379  4.92E+00  1.53E+03  0.00E+00  0.00E+00  0.00E+00  0.00E+00  2.9920E-03
    380  5.41E+00  1.53E+03  0.00E+00  0.00E+00  0.00E+00  0.00E+00  2.9995E-03
    381  5.95E+00  1.54E+03  0.00E+00  0.00E+00  0.00E+00  0.00E+00  3.0077E-03
    382  6.55E+00  1.55E+03  0.00E+00  0.00E+00  0.00E+00  0.00E+00  3.0167E-03
    383  7.20E+00  1.55E+03  0.00E+00  0.00E+00  0.00E+00  0.00E+00  3.0267E-03
    384  7.92E+00  1.56E+03  0.00E+00  0.00E+00  0.00E+00  0.00E+00  3.0375E-03
    385  8.71E+00  1.57E+03  0.00E+00  0.00E+00  0.00E+00  0.00E+00  3.0495E-03
    386  9.59E+00  1.58E+03  0.00E+00  0.00E+00  0.00E+00  0.00E+00  3.0626E-03
    387  5.27E+00  1.59E+03  0.00E+00  0.00E+00  0.00E+00  0.00E+00  3.0698E-03
    388  5.80E+00  1.59E+03  0.00E+00  0.00E+00  0.00E+00  0.00E+00  3.0777E-03
    389  6.38E+00  1.60E+03  0.00E+00  0.00E+00  0.00E+00  0.00E+00  3.0864E-03
    390  7.02E+00  1.60E+03  0.00E+00  0.00E+00  0.00E+00  0.00E+00  3.0959E-03
    391  7.72E+00  1.61E+03  0.00E+00  0.00E+00  0.00E+00  0.00E+00  3.1063E-03
    392  8.49E+00  1.62E+03  0.00E+00  0.00E+00  0.00E+00  0.00E+00  3.1178E-03
    393  9.34E+00  1.63E+03  0.00E+00  0.00E+00  0.00E+00  0.00E+00  3.1303E-03
    394  5.14E+00  1.64E+03  0.00E+00  0.00E+00  0.00E+00  0.00E+00  3.1372E-03
    395  5.65E+00  1.64E+03  0.00E+00  0.00E+00  0.00E+00  0.00E+00  3.1448E-03
    396  6.22E+00  1.65E+03  0.00E+00  0.00E+00  0.00E+00  0.00E+00  3.1531E-03
    397  6.84E+00  1.65E+03  0.00E+00  0.00E+00  0.00E+00  0.00E+00  3.1623E-03
    398  7.52E+00  1.66E+03  0.00E+00  0.00E+00  0.00E+00  0.00E+00  3.1723E-03
    399  8.27E+00  1.67E+03  0.00E+00  0.00E+00  0.00E+00  0.00E+00  3.1833E-03
    400  9.10E+00  1.68E+03  0.00E+00  0.00E+00  0.00E+00  0.00E+00  3.1954E-03
    401  1.00E+01  1.69E+03  0.00E+00  0.00E+00  0.00E+00  0.00E+00  3.2086E-03
    402  5.51E+00  1.69E+03  0.00E+00  0.00E+00  0.00E+00  0.00E+00  3.2159E-03
    403  6.06E+00  1.70E+03  0.00E+00  0.00E+00  0.00E+00  0.00E+00  3.2238E-03
    404  6.66E+00  1.71E+03  0.00E+00  0.00E+00  0.00E+00  0.00E+00  3.2326E-03
    405  7.33E+00  1.71E+03  0.00E+00  0.00E+00  0.00E+00  0.00E+00  3.2422E-03
    406  8.06E+00  1.72E+03  0.00E+00  0.00E+00  0.00E+00  0.00E+00  3.2528E-03
    407  8.87E+00  1.73E+03  0.00E+00  0.00E+00  0.00E+00  0.00E+00  3.2643E-03
    408  9.75E+00  1.74E+03  0.00E+00  0.00E+00  0.00E+00  0.00E+00  3.2770E-03
    409  5.36E+00  1.75E+03  0.00E+00  0.00E+00  0.00E+00  0.00E+00  3.2840E-03
    410  5.90E+00  1.75E+03  0.00E+00  0.00E+00  0.00E+00  0.00E+00  3.2917E-03
    411  6.49E+00  1.76E+03  0.00E+00  0.00E+00  0.00E+00  0.00E+00  3.3001E-03
    412  7.14E+00  1.77E+03  0.00E+00  0.00E+00  0.00E+00  0.00E+00  3.3093E-03
    413  7.85E+00  1.77E+03  0.00E+00  0.00E+00  0.00E+00  0.00E+00  3.3194E-03
    414  8.64E+00  1.78E+03  0.00E+00  0.00E+00  0.00E+00  0.00E+00  3.3305E-03
    415  9.50E+00  1.79E+03  0.00E+00  0.00E+00  0.00E+00  0.00E+00  3.3427E-03
    416  1.05E+01  1.80E+03  0.00E+00  0.00E+00  0.00E+00  0.00E+00  3.3561E-03
    417  5.75E+00  1.81E+03  0.00E+00  0.00E+00  0.00E+00  0.00E+00  3.3634E-03
    418  6.32E+00  1.81E+03  0.00E+00  0.00E+00  0.00E+00  0.00E+00  3.3715E-03
    419  6.96E+00  1.82E+03  0.00E+00  0.00E+00  0.00E+00  0.00E+00  3.3803E-03
    420  7.65E+00  1.83E+03  0.00E+00  0.00E+00  0.00E+00  0.00E+00  3.3900E-03
    421  8.42E+00  1.84E+03  0.00E+00  0.00E+00  0.00E+00  0.00E+00  3.4007E-03
    422  9.26E+00  1.85E+03  0.00E+00  0.00E+00  0.00E+00  0.00E+00  3.4124E-03
    423  1.02E+01  1.86E+03  0.00E+00  0.00E+00  0.00E+00  0.00E+00  3.4252E-03
    424  5.60E+00  1.86E+03  0.00E+00  0.00E+00  0.00E+00  0.00E+00  3.4322E-03
    425  6.16E+00  1.87E+03  0.00E+00  0.00E+00  0.00E+00  0.00E+00  3.4400E-03
    426  6.78E+00  1.88E+03  0.00E+00  0.00E+00  0.00E+00  0.00E+00  3.4484E-03
    427  7.46E+00  1.88E+03  0.00E+00  0.00E+00  0.00E+00  0.00E+00  3.4578E-03
    428  8.20E+00  1.89E+03  0.00E+00  0.00E+00  0.00E+00  0.00E+00  3.4680E-03
    429  9.02E+00  1.90E+03  0.00E+00  0.00E+00  0.00E+00  0.00E+00  3.4792E-03
    430  9.92E+00  1.91E+03  0.00E+00  0.00E+00  0.00E+00  0.00E+00  3.4915E-03
    431  1.09E+01  1.92E+03  0.00E+00  0.00E+00  0.00E+00  0.00E+00  3.5050E-03
    432  6.00E+00  1.93E+03  0.00E+00  0.00E+00  0.00E+00  0.00E+00  3.5124E-03
    433  6.60E+00  1.93E+03  0.00E+00  0.00E+00  0.00E+00  0.00E+00  3.5206E-03
    434  7.26E+00  1.94E+03  0.00E+00  0.00E+00  0.00E+00  0.00E+00  3.5295E-03
    435  7.99E+00  1.95E+03  0.00E+00  0.00E+00  0.00E+00  0.00E+00  3.5393E-03
    436  8.79E+00  1.96E+03  0.00E+00  0.00E+00  0.00E+00  0.00E+00  3.5501E-03
    437  9.67E+00  1.97E+03  0.00E+00  0.00E+00  0.00E+00  0.00E+00  3.5619E-03
    438  1.06E+01  1.98E+03  0.00E+00  0.00E+00  0.00E+00  0.00E+00  3.5748E-03
    439  5.85E+00  1.98E+03  0.00E+00  0.00E+00  0.00E+00  0.00E+00  3.5820E-03
    440  6.44E+00  1.99E+03  0.00E+00  0.00E+00  0.00E+00  0.00E+00  3.5898E-03
    441  7.08E+00  2.00E+03  0.00E+00  0.00E+00  0.00E+00  0.00E+00  3.5983E-03
    442  7.79E+00  2.01E+03  0.00E+00  0.00E+00  0.00E+00  0.00E+00  3.6077E-03
    443  8.57E+00  2.01E+03  0.00E+00  0.00E+00  0.00E+00  0.00E+00  3.6181E-03
    444  9.42E+00  2.02E+03  0.00E+00  0.00E+00  0.00E+00  0.00E+00  3.6294E-03
    445  1.04E+01  2.03E+03  0.00E+00  0.00E+00  0.00E+00  0.00E+00  3.6418E-03
    446  1.14E+01  2.04E+03  0.00E+00  0.00E+00  0.00E+00  0.00E+00  3.6555E-03
    447  6.27E+00  2.05E+03  0.00E+00  0.00E+00  0.00E+00  0.00E+00  3.6630E-03
    448  6.90E+00  2.06E+03  0.00E+00  0.00E+00  0.00E+00  0.00E+00  3.6712E-03
    449  7.59E+00  2.07E+03  0.00E+00  0.00E+00  0.00E+00  0.00E+00  3.6802E-03
    450  8.35E+00  2.07E+03  0.00E+00  0.00E+00  0.00E+00  0.00E+00  3.6901E-03
    451  9.18E+00  2.08E+03  0.00E+00  0.00E+00  0.00E+00  0.00E+00  3.7010E-03
    452  1.01E+01  2.09E+03  0.00E+00  0.00E+00  0.00E+00  0.00E+00  3.7129E-03
    453  1.11E+01  2.10E+03  0.00E+00  0.00E+00  0.00E+00  0.00E+00  3.7260E-03
    454  6.11E+00  2.11E+03  0.00E+00  0.00E+00  0.00E+00  0.00E+00  3.7332E-03
    455  6.72E+00  2.12E+03  0.00E+00  0.00E+00  0.00E+00  0.00E+00  3.7411E-03
    456  7.39E+00  2.12E+03  0.00E+00  0.00E+00  0.00E+00  0.00E+00  3.7497E-03
    457  8.13E+00  2.13E+03  0.00E+00  0.00E+00  0.00E+00  0.00E+00  3.7592E-03
    458  8.94E+00  2.14E+03  0.00E+00  0.00E+00  0.00E+00  0.00E+00  3.7697E-03
    459  9.84E+00  2.15E+03  0.00E+00  0.00E+00  0.00E+00  0.00E+00  3.7811E-03
    460  1.08E+01  2.16E+03  0.00E+00  0.00E+00  0.00E+00  0.00E+00  3.7937E-03
    461  1.19E+01  2.17E+03  0.00E+00  0.00E+00  0.00E+00  0.00E+00  3.8075E-03
    462  6.55E+00  2.18E+03  0.00E+00  0.00E+00  0.00E+00  0.00E+00  3.8150E-03
    463  7.20E+00  2.19E+03  0.00E+00  0.00E+00  0.00E+00  0.00E+00  3.8233E-03
    464  7.92E+00  2.20E+03  0.00E+00  0.00E+00  0.00E+00  0.00E+00  3.8325E-03
    465  8.72E+00  2.20E+03  0.00E+00  0.00E+00  0.00E+00  0.00E+00  3.8425E-03
    466  9.59E+00  2.21E+03  0.00E+00  0.00E+00  0.00E+00  0.00E+00  3.8534E-03
    467  1.05E+01  2.22E+03  0.00E+00  0.00E+00  0.00E+00  0.00E+00  3.8655E-03
    468  1.16E+01  2.24E+03  0.00E+00  0.00E+00  0.00E+00  0.00E+00  3.8787E-03
    469  6.38E+00  2.24E+03  0.00E+00  0.00E+00  0.00E+00  0.00E+00  3.8860E-03
    470  7.02E+00  2.25E+03  0.00E+00  0.00E+00  0.00E+00  0.00E+00  3.8939E-03
    471  7.72E+00  2.26E+03  0.00E+00  0.00E+00  0.00E+00  0.00E+00  3.9027E-03
    472  8.49E+00  2.27E+03  0.00E+00  0.00E+00  0.00E+00  0.00E+00  3.9123E-03
    473  9.34E+00  2.28E+03  0.00E+00  0.00E+00  0.00E+00  0.00E+00  3.9228E-03
    474  1.03E+01  2.29E+03  0.00E+00  0.00E+00  0.00E+00  0.00E+00  3.9344E-03
    475  1.13E+01  2.30E+03  0.00E+00  0.00E+00  0.00E+00  0.00E+00  3.9471E-03
    476  1.24E+01  2.31E+03  0.00E+00  0.00E+00  0.00E+00  0.00E+00  3.9610E-03
    477  6.84E+00  2.32E+03  0.00E+00  0.00E+00  0.00E+00  0.00E+00  3.9686E-03
    478  7.52E+00  2.32E+03  0.00E+00  0.00E+00  0.00E+00  0.00E+00  3.9770E-03
    479  8.27E+00  2.33E+03  0.00E+00  0.00E+00  0.00E+00  0.00E+00  3.9862E-03
    480  9.10E+00  2.34E+03  0.00E+00  0.00E+00  0.00E+00  0.00E+00  3.9963E-03
    481  1.00E+01  2.35E+03  0.00E+00  0.00E+00  0.00E+00  0.00E+00  4.0074E-03
    482  1.10E+01  2.36E+03  0.00E+00  0.00E+00  0.00E+00  0.00E+00  4.0196E-03
    483  1.21E+01  2.37E+03  0.00E+00  0.00E+00  0.00E+00  0.00E+00  4.0330E-03
    484  6.66E+00  2.38E+03  0.00E+00  0.00E+00  0.00E+00  0.00E+00  4.0403E-03
    485  7.33E+00  2.39E+03  0.00E+00  0.00E+00  0.00E+00  0.00E+00  4.0483E-03
    486  8.06E+00  2.40E+03  0.00E+00  0.00E+00  0.00E+00  0.00E+00  4.0572E-03
    487  8.87E+00  2.41E+03  0.00E+00  0.00E+00  0.00E+00  0.00E+00  4.0669E-03
    488  9.76E+00  2.41E+03  0.00E+00  0.00E+00  0.00E+00  0.00E+00  4.0775E-03
    489  1.07E+01  2.43E+03  0.00E+00  0.00E+00  0.00E+00  0.00E+00  4.0892E-03
    490  1.18E+01  2.44E+03  0.00E+00  0.00E+00  0.00E+00  0.00E+00  4.1020E-03
    491  1.30E+01  2.45E+03  0.00E+00  0.00E+00  0.00E+00  0.00E+00  4.1161E-03
    492  7.14E+00  2.46E+03  0.00E+00  0.00E+00  0.00E+00  0.00E+00  4.1238E-03
    493  7.86E+00  2.47E+03  0.00E+00  0.00E+00  0.00E+00  0.00E+00  4.1323E-03
    494  8.64E+00  2.47E+03  0.00E+00  0.00E+00  0.00E+00  0.00E+00  4.1416E-03
    495  9.50E+00  2.48E+03  0.00E+00  0.00E+00  0.00E+00  0.00E+00  4.1518E-03
    496  1.05E+01  2.49E+03  0.00E+00  0.00E+00  0.00E+00  0.00E+00  4.1630E-03
    497  1.15E+01  2.51E+03  0.00E+00  0.00E+00  0.00E+00  0.00E+00  4.1753E-03
    498  1.27E+01  2.52E+03  0.00E+00  0.00E+00  0.00E+00  0.00E+00  4.1888E-03
    499  6.96E+00  2.52E+03  0.00E+00  0.00E+00  0.00E+00  0.00E+00  4.1962E-03
    500  7.65E+00  2.53E+03  0.00E+00  0.00E+00  0.00E+00  0.00E+00  4.2043E-03
    501  8.42E+00  2.54E+03  0.00E+00  0.00E+00  0.00E+00  0.00E+00  4.2132E-03
    502  9.26E+00  2.55E+03  0.00E+00  0.00E+00  0.00E+00  0.00E+00  4.2230E-03
    503  1.02E+01  2.56E+03  0.00E+00  0.00E+00  0.00E+00  0.00E+00  4.2338E-03
    504  1.12E+01  2.57E+03  0.00E+00  0.00E+00  0.00E+00  0.00E+00  4.2456E-03
    505  1.23E+01  2.58E+03  0.00E+00  0.00E+00  0.00E+00  0.00E+00  4.2585E-03
    506  1.36E+01  2.60E+03  0.00E+00  0.00E+00  0.00E+00  0.00E+00  4.2727E-03
    507  7.46E+00  2.61E+03  0.00E+00  0.00E+00  0.00E+00  0.00E+00  4.2805E-03
    508  8.20E+00  2.61E+03  0.00E+00  0.00E+00  0.00E+00  0.00E+00  4.2891E-03
    509  9.02E+00  2.62E+03  0.00E+00  0.00E+00  0.00E+00  0.00E+00  4.2985E-03
    510  9.93E+00  2.63E+03  0.00E+00  0.00E+00  0.00E+00  0.00E+00  4.3088E-03
    511  1.09E+01  2.64E+03  0.00E+00  0.00E+00  0.00E+00  0.00E+00  4.3201E-03
    512  1.20E+01  2.66E+03  0.00E+00  0.00E+00  0.00E+00  0.00E+00  4.3325E-03
    513  1.32E+01  2.67E+03  0.00E+00  0.00E+00  0.00E+00  0.00E+00  4.3461E-03
    514  7.27E+00  2.68E+03  0.00E+00  0.00E+00  0.00E+00  0.00E+00  4.3536E-03
    515  7.99E+00  2.68E+03  0.00E+00  0.00E+00  0.00E+00  0.00E+00  4.3618E-03
    516  8.79E+00  2.69E+03  0.00E+00  0.00E+00  0.00E+00  0.00E+00  4.3709E-03
    517  9.67E+00  2.70E+03  0.00E+00  0.00E+00  0.00E+00  0.00E+00  4.3807E-03
    518  1.06E+01  2.71E+03  0.00E+00  0.00E+00  0.00E+00  0.00E+00  4.3916E-03
    519  1.17E+01  2.72E+03  0.00E+00  0.00E+00  0.00E+00  0.00E+00  4.4035E-03
    520  1.29E+01  2.74E+03  0.00E+00  0.00E+00  0.00E+00  0.00E+00  4.4166E-03
    521  1.42E+01  2.75E+03  0.00E+00  0.00E+00  0.00E+00  0.00E+00  4.4310E-03
    522  7.79E+00  2.76E+03  0.00E+00  0.00E+00  0.00E+00  0.00E+00  4.4388E-03
    523  8.57E+00  2.77E+03  0.00E+00  0.00E+00  0.00E+00  0.00E+00  4.4475E-03
    524  9.42E+00  2.78E+03  0.00E+00  0.00E+00  0.00E+00  0.00E+00  4.4570E-03
    525  1.04E+01  2.79E+03  0.00E+00  0.00E+00  0.00E+00  0.00E+00  4.4674E-03
    526  1.14E+01  2.80E+03  0.00E+00  0.00E+00  0.00E+00  0.00E+00  4.4788E-03
    527  1.25E+01  2.81E+03  0.00E+00  0.00E+00  0.00E+00  0.00E+00  4.4914E-03
    528  1.38E+01  2.83E+03  0.00E+00  0.00E+00  0.00E+00  0.00E+00  4.5051E-03
    529  7.59E+00  2.83E+03  0.00E+00  0.00E+00  0.00E+00  0.00E+00  4.5127E-03
    530  8.35E+00  2.84E+03  0.00E+00  0.00E+00  0.00E+00  0.00E+00  4.5210E-03
    531  9.18E+00  2.85E+03  0.00E+00  0.00E+00  0.00E+00  0.00E+00  4.5301E-03
    532  1.01E+01  2.86E+03  0.00E+00  0.00E+00  0.00E+00  0.00E+00  4.5401E-03
    533  1.11E+01  2.87E+03  0.00E+00  0.00E+00  0.00E+00  0.00E+00  4.5511E-03
    534  1.22E+01  2.88E+03  0.00E+00  0.00E+00  0.00E+00  0.00E+00  4.5631E-03
    535  1.34E+01  2.90E+03  0.00E+00  0.00E+00  0.00E+00  0.00E+00  4.5763E-03
    536  1.48E+01  2.91E+03  0.00E+00  0.00E+00  0.00E+00  0.00E+00  4.5908E-03
    537  8.13E+00  2.92E+03  0.00E+00  0.00E+00  0.00E+00  0.00E+00  4.5988E-03
    538  8.95E+00  2.93E+03  0.00E+00  0.00E+00  0.00E+00  0.00E+00  4.6075E-03
    539  9.84E+00  2.94E+03  0.00E+00  0.00E+00  0.00E+00  0.00E+00  4.6171E-03
    540  1.08E+01  2.95E+03  0.00E+00  0.00E+00  0.00E+00  0.00E+00  4.6276E-03
    541  1.19E+01  2.96E+03  0.00E+00  0.00E+00  0.00E+00  0.00E+00  4.6392E-03
    542  1.31E+01  2.97E+03  0.00E+00  0.00E+00  0.00E+00  0.00E+00  4.6518E-03
    543  1.44E+01  2.99E+03  0.00E+00  0.00E+00  0.00E+00  0.00E+00  4.6657E-03
    544  7.92E+00  3.00E+03  0.00E+00  0.00E+00  0.00E+00  0.00E+00  4.6734E-03
    545  8.72E+00  3.01E+03  0.00E+00  0.00E+00  0.00E+00  0.00E+00  4.6817E-03
    546  9.59E+00  3.02E+03  0.00E+00  0.00E+00  0.00E+00  0.00E+00  4.6909E-03
    547  1.05E+01  3.03E+03  0.00E+00  0.00E+00  0.00E+00  0.00E+00  4.7010E-03
    548  1.16E+01  3.04E+03  0.00E+00  0.00E+00  0.00E+00  0.00E+00  4.7121E-03
    549  1.28E+01  3.05E+03  0.00E+00  0.00E+00  0.00E+00  0.00E+00  4.7243E-03
    550  1.40E+01  3.06E+03  0.00E+00  0.00E+00  0.00E+00  0.00E+00  4.7376E-03
    551  1.54E+01  3.08E+03  0.00E+00  0.00E+00  0.00E+00  0.00E+00  4.7523E-03
    552  8.49E+00  3.09E+03  0.00E+00  0.00E+00  0.00E+00  0.00E+00  4.7603E-03
    553  9.34E+00  3.10E+03  0.00E+00  0.00E+00  0.00E+00  0.00E+00  4.7691E-03
    554  1.03E+01  3.11E+03  0.00E+00  0.00E+00  0.00E+00  0.00E+00  4.7788E-03
    555  1.13E+01  3.12E+03  0.00E+00  0.00E+00  0.00E+00  0.00E+00  4.7894E-03
    556  1.24E+01  3.13E+03  0.00E+00  0.00E+00  0.00E+00  0.00E+00  4.8011E-03
    557  1.37E+01  3.15E+03  0.00E+00  0.00E+00  0.00E+00  0.00E+00  4.8139E-03
    558  1.50E+01  3.16E+03  0.00E+00  0.00E+00  0.00E+00  0.00E+00  4.8280E-03
    559  8.28E+00  3.17E+03  0.00E+00  0.00E+00  0.00E+00  0.00E+00  4.8357E-03
    560  9.10E+00  3.18E+03  0.00E+00  0.00E+00  0.00E+00  0.00E+00  4.8441E-03
    561  1.00E+01  3.19E+03  0.00E+00  0.00E+00  0.00E+00  0.00E+00  4.8534E-03
    562  1.10E+01  3.20E+03  0.00E+00  0.00E+00  0.00E+00  0.00E+00  4.8636E-03
    563  1.21E+01  3.21E+03  0.00E+00  0.00E+00  0.00E+00  0.00E+00  4.8748E-03
    564  1.33E+01  3.22E+03  0.00E+00  0.00E+00  0.00E+00  0.00E+00  4.8871E-03
    565  1.47E+01  3.24E+03  0.00E+00  0.00E+00  0.00E+00  0.00E+00  4.9006E-03
    566  1.61E+01  3.26E+03  0.00E+00  0.00E+00  0.00E+00  0.00E+00  4.9154E-03
    567  8.87E+00  3.26E+03  0.00E+00  0.00E+00  0.00E+00  0.00E+00  4.9235E-03
    568  9.76E+00  3.27E+03  0.00E+00  0.00E+00  0.00E+00  0.00E+00  4.9324E-03
    569  1.07E+01  3.28E+03  0.00E+00  0.00E+00  0.00E+00  0.00E+00  4.9422E-03
    570  1.18E+01  3.30E+03  0.00E+00  0.00E+00  0.00E+00  0.00E+00  4.9529E-03
    571  1.30E+01  3.31E+03  0.00E+00  0.00E+00  0.00E+00  0.00E+00  4.9647E-03
    572  1.43E+01  3.32E+03  0.00E+00  0.00E+00  0.00E+00  0.00E+00  4.9776E-03
    573  1.57E+01  3.34E+03  0.00E+00  0.00E+00  0.00E+00  0.00E+00  4.9918E-03
    574  8.64E+00  3.35E+03  0.00E+00  0.00E+00  0.00E+00  0.00E+00  4.9996E-03
    575  9.51E+00  3.36E+03  0.00E+00  0.00E+00  0.00E+00  0.00E+00  5.0082E-03
    576  1.05E+01  3.37E+03  0.00E+00  0.00E+00  0.00E+00  0.00E+00  5.0176E-03
    577  1.15E+01  3.38E+03  0.00E+00  0.00E+00  0.00E+00  0.00E+00  5.0279E-03
    578  1.27E+01  3.39E+03  0.00E+00  0.00E+00  0.00E+00  0.00E+00  5.0392E-03
    579  1.39E+01  3.41E+03  0.00E+00  0.00E+00  0.00E+00  0.00E+00  5.0516E-03
    580  1.53E+01  3.42E+03  0.00E+00  0.00E+00  0.00E+00  0.00E+00  5.0652E-03
    581  1.68E+01  3.44E+03  0.00E+00  0.00E+00  0.00E+00  0.00E+00  5.0801E-03
    582  9.26E+00  3.45E+03  0.00E+00  0.00E+00  0.00E+00  0.00E+00  5.0883E-03
    583  1.02E+01  3.46E+03  0.00E+00  0.00E+00  0.00E+00  0.00E+00  5.0973E-03
    584  1.12E+01  3.47E+03  0.00E+00  0.00E+00  0.00E+00  0.00E+00  5.1072E-03
    585  1.23E+01  3.48E+03  0.00E+00  0.00E+00  0.00E+00  0.00E+00  5.1181E-03
    586  1.36E+01  3.49E+03  0.00E+00  0.00E+00  0.00E+00  0.00E+00  5.1300E-03
    587  1.49E+01  3.51E+03  0.00E+00  0.00E+00  0.00E+00  0.00E+00  5.1430E-03
    588  1.64E+01  3.53E+03  0.00E+00  0.00E+00  0.00E+00  0.00E+00  5.1574E-03
    589  9.03E+00  3.54E+03  0.00E+00  0.00E+00  0.00E+00  0.00E+00  5.1652E-03
    590  9.93E+00  3.54E+03  0.00E+00  0.00E+00  0.00E+00  0.00E+00  5.1739E-03
    591  1.09E+01  3.56E+03  0.00E+00  0.00E+00  0.00E+00  0.00E+00  5.1834E-03
    592  1.20E+01  3.57E+03  0.00E+00  0.00E+00  0.00E+00  0.00E+00  5.1938E-03
    593  1.32E+01  3.58E+03  0.00E+00  0.00E+00  0.00E+00  0.00E+00  5.2052E-03
    594  1.45E+01  3.60E+03  0.00E+00  0.00E+00  0.00E+00  0.00E+00  5.2177E-03
    595  1.60E+01  3.61E+03  0.00E+00  0.00E+00  0.00E+00  0.00E+00  5.2315E-03
    596  1.76E+01  3.63E+03  0.00E+00  0.00E+00  0.00E+00  0.00E+00  5.2466E-03
    597  9.67E+00  3.64E+03  0.00E+00  0.00E+00  0.00E+00  0.00E+00  5.2549E-03
    598  1.06E+01  3.65E+03  0.00E+00  0.00E+00  0.00E+00  0.00E+00  5.2640E-03
    599  1.17E+01  3.66E+03  0.00E+00  0.00E+00  0.00E+00  0.00E+00  5.2739E-03
    600  1.29E+01  3.67E+03  0.00E+00  0.00E+00  0.00E+00  0.00E+00  5.2849E-03
    601  1.42E+01  3.69E+03  0.00E+00  0.00E+00  0.00E+00  0.00E+00  5.2969E-03
    602  1.56E+01  3.70E+03  0.00E+00  0.00E+00  0.00E+00  0.00E+00  5.3101E-03
    603  1.71E+01  3.72E+03  0.00E+00  0.00E+00  0.00E+00  0.00E+00  5.3246E-03
    604  9.43E+00  3.73E+03  0.00E+00  0.00E+00  0.00E+00  0.00E+00  5.3325E-03
    605  1.04E+01  3.74E+03  0.00E+00  0.00E+00  0.00E+00  0.00E+00  5.3413E-03
    606  1.14E+01  3.75E+03  0.00E+00  0.00E+00  0.00E+00  0.00E+00  5.3508E-03
    607  1.25E+01  3.76E+03  0.00E+00  0.00E+00  0.00E+00  0.00E+00  5.3614E-03
    608  1.38E+01  3.78E+03  0.00E+00  0.00E+00  0.00E+00  0.00E+00  5.3729E-03
    609  1.52E+01  3.79E+03  0.00E+00  0.00E+00  0.00E+00  0.00E+00  5.3856E-03
    610  1.67E+01  3.81E+03  0.00E+00  0.00E+00  0.00E+00  0.00E+00  5.3995E-03
    611  1.84E+01  3.83E+03  0.00E+00  0.00E+00  0.00E+00  0.00E+00  5.4147E-03
    612  1.01E+01  3.84E+03  0.00E+00  0.00E+00  0.00E+00  0.00E+00  5.4231E-03
    613  1.11E+01  3.85E+03  0.00E+00  0.00E+00  0.00E+00  0.00E+00  5.4323E-03
    614  1.22E+01  3.86E+03  0.00E+00  0.00E+00  0.00E+00  0.00E+00  5.4423E-03
    615  1.34E+01  3.88E+03  0.00E+00  0.00E+00  0.00E+00  0.00E+00  5.4534E-03
    616  1.48E+01  3.89E+03  0.00E+00  0.00E+00  0.00E+00  0.00E+00  5.4656E-03
    617  1.63E+01  3.91E+03  0.00E+00  0.00E+00  0.00E+00  0.00E+00  5.4789E-03
    618  1.79E+01  3.92E+03  0.00E+00  0.00E+00  0.00E+00  0.00E+00  5.4935E-03
    619  9.84E+00  3.93E+03  0.00E+00  0.00E+00  0.00E+00  0.00E+00  5.5015E-03
    620  1.08E+01  3.95E+03  0.00E+00  0.00E+00  0.00E+00  0.00E+00  5.5103E-03
    621  1.19E+01  3.96E+03  0.00E+00  0.00E+00  0.00E+00  0.00E+00  5.5200E-03
    622  1.31E+01  3.97E+03  0.00E+00  0.00E+00  0.00E+00  0.00E+00  5.5306E-03
    623  1.44E+01  3.98E+03  0.00E+00  0.00E+00  0.00E+00  0.00E+00  5.5423E-03
    624  1.59E+01  4.00E+03  0.00E+00  0.00E+00  0.00E+00  0.00E+00  5.5551E-03
    625  1.74E+01  4.02E+03  0.00E+00  0.00E+00  0.00E+00  0.00E+00  5.5691E-03
    626  1.92E+01  4.04E+03  0.00E+00  0.00E+00  0.00E+00  0.00E+00  5.5845E-03
    627  1.05E+01  4.05E+03  0.00E+00  0.00E+00  0.00E+00  0.00E+00  5.5930E-03
    628  1.16E+01  4.06E+03  0.00E+00  0.00E+00  0.00E+00  0.00E+00  5.6023E-03
    629  1.28E+01  4.07E+03  0.00E+00  0.00E+00  0.00E+00  0.00E+00  5.6124E-03
    630  1.40E+01  4.09E+03  0.00E+00  0.00E+00  0.00E+00  0.00E+00  5.6236E-03
    631  1.54E+01  4.10E+03  0.00E+00  0.00E+00  0.00E+00  0.00E+00  5.6359E-03
    632  1.70E+01  4.12E+03  0.00E+00  0.00E+00  0.00E+00  0.00E+00  5.6494E-03
    633  1.87E+01  4.14E+03  0.00E+00  0.00E+00  0.00E+00  0.00E+00  5.6641E-03
    634  1.03E+01  4.15E+03  0.00E+00  0.00E+00  0.00E+00  0.00E+00  5.6722E-03
    635  1.13E+01  4.16E+03  0.00E+00  0.00E+00  0.00E+00  0.00E+00  5.6811E-03
    636  1.24E+01  4.17E+03  0.00E+00  0.00E+00  0.00E+00  0.00E+00  5.6909E-03
    637  1.37E+01  4.18E+03  0.00E+00  0.00E+00  0.00E+00  0.00E+00  5.7017E-03
    638  1.50E+01  4.20E+03  0.00E+00  0.00E+00  0.00E+00  0.00E+00  5.7134E-03
    639  1.66E+01  4.22E+03  0.00E+00  0.00E+00  0.00E+00  0.00E+00  5.7264E-03
    640  1.82E+01  4.23E+03  0.00E+00  0.00E+00  0.00E+00  0.00E+00  5.7405E-03
    641  2.00E+01  4.25E+03  0.00E+00  0.00E+00  0.00E+00  0.00E+00  5.7561E-03
    642  1.10E+01  4.27E+03  0.00E+00  0.00E+00  0.00E+00  0.00E+00  5.7646E-03
    643  1.21E+01  4.28E+03  0.00E+00  0.00E+00  0.00E+00  0.00E+00  5.7740E-03
    644  1.33E+01  4.29E+03  0.00E+00  0.00E+00  0.00E+00  0.00E+00  5.7843E-03
    645  1.47E+01  4.31E+03  0.00E+00  0.00E+00  0.00E+00  0.00E+00  5.7956E-03
    646  1.61E+01  4.32E+03  0.00E+00  0.00E+00  0.00E+00  0.00E+00  5.8080E-03
    647  1.77E+01  4.34E+03  0.00E+00  0.00E+00  0.00E+00  0.00E+00  5.8216E-03
    648  1.95E+01  4.36E+03  0.00E+00  0.00E+00  0.00E+00  0.00E+00  5.8365E-03
    649  1.07E+01  4.37E+03  0.00E+00  0.00E+00  0.00E+00  0.00E+00  5.8447E-03
    650  1.18E+01  4.38E+03  0.00E+00  0.00E+00  0.00E+00  0.00E+00  5.8537E-03
    651  1.30E+01  4.39E+03  0.00E+00  0.00E+00  0.00E+00  0.00E+00  5.8635E-03
    652  1.43E+01  4.41E+03  0.00E+00  0.00E+00  0.00E+00  0.00E+00  5.8744E-03
    653  1.57E+01  4.42E+03  0.00E+00  0.00E+00  0.00E+00  0.00E+00  5.8863E-03
    654  1.73E+01  4.44E+03  0.00E+00  0.00E+00  0.00E+00  0.00E+00  5.8993E-03
    655  1.90E+01  4.46E+03  0.00E+00  0.00E+00  0.00E+00  0.00E+00  5.9137E-03
    656  2.09E+01  4.48E+03  0.00E+00  0.00E+00  0.00E+00  0.00E+00  5.9294E-03
    657  1.15E+01  4.49E+03  0.00E+00  0.00E+00  0.00E+00  0.00E+00  5.9380E-03
    658  1.27E+01  4.51E+03  0.00E+00  0.00E+00  0.00E+00  0.00E+00  5.9475E-03
    659  1.39E+01  4.52E+03  0.00E+00  0.00E+00  0.00E+00  0.00E+00  5.9579E-03
    660  1.53E+01  4.54E+03  0.00E+00  0.00E+00  0.00E+00  0.00E+00  5.9693E-03
    661  1.68E+01  4.55E+03  0.00E+00  0.00E+00  0.00E+00  0.00E+00  5.9818E-03
    662  1.85E+01  4.57E+03  0.00E+00  0.00E+00  0.00E+00  0.00E+00  5.9955E-03
    663  2.04E+01  4.59E+03  0.00E+00  0.00E+00  0.00E+00  0.00E+00  6.0106E-03
    664  1.12E+01  4.60E+03  0.00E+00  0.00E+00  0.00E+00  0.00E+00  6.0189E-03
    665  1.23E+01  4.61E+03  0.00E+00  0.00E+00  0.00E+00  0.00E+00  6.0280E-03
    666  1.36E+01  4.63E+03  0.00E+00  0.00E+00  0.00E+00  0.00E+00  6.0379E-03
    667  1.49E+01  4.64E+03  0.00E+00  0.00E+00  0.00E+00  0.00E+00  6.0489E-03
    668  1.64E+01  4.66E+03  0.00E+00  0.00E+00  0.00E+00  0.00E+00  6.0609E-03
    669  1.81E+01  4.68E+03  0.00E+00  0.00E+00  0.00E+00  0.00E+00  6.0741E-03
    670  1.99E+01  4.70E+03  0.00E+00  0.00E+00  0.00E+00  0.00E+00  6.0885E-03
    671  2.18E+01  4.72E+03  0.00E+00  0.00E+00  0.00E+00  0.00E+00  6.1044E-03
    672  1.20E+01  4.73E+03  0.00E+00  0.00E+00  0.00E+00  0.00E+00  6.1131E-03
    673  1.32E+01  4.74E+03  0.00E+00  0.00E+00  0.00E+00  0.00E+00  6.1227E-03
    674  1.45E+01  4.76E+03  0.00E+00  0.00E+00  0.00E+00  0.00E+00  6.1332E-03
    675  1.60E+01  4.78E+03  0.00E+00  0.00E+00  0.00E+00  0.00E+00  6.1447E-03
    676  1.76E+01  4.79E+03  0.00E+00  0.00E+00  0.00E+00  0.00E+00  6.1574E-03
    677  1.94E+01  4.81E+03  0.00E+00  0.00E+00  0.00E+00  0.00E+00  6.1712E-03
    678  2.13E+01  4.83E+03  0.00E+00  0.00E+00  0.00E+00  0.00E+00  6.1865E-03
    679  1.17E+01  4.85E+03  0.00E+00  0.00E+00  0.00E+00  0.00E+00  6.1948E-03
    680  1.29E+01  4.86E+03  0.00E+00  0.00E+00  0.00E+00  0.00E+00  6.2040E-03
    681  1.42E+01  4.87E+03  0.00E+00  0.00E+00  0.00E+00  0.00E+00  6.2141E-03
    682  1.56E+01  4.89E+03  0.00E+00  0.00E+00  0.00E+00  0.00E+00  6.2251E-03
    683  1.71E+01  4.90E+03  0.00E+00  0.00E+00  0.00E+00  0.00E+00  6.2373E-03
    684  1.89E+01  4.92E+03  0.00E+00  0.00E+00  0.00E+00  0.00E+00  6.2506E-03
    685  2.07E+01  4.94E+03  0.00E+00  0.00E+00  0.00E+00  0.00E+00  6.2652E-03
    686  2.28E+01  4.97E+03  0.00E+00  0.00E+00  0.00E+00  0.00E+00  6.2812E-03
    687  1.25E+01  4.98E+03  0.00E+00  0.00E+00  0.00E+00  0.00E+00  6.2900E-03
    688  1.38E+01  4.99E+03  0.00E+00  0.00E+00  0.00E+00  0.00E+00  6.2997E-03
    689  1.52E+01  5.01E+03  0.00E+00  0.00E+00  0.00E+00  0.00E+00  6.3103E-03
    690  1.67E+01  5.03E+03  0.00E+00  0.00E+00  0.00E+00  0.00E+00  6.3219E-03
    691  1.84E+01  5.04E+03  0.00E+00  0.00E+00  0.00E+00  0.00E+00  6.3347E-03
    692  2.02E+01  5.06E+03  0.00E+00  0.00E+00  0.00E+00  0.00E+00  6.3487E-03
    693  2.22E+01  5.09E+03  0.00E+00  0.00E+00  0.00E+00  0.00E+00  6.3641E-03
    694  1.22E+01  5.10E+03  0.00E+00  0.00E+00  0.00E+00  0.00E+00  6.3725E-03
    695  1.34E+01  5.11E+03  0.00E+00  0.00E+00  0.00E+00  0.00E+00  6.3818E-03
    696  1.48E+01  5.13E+03  0.00E+00  0.00E+00  0.00E+00  0.00E+00  6.3920E-03
    697  1.63E+01  5.14E+03  0.00E+00  0.00E+00  0.00E+00  0.00E+00  6.4031E-03
    698  1.79E+01  5.16E+03  0.00E+00  0.00E+00  0.00E+00  0.00E+00  6.4154E-03
    699  1.97E+01  5.18E+03  0.00E+00  0.00E+00  0.00E+00  0.00E+00  6.4289E-03
    700  2.17E+01  5.20E+03  0.00E+00  0.00E+00  0.00E+00  0.00E+00  6.4436E-03
    701  2.38E+01  5.23E+03  0.00E+00  0.00E+00  0.00E+00  0.00E+00  6.4598E-03
    702  1.31E+01  5.24E+03  0.00E+00  0.00E+00  0.00E+00  0.00E+00  6.4687E-03
    703  1.44E+01  5.25E+03  0.00E+00  0.00E+00  0.00E+00  0.00E+00  6.4785E-03
    704  1.59E+01  5.27E+03  0.00E+00  0.00E+00  0.00E+00  0.00E+00  6.4892E-03
    705  1.74E+01  5.29E+03  0.00E+00  0.00E+00  0.00E+00  0.00E+00  6.5009E-03
    706  1.92E+01  5.31E+03  0.00E+00  0.00E+00  0.00E+00  0.00E+00  6.5138E-03
    707  2.11E+01  5.33E+03  0.00E+00  0.00E+00  0.00E+00  0.00E+00  6.5280E-03
    708  2.32E+01  5.35E+03  0.00E+00  0.00E+00  0.00E+00  0.00E+00  6.5435E-03
    709  1.28E+01  5.36E+03  0.00E+00  0.00E+00  0.00E+00  0.00E+00  6.5520E-03
    710  1.40E+01  5.38E+03  0.00E+00  0.00E+00  0.00E+00  0.00E+00  6.5614E-03
    711  1.54E+01  5.39E+03  0.00E+00  0.00E+00  0.00E+00  0.00E+00  6.5717E-03
    712  1.70E+01  5.41E+03  0.00E+00  0.00E+00  0.00E+00  0.00E+00  6.5830E-03
    713  1.87E+01  5.43E+03  0.00E+00  0.00E+00  0.00E+00  0.00E+00  6.5954E-03
    714  2.06E+01  5.45E+03  0.00E+00  0.00E+00  0.00E+00  0.00E+00  6.6089E-03
    715  2.26E+01  5.47E+03  0.00E+00  0.00E+00  0.00E+00  0.00E+00  6.6239E-03
    716  1.24E+01  5.48E+03  0.00E+00  0.00E+00  0.00E+00  0.00E+00  6.6320E-03
    717  1.37E+01  5.50E+03  0.00E+00  0.00E+00  0.00E+00  0.00E+00  6.6410E-03
    718  1.51E+01  5.51E+03  0.00E+00  0.00E+00  0.00E+00  0.00E+00  6.6509E-03
    719  1.66E+01  5.53E+03  0.00E+00  0.00E+00  0.00E+00  0.00E+00  6.6617E-03
    720  1.82E+01  5.55E+03  0.00E+00  0.00E+00  0.00E+00  0.00E+00  6.6736E-03
    721  2.00E+01  5.57E+03  0.00E+00  0.00E+00  0.00E+00  0.00E+00  6.6867E-03
    722  2.20E+01  5.59E+03  0.00E+00  0.00E+00  0.00E+00  0.00E+00  6.7010E-03
    723  2.42E+01  5.61E+03  0.00E+00  0.00E+00  0.00E+00  0.00E+00  6.7167E-03
    724  1.33E+01  5.63E+03  0.00E+00  0.00E+00  0.00E+00  0.00E+00  6.7253E-03
    725  1.47E+01  5.64E+03  0.00E+00  0.00E+00  0.00E+00  0.00E+00  6.7348E-03
    726  1.61E+01  5.66E+03  0.00E+00  0.00E+00  0.00E+00  0.00E+00  6.7452E-03
    727  1.77E+01  5.68E+03  0.00E+00  0.00E+00  0.00E+00  0.00E+00  6.7566E-03
    728  1.95E+01  5.70E+03  0.00E+00  0.00E+00  0.00E+00  0.00E+00  6.7691E-03
    729  2.15E+01  5.72E+03  0.00E+00  0.00E+00  0.00E+00  0.00E+00  6.7829E-03
    730  2.36E+01  5.74E+03  0.00E+00  0.00E+00  0.00E+00  0.00E+00  6.7980E-03
    731  1.30E+01  5.75E+03  0.00E+00  0.00E+00  0.00E+00  0.00E+00  6.8062E-03
    732  1.43E+01  5.77E+03  0.00E+00  0.00E+00  0.00E+00  0.00E+00  6.8153E-03
    733  1.57E+01  5.78E+03  0.00E+00  0.00E+00  0.00E+00  0.00E+00  6.8253E-03
    734  1.73E+01  5.80E+03  0.00E+00  0.00E+00  0.00E+00  0.00E+00  6.8363E-03
    735  1.90E+01  5.82E+03  0.00E+00  0.00E+00  0.00E+00  0.00E+00  6.8483E-03
    736  2.09E+01  5.84E+03  0.00E+00  0.00E+00  0.00E+00  0.00E+00  6.8615E-03
    737  2.30E+01  5.86E+03  0.00E+00  0.00E+00  0.00E+00  0.00E+00  6.8760E-03
    738  2.53E+01  5.89E+03  0.00E+00  0.00E+00  0.00E+00  0.00E+00  6.8919E-03
    739  1.39E+01  5.90E+03  0.00E+00  0.00E+00  0.00E+00  0.00E+00  6.9006E-03
    740  1.53E+01  5.92E+03  0.00E+00  0.00E+00  0.00E+00  0.00E+00  6.9102E-03
    741  1.68E+01  5.94E+03  0.00E+00  0.00E+00  0.00E+00  0.00E+00  6.9207E-03
    742  1.85E+01  5.95E+03  0.00E+00  0.00E+00  0.00E+00  0.00E+00  6.9322E-03
    743  2.04E+01  5.97E+03  0.00E+00  0.00E+00  0.00E+00  0.00E+00  6.9449E-03
    744  2.24E+01  6.00E+03  0.00E+00  0.00E+00  0.00E+00  0.00E+00  6.9588E-03
    745  2.47E+01  6.02E+03  0.00E+00  0.00E+00  0.00E+00  0.00E+00  6.9741E-03
    746  1.36E+01  6.03E+03  0.00E+00  0.00E+00  0.00E+00  0.00E+00  6.9824E-03
    747  1.49E+01  6.05E+03  0.00E+00  0.00E+00  0.00E+00  0.00E+00  6.9916E-03
    748  1.64E+01  6.07E+03  0.00E+00  0.00E+00  0.00E+00  0.00E+00  7.0017E-03
    749  1.81E+01  6.08E+03  0.00E+00  0.00E+00  0.00E+00  0.00E+00  7.0128E-03
    750  1.99E+01  6.10E+03  0.00E+00  0.00E+00  0.00E+00  0.00E+00  7.0250E-03
    751  2.19E+01  6.13E+03  0.00E+00  0.00E+00  0.00E+00  0.00E+00  7.0383E-03
    752  2.40E+01  6.15E+03  0.00E+00  0.00E+00  0.00E+00  0.00E+00  7.0530E-03
    753  2.64E+01  6.18E+03  0.00E+00  0.00E+00  0.00E+00  0.00E+00  7.0691E-03
    754  1.45E+01  6.19E+03  0.00E+00  0.00E+00  0.00E+00  0.00E+00  7.0779E-03
    755  1.60E+01  6.21E+03  0.00E+00  0.00E+00  0.00E+00  0.00E+00  7.0876E-03
    756  1.76E+01  6.22E+03  0.00E+00  0.00E+00  0.00E+00  0.00E+00  7.0982E-03
    757  1.94E+01  6.24E+03  0.00E+00  0.00E+00  0.00E+00  0.00E+00  7.1099E-03
    758  2.13E+01  6.26E+03  0.00E+00  0.00E+00  0.00E+00  0.00E+00  7.1227E-03
    759  2.34E+01  6.29E+03  0.00E+00  0.00E+00  0.00E+00  0.00E+00  7.1368E-03
    760  2.58E+01  6.31E+03  0.00E+00  0.00E+00  0.00E+00  0.00E+00  7.1522E-03
    761  1.42E+01  6.33E+03  0.00E+00  0.00E+00  0.00E+00  0.00E+00  7.1607E-03
    762  1.56E+01  6.34E+03  0.00E+00  0.00E+00  0.00E+00  0.00E+00  7.1699E-03
    763  1.71E+01  6.36E+03  0.00E+00  0.00E+00  0.00E+00  0.00E+00  7.1802E-03
    764  1.89E+01  6.38E+03  0.00E+00  0.00E+00  0.00E+00  0.00E+00  7.1914E-03
    765  2.07E+01  6.40E+03  0.00E+00  0.00E+00  0.00E+00  0.00E+00  7.2037E-03
    766  2.28E+01  6.42E+03  0.00E+00  0.00E+00  0.00E+00  0.00E+00  7.2172E-03
    767  2.51E+01  6.45E+03  0.00E+00  0.00E+00  0.00E+00  0.00E+00  7.2320E-03
    768  2.76E+01  6.48E+03  0.00E+00  0.00E+00  0.00E+00  0.00E+00  7.2483E-03
    769  1.52E+01  6.49E+03  0.00E+00  0.00E+00  0.00E+00  0.00E+00  7.2572E-03
    770  1.67E+01  6.51E+03  0.00E+00  0.00E+00  0.00E+00  0.00E+00  7.2670E-03
    771  1.84E+01  6.53E+03  0.00E+00  0.00E+00  0.00E+00  0.00E+00  7.2777E-03
    772  2.02E+01  6.55E+03  0.00E+00  0.00E+00  0.00E+00  0.00E+00  7.2895E-03
    773  2.22E+01  6.57E+03  0.00E+00  0.00E+00  0.00E+00  0.00E+00  7.3025E-03
    774  2.45E+01  6.59E+03  0.00E+00  0.00E+00  0.00E+00  0.00E+00  7.3167E-03
    775  2.69E+01  6.62E+03  0.00E+00  0.00E+00  0.00E+00  0.00E+00  7.3323E-03
    776  1.48E+01  6.64E+03  0.00E+00  0.00E+00  0.00E+00  0.00E+00  7.3409E-03
    777  1.63E+01  6.65E+03  0.00E+00  0.00E+00  0.00E+00  0.00E+00  7.3503E-03
    778  1.79E+01  6.67E+03  0.00E+00  0.00E+00  0.00E+00  0.00E+00  7.3606E-03
    779  1.97E+01  6.69E+03  0.00E+00  0.00E+00  0.00E+00  0.00E+00  7.3719E-03
    780  2.17E+01  6.71E+03  0.00E+00  0.00E+00  0.00E+00  0.00E+00  7.3844E-03
    781  2.38E+01  6.73E+03  0.00E+00  0.00E+00  0.00E+00  0.00E+00  7.3980E-03
    782  2.62E+01  6.76E+03  0.00E+00  0.00E+00  0.00E+00  0.00E+00  7.4130E-03
    783  2.88E+01  6.79E+03  0.00E+00  0.00E+00  0.00E+00  0.00E+00  7.4295E-03
    784  1.59E+01  6.81E+03  0.00E+00  0.00E+00  0.00E+00  0.00E+00  7.4385E-03
    785  1.74E+01  6.82E+03  0.00E+00  0.00E+00  0.00E+00  0.00E+00  7.4484E-03
    786  1.92E+01  6.84E+03  0.00E+00  0.00E+00  0.00E+00  0.00E+00  7.4593E-03
    787  2.11E+01  6.86E+03  0.00E+00  0.00E+00  0.00E+00  0.00E+00  7.4712E-03
    788  2.32E+01  6.89E+03  0.00E+00  0.00E+00  0.00E+00  0.00E+00  7.4843E-03
    789  2.55E+01  6.91E+03  0.00E+00  0.00E+00  0.00E+00  0.00E+00  7.4987E-03
    790  2.81E+01  6.94E+03  0.00E+00  0.00E+00  0.00E+00  0.00E+00  7.5145E-03
    791  1.55E+01  6.96E+03  0.00E+00  0.00E+00  0.00E+00  0.00E+00  7.5231E-03
    792  1.70E+01  6.97E+03  0.00E+00  0.00E+00  0.00E+00  0.00E+00  7.5326E-03
    793  1.87E+01  6.99E+03  0.00E+00  0.00E+00  0.00E+00  0.00E+00  7.5431E-03
    794  2.06E+01  7.01E+03  0.00E+00  0.00E+00  0.00E+00  0.00E+00  7.5545E-03
    795  2.26E+01  7.03E+03  0.00E+00  0.00E+00  0.00E+00  0.00E+00  7.5671E-03
    796  2.49E+01  7.06E+03  0.00E+00  0.00E+00  0.00E+00  0.00E+00  7.5809E-03
    797  2.74E+01  7.09E+03  0.00E+00  0.00E+00  0.00E+00  0.00E+00  7.5961E-03
    798  3.01E+01  7.12E+03  0.00E+00  0.00E+00  0.00E+00  0.00E+00  7.6127E-03
    799  1.66E+01  7.13E+03  0.00E+00  0.00E+00  0.00E+00  0.00E+00  7.6218E-03
    800  1.82E+01  7.15E+03  0.00E+00  0.00E+00  0.00E+00  0.00E+00  7.6318E-03
    801  2.00E+01  7.17E+03  0.00E+00  0.00E+00  0.00E+00  0.00E+00  7.6428E-03
    802  1.43E+01  7.19E+03  0.00E+00  0.00E+00  0.00E+00  0.00E+00  7.6506E-03
    803  1.43E+01  7.20E+03  0.00E+00  0.00E+00  0.00E+00  0.00E+00  7.6585E-03
