# NSTEP            DELTAT              TIME NET NANSF NEU VOL NET NANSF NEU FLX
      1      5.000000000E+00      5.000000000E+00      0.000000000E+00      0.000000000E+00
      2      2.750000000E+00      7.750000000E+00      0.000000000E+00      0.000000000E+00
      3      1.512500000E+00      9.262500000E+00      0.000000000E+00      0.000000000E+00
      4      1.663750000E+00      1.092625000E+01      0.000000000E+00      0.000000000E+00
      5      1.830125000E+00      1.275637500E+01      0.000000000E+00      0.000000000E+00
      6      2.013137500E+00      1.476951250E+01      0.000000000E+00      0.000000000E+00
      7      2.214451250E+00      1.698396375E+01      0.000000000E+00      0.000000000E+00
      8      2.435896375E+00      1.941986013E+01      0.000000000E+00      0.000000000E+00
      9      2.679486013E+00      2.209934614E+01      0.000000000E+00      0.000000000E+00
     10      1.473717307E+00      2.357306344E+01      0.000000000E+00      0.000000000E+00
     11      1.621089038E+00      2.519415248E+01      0.000000000E+00      0.000000000E+00
     12      1.783197941E+00      2.697735042E+01      0.000000000E+00      0.000000000E+00
     13      1.961517735E+00      2.893886816E+01      0.000000000E+00      0.000000000E+00
     14      2.157669509E+00      3.109653767E+01      0.000000000E+00      0.000000000E+00
     15      2.373436460E+00      3.346997413E+01      0.000000000E+00      0.000000000E+00
     16      2.610780106E+00      3.608075423E+01      0.000000000E+00      0.000000000E+00
     17      2.871858116E+00      3.895261235E+01      0.000000000E+00      0.000000000E+00
     18      1.579521964E+00      4.053213431E+01      0.000000000E+00      0.000000000E+00
     19      1.737474160E+00      4.226960847E+01      0.000000000E+00      0.000000000E+00
     20      1.911221577E+00      4.418083005E+01      0.000000000E+00      0.000000000E+00
     21      2.102343734E+00      4.628317379E+01      0.000000000E+00      0.000000000E+00
     22      2.312578108E+00      4.859575189E+01      0.000000000E+00      0.000000000E+00
     23      2.543835918E+00      5.113958781E+01      0.000000000E+00      0.000000000E+00
     24      2.798219510E+00      5.393780732E+01      0.000000000E+00      0.000000000E+00
     25      1.539020731E+00      5.547682805E+01      0.000000000E+00      0.000000000E+00
     26      1.692922804E+00      5.716975086E+01      0.000000000E+00      0.000000000E+00
     27      1.862215084E+00      5.903196594E+01      0.000000000E+00      0.000000000E+00
     28      2.048436592E+00      6.108040253E+01      0.000000000E+00      0.000000000E+00
     29      2.253280252E+00      6.333368278E+01      0.000000000E+00      0.000000000E+00
     30      2.478608277E+00      6.581229106E+01      0.000000000E+00      0.000000000E+00
     31      2.726469105E+00      6.853876016E+01      0.000000000E+00      0.000000000E+00
     32      2.999116015E+00      7.153787618E+01      0.000000000E+00      0.000000000E+00
     33      1.649513808E+00      7.318738999E+01      0.000000000E+00      0.000000000E+00
     34      1.814465189E+00      7.500185518E+01      0.000000000E+00      0.000000000E+00
     35      1.995911708E+00      7.699776689E+01      0.000000000E+00      0.000000000E+00
     36      2.195502879E+00      7.919326976E+01      0.000000000E+00      0.000000000E+00
     37      2.415053167E+00      8.160832293E+01      0.000000000E+00      0.000000000E+00
     38      2.656558483E+00      8.426488141E+01      0.000000000E+00      0.000000000E+00
     39      2.922214332E+00      8.718709575E+01      0.000000000E+00      0.000000000E+00
     40      1.607217882E+00      8.879431363E+01      0.000000000E+00      0.000000000E+00
     41      1.767939671E+00      9.056225330E+01      0.000000000E+00      0.000000000E+00
     42      1.944733638E+00      9.250698694E+01      0.000000000E+00      0.000000000E+00
     43      2.139207001E+00      9.464619394E+01      0.000000000E+00      0.000000000E+00
     44      2.353127702E+00      9.699932164E+01      0.000000000E+00      0.000000000E+00
     45      2.588440472E+00      9.958776211E+01      0.000000000E+00      0.000000000E+00
     46      2.847284519E+00      1.024350466E+02      0.000000000E+00      0.000000000E+00
     47      3.132012971E+00      1.055670596E+02      0.000000000E+00      0.000000000E+00
     48      1.722607134E+00      1.072896667E+02      0.000000000E+00      0.000000000E+00
     49      1.894867847E+00      1.091845346E+02      0.000000000E+00      0.000000000E+00
     50      2.084354632E+00      1.112688892E+02      0.000000000E+00      0.000000000E+00
     51      2.292790095E+00      1.135616793E+02      0.000000000E+00      0.000000000E+00
     52      2.522069105E+00      1.160837484E+02      0.000000000E+00      0.000000000E+00
     53      2.774276015E+00      1.188580244E+02      0.000000000E+00      0.000000000E+00
     54      3.051703617E+00      1.219097280E+02      0.000000000E+00      0.000000000E+00
     55      1.678436989E+00      1.235881650E+02      0.000000000E+00      0.000000000E+00
     56      1.846280688E+00      1.254344457E+02      0.000000000E+00      0.000000000E+00
     57      2.030908757E+00      1.274653545E+02      0.000000000E+00      0.000000000E+00
     58      2.233999633E+00      1.296993541E+02      0.000000000E+00      0.000000000E+00
     59      2.457399596E+00      1.321567537E+02      0.000000000E+00      0.000000000E+00
     60      2.703139556E+00      1.348598933E+02      0.000000000E+00      0.000000000E+00
     61      2.973453511E+00      1.378333468E+02      0.000000000E+00      0.000000000E+00
     62      3.270798862E+00      1.411041456E+02      0.000000000E+00      0.000000000E+00
     63      1.798939374E+00      1.429030850E+02      0.000000000E+00      0.000000000E+00
     64      1.978833312E+00      1.448819183E+02      0.000000000E+00      0.000000000E+00
     65      2.176716643E+00      1.470586350E+02      0.000000000E+00      0.000000000E+00
     66      2.394388307E+00      1.494530233E+02      0.000000000E+00      0.000000000E+00
     67      2.633827138E+00      1.520868504E+02      0.000000000E+00      0.000000000E+00
     68      2.897209852E+00      1.549840603E+02      0.000000000E+00      0.000000000E+00
     69      3.186930837E+00      1.581709911E+02      0.000000000E+00      0.000000000E+00
     70      3.505623920E+00      1.616766150E+02      0.000000000E+00      0.000000000E+00
     71      1.928093156E+00      1.636047082E+02      0.000000000E+00      0.000000000E+00
     72      2.120902472E+00      1.657256106E+02      0.000000000E+00      0.000000000E+00
     73      2.332992719E+00      1.680586034E+02      0.000000000E+00      0.000000000E+00
     74      2.566291991E+00      1.706248954E+02      0.000000000E+00      0.000000000E+00
     75      2.822921190E+00      1.734478165E+02      0.000000000E+00      0.000000000E+00
     76      3.105213309E+00      1.765530299E+02      0.000000000E+00      0.000000000E+00
     77      3.415734640E+00      1.799687645E+02      0.000000000E+00      0.000000000E+00
     78      1.878654052E+00      1.818474186E+02      0.000000000E+00      0.000000000E+00
     79      2.066519457E+00      1.839139380E+02      0.000000000E+00      0.000000000E+00
     80      2.273171403E+00      1.861871094E+02      0.000000000E+00      0.000000000E+00
     81      2.500488543E+00      1.886875980E+02      0.000000000E+00      0.000000000E+00
     82      2.750537398E+00      1.914381354E+02      0.000000000E+00      0.000000000E+00
     83      3.025591137E+00      1.944637265E+02      0.000000000E+00      0.000000000E+00
     84      3.328150251E+00      1.977918767E+02      0.000000000E+00      0.000000000E+00
     85      3.660965276E+00      2.014528420E+02      0.000000000E+00      0.000000000E+00
     86      2.013530902E+00      2.034663729E+02      0.000000000E+00      0.000000000E+00
     87      2.214883992E+00      2.056812569E+02      0.000000000E+00      0.000000000E+00
     88      2.436372391E+00      2.081176293E+02      0.000000000E+00      0.000000000E+00
     89      2.680009630E+00      2.107976389E+02      0.000000000E+00      0.000000000E+00
     90      2.948010593E+00      2.137456495E+02      0.000000000E+00      0.000000000E+00
     91      3.242811653E+00      2.169884612E+02      0.000000000E+00      0.000000000E+00
     92      3.567092818E+00      2.205555540E+02      0.000000000E+00      0.000000000E+00
     93      1.961901050E+00      2.225174550E+02      0.000000000E+00      0.000000000E+00
     94      2.158091155E+00      2.246755462E+02      0.000000000E+00      0.000000000E+00
     95      2.373900270E+00      2.270494465E+02      0.000000000E+00      0.000000000E+00
     96      2.611290297E+00      2.296607368E+02      0.000000000E+00      0.000000000E+00
     97      2.872419327E+00      2.325331561E+02      0.000000000E+00      0.000000000E+00
     98      3.159661260E+00      2.356928174E+02      0.000000000E+00      0.000000000E+00
     99      3.475627386E+00      2.391684447E+02      0.000000000E+00      0.000000000E+00
    100      3.823190124E+00      2.429916349E+02      0.000000000E+00      0.000000000E+00
    101      2.102754568E+00      2.450943894E+02      0.000000000E+00      0.000000000E+00
    102      2.313030025E+00      2.474074195E+02      0.000000000E+00      0.000000000E+00
    103      2.544333028E+00      2.499517525E+02      0.000000000E+00      0.000000000E+00
    104      2.798766331E+00      2.527505188E+02      0.000000000E+00      0.000000000E+00
    105      3.078642964E+00      2.558291618E+02      0.000000000E+00      0.000000000E+00
    106      3.386507260E+00      2.592156690E+02      0.000000000E+00      0.000000000E+00
    107      3.725157986E+00      2.629408270E+02      0.000000000E+00      0.000000000E+00
    108      2.048836892E+00      2.649896639E+02      0.000000000E+00      0.000000000E+00
    109      2.253720582E+00      2.672433845E+02      0.000000000E+00      0.000000000E+00
    110      2.479092640E+00      2.697224771E+02      0.000000000E+00      0.000000000E+00
    111      2.727001904E+00      2.724494790E+02      0.000000000E+00      0.000000000E+00
    112      2.999702094E+00      2.754491811E+02      0.000000000E+00      0.000000000E+00
    113      3.299672303E+00      2.787488534E+02      0.000000000E+00      0.000000000E+00
    114      3.629639534E+00      2.823784930E+02      0.000000000E+00      0.000000000E+00
    115      3.992603487E+00      2.863710965E+02      0.000000000E+00      0.000000000E+00
    116      2.195931918E+00      2.885670284E+02      0.000000000E+00      0.000000000E+00
    117      2.415525110E+00      2.909825535E+02      0.000000000E+00      0.000000000E+00
    118      2.657077621E+00      2.936396311E+02      0.000000000E+00      0.000000000E+00
    119      2.922785383E+00      2.965624165E+02      0.000000000E+00      0.000000000E+00
    120      3.215063921E+00      2.997774804E+02      0.000000000E+00      0.000000000E+00
    121      3.536570313E+00      3.033140507E+02      0.000000000E+00      0.000000000E+00
    122      3.890227344E+00      3.072042781E+02      0.000000000E+00      0.000000000E+00
    123      2.139625039E+00      3.093439031E+02      0.000000000E+00      0.000000000E+00
    124      2.353587543E+00      3.116974907E+02      0.000000000E+00      0.000000000E+00
    125      2.588946298E+00      3.142864370E+02      0.000000000E+00      0.000000000E+00
    126      2.847840928E+00      3.171342779E+02      0.000000000E+00      0.000000000E+00
    127      3.132625020E+00      3.202669029E+02      0.000000000E+00      0.000000000E+00
    128      3.445887522E+00      3.237127904E+02      0.000000000E+00      0.000000000E+00
    129      3.790476275E+00      3.275032667E+02      0.000000000E+00      0.000000000E+00
    130      4.169523902E+00      3.316727906E+02      0.000000000E+00      0.000000000E+00
    131      2.293238146E+00      3.339660287E+02      0.000000000E+00      0.000000000E+00
    132      2.522561961E+00      3.364885907E+02      0.000000000E+00      0.000000000E+00
    133      2.774818157E+00      3.392634089E+02      0.000000000E+00      0.000000000E+00
    134      3.052299972E+00      3.423157088E+02      0.000000000E+00      0.000000000E+00
    135      3.357529970E+00      3.456732388E+02      0.000000000E+00      0.000000000E+00
    136      3.693282967E+00      3.493665218E+02      0.000000000E+00      0.000000000E+00
    137      4.062611263E+00      3.534291330E+02      0.000000000E+00      0.000000000E+00
    138      2.234436195E+00      3.556635692E+02      0.000000000E+00      0.000000000E+00
    139      2.457879814E+00      3.581214490E+02      0.000000000E+00      0.000000000E+00
    140      2.703667796E+00      3.608251168E+02      0.000000000E+00      0.000000000E+00
    141      2.974034575E+00      3.637991514E+02      0.000000000E+00      0.000000000E+00
    142      3.271438033E+00      3.670705894E+02      0.000000000E+00      0.000000000E+00
    143      3.598581836E+00      3.706691713E+02      0.000000000E+00      0.000000000E+00
    144      3.958440020E+00      3.746276113E+02      0.000000000E+00      0.000000000E+00
    145      4.354284022E+00      3.789818953E+02      0.000000000E+00      0.000000000E+00
    146      2.394856212E+00      3.813767515E+02      0.000000000E+00      0.000000000E+00
    147      2.634341833E+00      3.840110934E+02      0.000000000E+00      0.000000000E+00
    148      2.897776016E+00      3.869088694E+02      0.000000000E+00      0.000000000E+00
    149      3.187553618E+00      3.900964230E+02      0.000000000E+00      0.000000000E+00
    150      3.506308980E+00      3.936027320E+02      0.000000000E+00      0.000000000E+00
    151      3.856939878E+00      3.974596719E+02      0.000000000E+00      0.000000000E+00
    152      4.242633866E+00      4.017023057E+02      0.000000000E+00      0.000000000E+00
    153      2.333448626E+00      4.040357544E+02      0.000000000E+00      0.000000000E+00
    154      2.566793489E+00      4.066025478E+02      0.000000000E+00      0.000000000E+00
    155      2.823472838E+00      4.094260207E+02      0.000000000E+00      0.000000000E+00
    156      3.105820121E+00      4.125318408E+02      0.000000000E+00      0.000000000E+00
    157      3.416402134E+00      4.159482429E+02      0.000000000E+00      0.000000000E+00
    158      3.758042347E+00      4.197062853E+02      0.000000000E+00      0.000000000E+00
    159      4.133846582E+00      4.238401319E+02      0.000000000E+00      0.000000000E+00
    160      4.547231240E+00      4.283873631E+02      0.000000000E+00      0.000000000E+00
    161      2.500977182E+00      4.308883403E+02      0.000000000E+00      0.000000000E+00
    162      2.751074900E+00      4.336394152E+02      0.000000000E+00      0.000000000E+00
    163      3.026182390E+00      4.366655976E+02      0.000000000E+00      0.000000000E+00
    164      3.328800629E+00      4.399943982E+02      0.000000000E+00      0.000000000E+00
    165      3.661680692E+00      4.436560789E+02      0.000000000E+00      0.000000000E+00
    166      4.027848761E+00      4.476839277E+02      0.000000000E+00      0.000000000E+00
    167      4.430633637E+00      4.521145613E+02      0.000000000E+00      0.000000000E+00
    168      4.873697001E+00      4.569882583E+02      0.000000000E+00      0.000000000E+00
    169      2.680533351E+00      4.596687916E+02      0.000000000E+00      0.000000000E+00
    170      2.948586686E+00      4.626173783E+02      0.000000000E+00      0.000000000E+00
    171      3.243445354E+00      4.658608237E+02      0.000000000E+00      0.000000000E+00
    172      3.567789890E+00      4.694286136E+02      0.000000000E+00      0.000000000E+00
    173      3.924568879E+00      4.733531825E+02      0.000000000E+00      0.000000000E+00
    174      4.317025766E+00      4.776702082E+02      0.000000000E+00      0.000000000E+00
    175      4.748728343E+00      4.824189366E+02      0.000000000E+00      0.000000000E+00
    176      2.611800589E+00      4.850307372E+02      0.000000000E+00      0.000000000E+00
    177      2.872980648E+00      4.879037178E+02      0.000000000E+00      0.000000000E+00
    178      3.160278712E+00      4.910639965E+02      0.000000000E+00      0.000000000E+00
    179      3.476306584E+00      4.945403031E+02      0.000000000E+00      0.000000000E+00
    180      3.823937242E+00      4.983642403E+02      0.000000000E+00      0.000000000E+00
    181      4.206330966E+00      5.025705713E+02      0.000000000E+00      0.000000000E+00
    182      4.626964063E+00      5.071975354E+02      0.000000000E+00      0.000000000E+00
    183      5.089660469E+00      5.122871958E+02      0.000000000E+00      0.000000000E+00
    184      2.799313258E+00      5.150865091E+02      0.000000000E+00      0.000000000E+00
    185      3.079244584E+00      5.181657537E+02      0.000000000E+00      0.000000000E+00
    186      3.387169042E+00      5.215529227E+02      0.000000000E+00      0.000000000E+00
    187      3.725885946E+00      5.252788087E+02      0.000000000E+00      0.000000000E+00
    188      4.098474541E+00      5.293772832E+02      0.000000000E+00      0.000000000E+00
    189      4.508321995E+00      5.338856052E+02      0.000000000E+00      0.000000000E+00
    190      4.959154194E+00      5.388447594E+02      0.000000000E+00      0.000000000E+00
    191      2.727534807E+00      5.415722942E+02      0.000000000E+00      0.000000000E+00
    192      3.000288288E+00      5.445725825E+02      0.000000000E+00      0.000000000E+00
    193      3.300317116E+00      5.478728996E+02      0.000000000E+00      0.000000000E+00
    194      3.630348828E+00      5.515032484E+02      0.000000000E+00      0.000000000E+00
    195      3.993383711E+00      5.554966321E+02      0.000000000E+00      0.000000000E+00
    196      4.392722082E+00      5.598893542E+02      0.000000000E+00      0.000000000E+00
    197      4.831994290E+00      5.647213485E+02      0.000000000E+00      0.000000000E+00
    198      5.315193719E+00      5.700365422E+02      0.000000000E+00      0.000000000E+00
    199      2.923356546E+00      5.729598988E+02      0.000000000E+00      0.000000000E+00
    200      3.215692200E+00      5.761755910E+02      0.000000000E+00      0.000000000E+00
    201      3.537261420E+00      5.797128524E+02      0.000000000E+00      0.000000000E+00
    202      3.890987562E+00      5.836038400E+02      0.000000000E+00      0.000000000E+00
    203      4.280086318E+00      5.878839263E+02      0.000000000E+00      0.000000000E+00
    204      4.708094950E+00      5.925920212E+02      0.000000000E+00      0.000000000E+00
    205      5.178904445E+00      5.977709257E+02      0.000000000E+00      0.000000000E+00
    206      2.848397445E+00      6.006193231E+02      0.000000000E+00      0.000000000E+00
    207      3.133237189E+00      6.037525603E+02      0.000000000E+00      0.000000000E+00
    208      3.446560908E+00      6.071991212E+02      0.000000000E+00      0.000000000E+00
    209      3.791216999E+00      6.109903382E+02      0.000000000E+00      0.000000000E+00
    210      4.170338699E+00      6.151606769E+02      0.000000000E+00      0.000000000E+00
    211      4.587372569E+00      6.197480495E+02      0.000000000E+00      0.000000000E+00
    212      5.046109826E+00      6.247941593E+02      0.000000000E+00      0.000000000E+00
    213      5.550720808E+00      6.303448801E+02      0.000000000E+00      0.000000000E+00
    214      3.052896445E+00      6.333977766E+02      0.000000000E+00      0.000000000E+00
    215      3.358186089E+00      6.367559627E+02      0.000000000E+00      0.000000000E+00
    216      3.694004698E+00      6.404499674E+02      0.000000000E+00      0.000000000E+00
    217      4.063405168E+00      6.445133725E+02      0.000000000E+00      0.000000000E+00
    218      4.469745685E+00      6.489831182E+02      0.000000000E+00      0.000000000E+00
    219      4.916720253E+00      6.538998385E+02      0.000000000E+00      0.000000000E+00
    220      5.408392278E+00      6.593082307E+02      0.000000000E+00      0.000000000E+00
    221      2.974615753E+00      6.622828465E+02      0.000000000E+00      0.000000000E+00
    222      3.272077328E+00      6.655549238E+02      0.000000000E+00      0.000000000E+00
    223      3.599285061E+00      6.691542089E+02      0.000000000E+00      0.000000000E+00
    224      3.959213567E+00      6.731134225E+02      0.000000000E+00      0.000000000E+00
    225      4.355134924E+00      6.774685574E+02      0.000000000E+00      0.000000000E+00
    226      4.790648416E+00      6.822592058E+02      0.000000000E+00      0.000000000E+00
    227      5.269713258E+00      6.875289190E+02      0.000000000E+00      0.000000000E+00
    228      5.796684584E+00      6.933256036E+02      0.000000000E+00      0.000000000E+00
    229      3.188176521E+00      6.965137802E+02      0.000000000E+00      0.000000000E+00
    230      3.506994173E+00      7.000207743E+02      0.000000000E+00      0.000000000E+00
    231      3.857693591E+00      7.038784679E+02      0.000000000E+00      0.000000000E+00
    232      4.243462950E+00      7.081219309E+02      0.000000000E+00      0.000000000E+00
    233      4.667809245E+00      7.127897401E+02      0.000000000E+00      0.000000000E+00
    234      5.134590169E+00      7.179243303E+02      0.000000000E+00      0.000000000E+00
    235      5.648049186E+00      7.235723795E+02      0.000000000E+00      0.000000000E+00
    236      3.106427052E+00      7.266788065E+02      0.000000000E+00      0.000000000E+00
    237      3.417069758E+00      7.300958763E+02      0.000000000E+00      0.000000000E+00
    238      3.758776733E+00      7.338546530E+02      0.000000000E+00      0.000000000E+00
    239      4.134654407E+00      7.379893074E+02      0.000000000E+00      0.000000000E+00
    240      4.548119847E+00      7.425374273E+02      0.000000000E+00      0.000000000E+00
    241      5.002931832E+00      7.475403591E+02      0.000000000E+00      0.000000000E+00
    242      5.503225015E+00      7.530435841E+02      0.000000000E+00      0.000000000E+00
    243      6.053547517E+00      7.590971316E+02      0.000000000E+00      0.000000000E+00
    244      3.329451134E+00      7.624265828E+02      0.000000000E+00      0.000000000E+00
    245      3.662396248E+00      7.660889790E+02      0.000000000E+00      0.000000000E+00
    246      4.028635872E+00      7.701176149E+02      0.000000000E+00      0.000000000E+00
    247      4.431499460E+00      7.745491143E+02      0.000000000E+00      0.000000000E+00
    248      4.874649406E+00      7.794237637E+02      0.000000000E+00      0.000000000E+00
    249      5.362114346E+00      7.847858781E+02      0.000000000E+00      0.000000000E+00
    250      5.898325781E+00      7.906842039E+02      0.000000000E+00      0.000000000E+00
    251      3.244079179E+00      7.939282831E+02      0.000000000E+00      0.000000000E+00
    252      3.568487097E+00      7.974967702E+02      0.000000000E+00      0.000000000E+00
    253      3.925335807E+00      8.014221060E+02      0.000000000E+00      0.000000000E+00
    254      4.317869388E+00      8.057399753E+02      0.000000000E+00      0.000000000E+00
    255      4.749656327E+00      8.104896317E+02      0.000000000E+00      0.000000000E+00
    256      5.224621959E+00      8.157142536E+02      0.000000000E+00      0.000000000E+00
    257      5.747084155E+00      8.214613378E+02      0.000000000E+00      0.000000000E+00
    258      6.321792571E+00      8.277831304E+02      0.000000000E+00      0.000000000E+00
    259      3.476985914E+00      8.312601163E+02      0.000000000E+00      0.000000000E+00
    260      3.824684505E+00      8.350848008E+02      0.000000000E+00      0.000000000E+00
    261      4.207152956E+00      8.392919537E+02      0.000000000E+00      0.000000000E+00
    262      4.627868251E+00      8.439198220E+02      0.000000000E+00      0.000000000E+00
    263      5.090655077E+00      8.490104771E+02      0.000000000E+00      0.000000000E+00
    264      5.599720584E+00      8.546101976E+02      0.000000000E+00      0.000000000E+00
    265      6.159692643E+00      8.607698903E+02      0.000000000E+00      0.000000000E+00
    266      3.387830953E+00      8.641577212E+02      0.000000000E+00      0.000000000E+00
    267      3.726614049E+00      8.678843353E+02      0.000000000E+00      0.000000000E+00
    268      4.099275454E+00      8.719836107E+02      0.000000000E+00      0.000000000E+00
    269      4.509202999E+00      8.764928137E+02      0.000000000E+00      0.000000000E+00
    270      4.960123299E+00      8.814529370E+02      0.000000000E+00      0.000000000E+00
    271      5.456135629E+00      8.869090727E+02      0.000000000E+00      0.000000000E+00
    272      6.001749192E+00      8.929108219E+02      0.000000000E+00      0.000000000E+00
    273      6.601924111E+00      8.995127460E+02      0.000000000E+00      0.000000000E+00
    274      3.631058261E+00      9.031438042E+02      0.000000000E+00      0.000000000E+00
    275      3.994164087E+00      9.071379683E+02      0.000000000E+00      0.000000000E+00
    276      4.393580496E+00      9.115315488E+02      0.000000000E+00      0.000000000E+00
    277      4.832938545E+00      9.163644874E+02      0.000000000E+00      0.000000000E+00
    278      5.316232400E+00      9.216807198E+02      0.000000000E+00      0.000000000E+00
    279      5.847855640E+00      9.275285754E+02      0.000000000E+00      0.000000000E+00
    280      6.432641204E+00      9.339612166E+02      0.000000000E+00      0.000000000E+00
    281      3.537952662E+00      9.374991693E+02      0.000000000E+00      0.000000000E+00
    282      3.891747928E+00      9.413909172E+02      0.000000000E+00      0.000000000E+00
    283      4.280922721E+00      9.456718399E+02      0.000000000E+00      0.000000000E+00
    284      4.709014993E+00      9.503808549E+02      0.000000000E+00      0.000000000E+00
    285      5.179916493E+00      9.555607714E+02      0.000000000E+00      0.000000000E+00
    286      5.697908142E+00      9.612586795E+02      0.000000000E+00      0.000000000E+00
    287      6.267698956E+00      9.675263785E+02      0.000000000E+00      0.000000000E+00
    288      6.894468852E+00      9.744208474E+02      0.000000000E+00      0.000000000E+00
    289      3.791957868E+00      9.782128052E+02      0.000000000E+00      0.000000000E+00
    290      4.171153655E+00      9.823839589E+02      0.000000000E+00      0.000000000E+00
    291      4.588269021E+00      9.869722279E+02      0.000000000E+00      0.000000000E+00
    292      5.047095923E+00      9.920193238E+02      0.000000000E+00      0.000000000E+00
    293      5.551805515E+00      9.975711293E+02      0.000000000E+00      0.000000000E+00
    294      6.106986067E+00      1.003678115E+03      0.000000000E+00      0.000000000E+00
    295      6.717684673E+00      1.010395800E+03      0.000000000E+00      0.000000000E+00
    296      7.389453141E+00      1.017785253E+03      0.000000000E+00      0.000000000E+00
    297      4.064199227E+00      1.021849452E+03      0.000000000E+00      0.000000000E+00
    298      4.470619150E+00      1.026320072E+03      0.000000000E+00      0.000000000E+00
    299      4.917681065E+00      1.031237753E+03      0.000000000E+00      0.000000000E+00
    300      5.409449172E+00      1.036647202E+03      0.000000000E+00      0.000000000E+00
    301      5.950394089E+00      1.042597596E+03      0.000000000E+00      0.000000000E+00
    302      6.545433498E+00      1.049143029E+03      0.000000000E+00      0.000000000E+00
    303      7.199976847E+00      1.056343006E+03      0.000000000E+00      0.000000000E+00
    304      3.959987266E+00      1.060302994E+03      0.000000000E+00      0.000000000E+00
    305      4.355985993E+00      1.064658980E+03      0.000000000E+00      0.000000000E+00
    306      4.791584592E+00      1.069450564E+03      0.000000000E+00      0.000000000E+00
    307      5.270743051E+00      1.074721307E+03      0.000000000E+00      0.000000000E+00
    308      5.797817356E+00      1.080519125E+03      0.000000000E+00      0.000000000E+00
    309      6.377599092E+00      1.086896724E+03      0.000000000E+00      0.000000000E+00
    310      7.015359001E+00      1.093912083E+03      0.000000000E+00      0.000000000E+00
    311      7.716894901E+00      1.101628978E+03      0.000000000E+00      0.000000000E+00
    312      4.244292196E+00      1.105873270E+03      0.000000000E+00      0.000000000E+00
    313      4.668721415E+00      1.110541991E+03      0.000000000E+00      0.000000000E+00
    314      5.135593557E+00      1.115677585E+03      0.000000000E+00      0.000000000E+00
    315      5.649152912E+00      1.121326738E+03      0.000000000E+00      0.000000000E+00
    316      6.214068204E+00      1.127540806E+03      0.000000000E+00      0.000000000E+00
    317      6.835475024E+00      1.134376281E+03      0.000000000E+00      0.000000000E+00
    318      7.519022526E+00      1.141895303E+03      0.000000000E+00      0.000000000E+00
    319      4.135462390E+00      1.146030766E+03      0.000000000E+00      0.000000000E+00
    320      4.549008628E+00      1.150579774E+03      0.000000000E+00      0.000000000E+00
    321      5.003909491E+00      1.155583684E+03      0.000000000E+00      0.000000000E+00
    322      5.504300440E+00      1.161087984E+03      0.000000000E+00      0.000000000E+00
    323      6.054730485E+00      1.167142715E+03      0.000000000E+00      0.000000000E+00
    324      6.660203533E+00      1.173802918E+03      0.000000000E+00      0.000000000E+00
    325      7.326223886E+00      1.181129142E+03      0.000000000E+00      0.000000000E+00
    326      8.058846275E+00      1.189187988E+03      0.000000000E+00      0.000000000E+00
    327      4.432365451E+00      1.193620354E+03      0.000000000E+00      0.000000000E+00
    328      4.875601996E+00      1.198495956E+03      0.000000000E+00      0.000000000E+00
    329      5.363162196E+00      1.203859118E+03      0.000000000E+00      0.000000000E+00
    330      5.899478416E+00      1.209758597E+03      0.000000000E+00      0.000000000E+00
    331      6.489426257E+00      1.216248023E+03      0.000000000E+00      0.000000000E+00
    332      7.138368883E+00      1.223386392E+03      0.000000000E+00      0.000000000E+00
    333      7.852205771E+00      1.231238597E+03      0.000000000E+00      0.000000000E+00
    334      4.318713174E+00      1.235557311E+03      0.000000000E+00      0.000000000E+00
    335      4.750584492E+00      1.240307895E+03      0.000000000E+00      0.000000000E+00
    336      5.225642941E+00      1.245533538E+03      0.000000000E+00      0.000000000E+00
    337      5.748207235E+00      1.251281745E+03      0.000000000E+00      0.000000000E+00
    338      6.323027958E+00      1.257604773E+03      0.000000000E+00      0.000000000E+00
    339      6.955330754E+00      1.264560104E+03      0.000000000E+00      0.000000000E+00
    340      7.650863829E+00      1.272210968E+03      0.000000000E+00      0.000000000E+00
    341      8.415950212E+00      1.280626918E+03      0.000000000E+00      0.000000000E+00
    342      4.628772617E+00      1.285255691E+03      0.000000000E+00      0.000000000E+00
    343      5.091649878E+00      1.290347341E+03      0.000000000E+00      0.000000000E+00
    344      5.600814866E+00      1.295948155E+03      0.000000000E+00      0.000000000E+00
    345      6.160896353E+00      1.302109052E+03      0.000000000E+00      0.000000000E+00
    346      6.776985988E+00      1.308886038E+03      0.000000000E+00      0.000000000E+00
    347      7.454684587E+00      1.316340722E+03      0.000000000E+00      0.000000000E+00
    348      8.200153046E+00      1.324540875E+03      0.000000000E+00      0.000000000E+00
    349      4.510084175E+00      1.329050960E+03      0.000000000E+00      0.000000000E+00
    350      4.961092593E+00      1.334012052E+03      0.000000000E+00      0.000000000E+00
    351      5.457201852E+00      1.339469254E+03      0.000000000E+00      0.000000000E+00
    352      6.002922037E+00      1.345472176E+03      0.000000000E+00      0.000000000E+00
    353      6.603214241E+00      1.352075390E+03      0.000000000E+00      0.000000000E+00
    354      7.263535665E+00      1.359338926E+03      0.000000000E+00      0.000000000E+00
    355      7.989889231E+00      1.367328815E+03      0.000000000E+00      0.000000000E+00
    356      8.788878155E+00      1.376117693E+03      0.000000000E+00      0.000000000E+00
    357      4.833882985E+00      1.380951576E+03      0.000000000E+00      0.000000000E+00
    358      5.317271284E+00      1.386268848E+03      0.000000000E+00      0.000000000E+00
    359      5.848998412E+00      1.392117846E+03      0.000000000E+00      0.000000000E+00
    360      6.433898253E+00      1.398551744E+03      0.000000000E+00      0.000000000E+00
    361      7.077288078E+00      1.405629032E+03      0.000000000E+00      0.000000000E+00
    362      7.785016886E+00      1.413414049E+03      0.000000000E+00      0.000000000E+00
    363      8.563518575E+00      1.421977568E+03      0.000000000E+00      0.000000000E+00
    364      4.709935216E+00      1.426687503E+03      0.000000000E+00      0.000000000E+00
    365      5.180928738E+00      1.431868432E+03      0.000000000E+00      0.000000000E+00
    366      5.699021612E+00      1.437567453E+03      0.000000000E+00      0.000000000E+00
    367      6.268923773E+00      1.443836377E+03      0.000000000E+00      0.000000000E+00
    368      6.895816150E+00      1.450732193E+03      0.000000000E+00      0.000000000E+00
    369      7.585397765E+00      1.458317591E+03      0.000000000E+00      0.000000000E+00
    370      8.343937542E+00      1.466661529E+03      0.000000000E+00      0.000000000E+00
    371      9.178331296E+00      1.475839860E+03      0.000000000E+00      0.000000000E+00
    372      5.048082213E+00      1.480887942E+03      0.000000000E+00      0.000000000E+00
    373      5.552890434E+00      1.486440833E+03      0.000000000E+00      0.000000000E+00
    374      6.108179477E+00      1.492549012E+03      0.000000000E+00      0.000000000E+00
    375      6.718997425E+00      1.499268009E+03      0.000000000E+00      0.000000000E+00
    376      7.390897167E+00      1.506658907E+03      0.000000000E+00      0.000000000E+00
    377      8.129986884E+00      1.514788893E+03      0.000000000E+00      0.000000000E+00
    378      8.942985573E+00      1.523731879E+03      0.000000000E+00      0.000000000E+00
    379      4.918642065E+00      1.528650521E+03      0.000000000E+00      0.000000000E+00
    380      5.410506271E+00      1.534061027E+03      0.000000000E+00      0.000000000E+00
    381      5.951556899E+00      1.540012584E+03      0.000000000E+00      0.000000000E+00
    382      6.546712588E+00      1.546559297E+03      0.000000000E+00      0.000000000E+00
    383      7.201383847E+00      1.553760681E+03      0.000000000E+00      0.000000000E+00
    384      7.921522232E+00      1.561682203E+03      0.000000000E+00      0.000000000E+00
    385      8.713674455E+00      1.570395877E+03      0.000000000E+00      0.000000000E+00
    386      9.585041901E+00      1.579980919E+03      0.000000000E+00      0.000000000E+00
    387      5.271773045E+00      1.585252692E+03      0.000000000E+00      0.000000000E+00
    388      5.798950350E+00      1.591051643E+03      0.000000000E+00      0.000000000E+00
    389      6.378845385E+00      1.597430488E+03      0.000000000E+00      0.000000000E+00
    390      7.016729923E+00      1.604447218E+03      0.000000000E+00      0.000000000E+00
    391      7.718402916E+00      1.612165621E+03      0.000000000E+00      0.000000000E+00
    392      8.490243207E+00      1.620655864E+03      0.000000000E+00      0.000000000E+00
    393      9.339267528E+00      1.629995132E+03      0.000000000E+00      0.000000000E+00
    394      5.136597140E+00      1.635131729E+03      0.000000000E+00      0.000000000E+00
    395      5.650256855E+00      1.640781986E+03      0.000000000E+00      0.000000000E+00
    396      6.215282540E+00      1.646997268E+03      0.000000000E+00      0.000000000E+00
    397      6.836810794E+00      1.653834079E+03      0.000000000E+00      0.000000000E+00
    398      7.520491873E+00      1.661354571E+03      0.000000000E+00      0.000000000E+00
    399      8.272541061E+00      1.669627112E+03      0.000000000E+00      0.000000000E+00
    400      9.099795167E+00      1.678726907E+03      0.000000000E+00      0.000000000E+00
    401      1.000977468E+01      1.688736682E+03      0.000000000E+00      0.000000000E+00
    402      5.505376076E+00      1.694242058E+03      0.000000000E+00      0.000000000E+00
    403      6.055913683E+00      1.700297972E+03      0.000000000E+00      0.000000000E+00
    404      6.661505052E+00      1.706959477E+03      0.000000000E+00      0.000000000E+00
    405      7.327655557E+00      1.714287132E+03      0.000000000E+00      0.000000000E+00
    406      8.060421113E+00      1.722347553E+03      0.000000000E+00      0.000000000E+00
    407      8.866463224E+00      1.731214016E+03      0.000000000E+00      0.000000000E+00
    408      9.753109546E+00      1.740967126E+03      0.000000000E+00      0.000000000E+00
    409      5.364210251E+00      1.746331336E+03      0.000000000E+00      0.000000000E+00
    410      5.900631276E+00      1.752231968E+03      0.000000000E+00      0.000000000E+00
    411      6.490694403E+00      1.758722662E+03      0.000000000E+00      0.000000000E+00
    412      7.139763843E+00      1.765862426E+03      0.000000000E+00      0.000000000E+00
    413      7.853740228E+00      1.773716166E+03      0.000000000E+00      0.000000000E+00
    414      8.639114251E+00      1.782355280E+03      0.000000000E+00      0.000000000E+00
    415      9.503025676E+00      1.791858306E+03      0.000000000E+00      0.000000000E+00
    416      1.045332824E+01      1.802311634E+03      0.000000000E+00      0.000000000E+00
    417      5.749330534E+00      1.808060965E+03      0.000000000E+00      0.000000000E+00
    418      6.324263587E+00      1.814385228E+03      0.000000000E+00      0.000000000E+00
    419      6.956689946E+00      1.821341918E+03      0.000000000E+00      0.000000000E+00
    420      7.652358940E+00      1.828994277E+03      0.000000000E+00      0.000000000E+00
    421      8.417594834E+00      1.837411872E+03      0.000000000E+00      0.000000000E+00
    422      9.259354318E+00      1.846671226E+03      0.000000000E+00      0.000000000E+00
    423      1.018528975E+01      1.856856516E+03      0.000000000E+00      0.000000000E+00
    424      5.601909362E+00      1.862458425E+03      0.000000000E+00      0.000000000E+00
    425      6.162100299E+00      1.868620526E+03      0.000000000E+00      0.000000000E+00
    426      6.778310328E+00      1.875398836E+03      0.000000000E+00      0.000000000E+00
    427      7.456141361E+00      1.882854977E+03      0.000000000E+00      0.000000000E+00
    428      8.201755497E+00      1.891056733E+03      0.000000000E+00      0.000000000E+00
    429      9.021931047E+00      1.900078664E+03      0.000000000E+00      0.000000000E+00
    430      9.924124152E+00      1.910002788E+03      0.000000000E+00      0.000000000E+00
    431      1.091653657E+01      1.920919325E+03      0.000000000E+00      0.000000000E+00
    432      6.004095112E+00      1.926923420E+03      0.000000000E+00      0.000000000E+00
    433      6.604504623E+00      1.933527924E+03      0.000000000E+00      0.000000000E+00
    434      7.264955085E+00      1.940792880E+03      0.000000000E+00      0.000000000E+00
    435      7.991450594E+00      1.948784330E+03      0.000000000E+00      0.000000000E+00
    436      8.790595653E+00      1.957574926E+03      0.000000000E+00      0.000000000E+00
    437      9.669655219E+00      1.967244581E+03      0.000000000E+00      0.000000000E+00
    438      1.063662074E+01      1.977881202E+03      0.000000000E+00      0.000000000E+00
    439      5.850141407E+00      1.983731343E+03      0.000000000E+00      0.000000000E+00
    440      6.435155548E+00      1.990166499E+03      0.000000000E+00      0.000000000E+00
    441      7.078671103E+00      1.997245170E+03      0.000000000E+00      0.000000000E+00
    442      7.786538213E+00      2.005031708E+03      0.000000000E+00      0.000000000E+00
    443      8.565192034E+00      2.013596900E+03      0.000000000E+00      0.000000000E+00
    444      9.421711238E+00      2.023018611E+03      0.000000000E+00      0.000000000E+00
    445      1.036388236E+01      2.033382494E+03      0.000000000E+00      0.000000000E+00
    446      1.140027060E+01      2.044782764E+03      0.000000000E+00      0.000000000E+00
    447      6.270148829E+00      2.051052913E+03      0.000000000E+00      0.000000000E+00
    448      6.897163712E+00      2.057950077E+03      0.000000000E+00      0.000000000E+00
    449      7.586880083E+00      2.065536957E+03      0.000000000E+00      0.000000000E+00
    450      8.345568091E+00      2.073882525E+03      0.000000000E+00      0.000000000E+00
    451      9.180124900E+00      2.083062650E+03      0.000000000E+00      0.000000000E+00
    452      1.009813739E+01      2.093160787E+03      0.000000000E+00      0.000000000E+00
    453      1.110795113E+01      2.104268738E+03      0.000000000E+00      0.000000000E+00
    454      6.109373121E+00      2.110378112E+03      0.000000000E+00      0.000000000E+00
    455      6.720310433E+00      2.117098422E+03      0.000000000E+00      0.000000000E+00
    456      7.392341476E+00      2.124490763E+03      0.000000000E+00      0.000000000E+00
    457      8.131575624E+00      2.132622339E+03      0.000000000E+00      0.000000000E+00
    458      8.944733187E+00      2.141567072E+03      0.000000000E+00      0.000000000E+00
    459      9.839206505E+00      2.151406279E+03      0.000000000E+00      0.000000000E+00
    460      1.082312716E+01      2.162229406E+03      0.000000000E+00      0.000000000E+00
    461      1.190543987E+01      2.174134846E+03      0.000000000E+00      0.000000000E+00
    462      6.547991929E+00      2.180682838E+03      0.000000000E+00      0.000000000E+00
    463      7.202791122E+00      2.187885629E+03      0.000000000E+00      0.000000000E+00
    464      7.923070234E+00      2.195808699E+03      0.000000000E+00      0.000000000E+00
    465      8.715377258E+00      2.204524076E+03      0.000000000E+00      0.000000000E+00
    466      9.586914984E+00      2.214110991E+03      0.000000000E+00      0.000000000E+00
    467      1.054560648E+01      2.224656598E+03      0.000000000E+00      0.000000000E+00
    468      1.160016713E+01      2.236256765E+03      0.000000000E+00      0.000000000E+00
    469      6.380091922E+00      2.242636857E+03      0.000000000E+00      0.000000000E+00
    470      7.018101114E+00      2.249654958E+03      0.000000000E+00      0.000000000E+00
    471      7.719911225E+00      2.257374869E+03      0.000000000E+00      0.000000000E+00
    472      8.491902348E+00      2.265866772E+03      0.000000000E+00      0.000000000E+00
    473      9.341092582E+00      2.275207864E+03      0.000000000E+00      0.000000000E+00
    474      1.027520184E+01      2.285483066E+03      0.000000000E+00      0.000000000E+00
    475      1.130272202E+01      2.296785788E+03      0.000000000E+00      0.000000000E+00
    476      1.243299423E+01      2.309218782E+03      0.000000000E+00      0.000000000E+00
    477      6.838146825E+00      2.316056929E+03      0.000000000E+00      0.000000000E+00
    478      7.521961507E+00      2.323578891E+03      0.000000000E+00      0.000000000E+00
    479      8.274157658E+00      2.331853048E+03      0.000000000E+00      0.000000000E+00
    480      9.101573424E+00      2.340954622E+03      0.000000000E+00      0.000000000E+00
    481      1.001173077E+01      2.350966352E+03      0.000000000E+00      0.000000000E+00
    482      1.101290384E+01      2.361979256E+03      0.000000000E+00      0.000000000E+00
    483      1.211419423E+01      2.374093450E+03      0.000000000E+00      0.000000000E+00
    484      6.662806825E+00      2.380756257E+03      0.000000000E+00      0.000000000E+00
    485      7.329087508E+00      2.388085345E+03      0.000000000E+00      0.000000000E+00
    486      8.061996258E+00      2.396147341E+03      0.000000000E+00      0.000000000E+00
    487      8.868195884E+00      2.405015537E+03      0.000000000E+00      0.000000000E+00
    488      9.755015473E+00      2.414770552E+03      0.000000000E+00      0.000000000E+00
    489      1.073051702E+01      2.425501069E+03      0.000000000E+00      0.000000000E+00
    490      1.180356872E+01      2.437304638E+03      0.000000000E+00      0.000000000E+00
    491      1.298392559E+01      2.450288564E+03      0.000000000E+00      0.000000000E+00
    492      7.141159077E+00      2.457429723E+03      0.000000000E+00      0.000000000E+00
    493      7.855274984E+00      2.465284998E+03      0.000000000E+00      0.000000000E+00
    494      8.640802483E+00      2.473925800E+03      0.000000000E+00      0.000000000E+00
    495      9.504882731E+00      2.483430683E+03      0.000000000E+00      0.000000000E+00
    496      1.045537100E+01      2.493886054E+03      0.000000000E+00      0.000000000E+00
    497      1.150090810E+01      2.505386962E+03      0.000000000E+00      0.000000000E+00
    498      1.265099891E+01      2.518037961E+03      0.000000000E+00      0.000000000E+00
    499      6.958049403E+00      2.524996010E+03      0.000000000E+00      0.000000000E+00
    500      7.653854344E+00      2.532649865E+03      0.000000000E+00      0.000000000E+00
    501      8.419239778E+00      2.541069105E+03      0.000000000E+00      0.000000000E+00
    502      9.261163756E+00      2.550330268E+03      0.000000000E+00      0.000000000E+00
    503      1.018728013E+01      2.560517548E+03      0.000000000E+00      0.000000000E+00
    504      1.120600814E+01      2.571723557E+03      0.000000000E+00      0.000000000E+00
    505      1.232660896E+01      2.584050166E+03      0.000000000E+00      0.000000000E+00
    506      1.355926985E+01      2.597609435E+03      0.000000000E+00      0.000000000E+00
    507      7.457598420E+00      2.605067034E+03      0.000000000E+00      0.000000000E+00
    508      8.203358262E+00      2.613270392E+03      0.000000000E+00      0.000000000E+00
    509      9.023694088E+00      2.622294086E+03      0.000000000E+00      0.000000000E+00
    510      9.926063497E+00      2.632220150E+03      0.000000000E+00      0.000000000E+00
    511      1.091866985E+01      2.643138820E+03      0.000000000E+00      0.000000000E+00
    512      1.201053683E+01      2.655149356E+03      0.000000000E+00      0.000000000E+00
    513      1.321159051E+01      2.668360947E+03      0.000000000E+00      0.000000000E+00
    514      7.266374783E+00      2.675627322E+03      0.000000000E+00      0.000000000E+00
    515      7.993012261E+00      2.683620334E+03      0.000000000E+00      0.000000000E+00
    516      8.792313488E+00      2.692412647E+03      0.000000000E+00      0.000000000E+00
    517      9.671544836E+00      2.702084192E+03      0.000000000E+00      0.000000000E+00
    518      1.063869932E+01      2.712722892E+03      0.000000000E+00      0.000000000E+00
    519      1.170256925E+01      2.724425461E+03      0.000000000E+00      0.000000000E+00
    520      1.287282618E+01      2.737298287E+03      0.000000000E+00      0.000000000E+00
    521      1.416010879E+01      2.751458396E+03      0.000000000E+00      0.000000000E+00
    522      7.788059837E+00      2.759246456E+03      0.000000000E+00      0.000000000E+00
    523      8.566865821E+00      2.767813321E+03      0.000000000E+00      0.000000000E+00
    524      9.423552403E+00      2.777236874E+03      0.000000000E+00      0.000000000E+00
    525      1.036590764E+01      2.787602781E+03      0.000000000E+00      0.000000000E+00
    526      1.140249841E+01      2.799005280E+03      0.000000000E+00      0.000000000E+00
    527      1.254274825E+01      2.811548028E+03      0.000000000E+00      0.000000000E+00
    528      1.379702307E+01      2.825345051E+03      0.000000000E+00      0.000000000E+00
    529      7.588362690E+00      2.832933414E+03      0.000000000E+00      0.000000000E+00
    530      8.347198959E+00      2.841280613E+03      0.000000000E+00      0.000000000E+00
    531      9.181918855E+00      2.850462532E+03      0.000000000E+00      0.000000000E+00
    532      1.010011074E+01      2.860562642E+03      0.000000000E+00      0.000000000E+00
    533      1.111012181E+01      2.871672764E+03      0.000000000E+00      0.000000000E+00
    534      1.222113400E+01      2.883893898E+03      0.000000000E+00      0.000000000E+00
    535      1.344324740E+01      2.897337146E+03      0.000000000E+00      0.000000000E+00
    536      1.478757214E+01      2.912124718E+03      0.000000000E+00      0.000000000E+00
    537      8.133164675E+00      2.920257882E+03      0.000000000E+00      0.000000000E+00
    538      8.946481142E+00      2.929204364E+03      0.000000000E+00      0.000000000E+00
    539      9.841129256E+00      2.939045493E+03      0.000000000E+00      0.000000000E+00
    540      1.082524218E+01      2.949870735E+03      0.000000000E+00      0.000000000E+00
    541      1.190776640E+01      2.961778501E+03      0.000000000E+00      0.000000000E+00
    542      1.309854304E+01      2.974877044E+03      0.000000000E+00      0.000000000E+00
    543      1.440839734E+01      2.989285442E+03      0.000000000E+00      0.000000000E+00
    544      7.924618539E+00      2.997210060E+03      0.000000000E+00      0.000000000E+00
    545      8.717080393E+00      3.005927141E+03      0.000000000E+00      0.000000000E+00
    546      9.588788432E+00      3.015515929E+03      0.000000000E+00      0.000000000E+00
    547      1.054766728E+01      3.026063596E+03      0.000000000E+00      0.000000000E+00
    548      1.160243400E+01      3.037666030E+03      0.000000000E+00      0.000000000E+00
    549      1.276267740E+01      3.050428708E+03      0.000000000E+00      0.000000000E+00
    550      1.403894514E+01      3.064467653E+03      0.000000000E+00      0.000000000E+00
    551      1.544283966E+01      3.079910493E+03      0.000000000E+00      0.000000000E+00
    552      8.493561812E+00      3.088404054E+03      0.000000000E+00      0.000000000E+00
    553      9.342917993E+00      3.097746972E+03      0.000000000E+00      0.000000000E+00
    554      1.027720979E+01      3.108024182E+03      0.000000000E+00      0.000000000E+00
    555      1.130493077E+01      3.119329113E+03      0.000000000E+00      0.000000000E+00
    556      1.243542385E+01      3.131764537E+03      0.000000000E+00      0.000000000E+00
    557      1.367896623E+01      3.145443503E+03      0.000000000E+00      0.000000000E+00
    558      1.504686286E+01      3.160490366E+03      0.000000000E+00      0.000000000E+00
    559      8.275774572E+00      3.168766141E+03      0.000000000E+00      0.000000000E+00
    560      9.103352029E+00      3.177869493E+03      0.000000000E+00      0.000000000E+00
    561      1.001368723E+01      3.187883180E+03      0.000000000E+00      0.000000000E+00
    562      1.101505595E+01      3.198898236E+03      0.000000000E+00      0.000000000E+00
    563      1.211656155E+01      3.211014797E+03      0.000000000E+00      0.000000000E+00
    564      1.332821771E+01      3.224343015E+03      0.000000000E+00      0.000000000E+00
    565      1.466103948E+01      3.239004055E+03      0.000000000E+00      0.000000000E+00
    566      1.612714342E+01      3.255131198E+03      0.000000000E+00      0.000000000E+00
    567      8.869928883E+00      3.264001127E+03      0.000000000E+00      0.000000000E+00
    568      9.756921771E+00      3.273758049E+03      0.000000000E+00      0.000000000E+00
    569      1.073261395E+01      3.284490663E+03      0.000000000E+00      0.000000000E+00
    570      1.180587534E+01      3.296296538E+03      0.000000000E+00      0.000000000E+00
    571      1.298646288E+01      3.309283001E+03      0.000000000E+00      0.000000000E+00
    572      1.428510917E+01      3.323568110E+03      0.000000000E+00      0.000000000E+00
    573      1.571362008E+01      3.339281730E+03      0.000000000E+00      0.000000000E+00
    574      8.642491045E+00      3.347924221E+03      0.000000000E+00      0.000000000E+00
    575      9.506740149E+00      3.357430961E+03      0.000000000E+00      0.000000000E+00
    576      1.045741416E+01      3.367888375E+03      0.000000000E+00      0.000000000E+00
    577      1.150315558E+01      3.379391531E+03      0.000000000E+00      0.000000000E+00
    578      1.265347114E+01      3.392045002E+03      0.000000000E+00      0.000000000E+00
    579      1.391881825E+01      3.405963820E+03      0.000000000E+00      0.000000000E+00
    580      1.531070008E+01      3.421274520E+03      0.000000000E+00      0.000000000E+00
    581      1.684177009E+01      3.438116290E+03      0.000000000E+00      0.000000000E+00
    582      9.262973547E+00      3.447379264E+03      0.000000000E+00      0.000000000E+00
    583      1.018927090E+01      3.457568535E+03      0.000000000E+00      0.000000000E+00
    584      1.120819799E+01      3.468776733E+03      0.000000000E+00      0.000000000E+00
    585      1.232901779E+01      3.481105751E+03      0.000000000E+00      0.000000000E+00
    586      1.356191957E+01      3.494667670E+03      0.000000000E+00      0.000000000E+00
    587      1.491811153E+01      3.509585782E+03      0.000000000E+00      0.000000000E+00
    588      1.640992268E+01      3.525995705E+03      0.000000000E+00      0.000000000E+00
    589      9.025457474E+00      3.535021162E+03      0.000000000E+00      0.000000000E+00
    590      9.928003221E+00      3.544949165E+03      0.000000000E+00      0.000000000E+00
    591      1.092080354E+01      3.555869969E+03      0.000000000E+00      0.000000000E+00
    592      1.201288390E+01      3.567882853E+03      0.000000000E+00      0.000000000E+00
    593      1.321417229E+01      3.581097025E+03      0.000000000E+00      0.000000000E+00
    594      1.453558952E+01      3.595632614E+03      0.000000000E+00      0.000000000E+00
    595      1.598914847E+01      3.611621763E+03      0.000000000E+00      0.000000000E+00
    596      1.758806332E+01      3.629209826E+03      0.000000000E+00      0.000000000E+00
    597      9.673434823E+00      3.638883261E+03      0.000000000E+00      0.000000000E+00
    598      1.064077831E+01      3.649524039E+03      0.000000000E+00      0.000000000E+00
    599      1.170485614E+01      3.661228895E+03      0.000000000E+00      0.000000000E+00
    600      1.287534175E+01      3.674104237E+03      0.000000000E+00      0.000000000E+00
    601      1.416287592E+01      3.688267113E+03      0.000000000E+00      0.000000000E+00
    602      1.557916352E+01      3.703846277E+03      0.000000000E+00      0.000000000E+00
    603      1.713707987E+01      3.720983357E+03      0.000000000E+00      0.000000000E+00
    604      9.425393928E+00      3.730408750E+03      0.000000000E+00      0.000000000E+00
    605      1.036793332E+01      3.740776684E+03      0.000000000E+00      0.000000000E+00
    606      1.140472665E+01      3.752181410E+03      0.000000000E+00      0.000000000E+00
    607      1.254519932E+01      3.764726610E+03      0.000000000E+00      0.000000000E+00
    608      1.379971925E+01      3.778526329E+03      0.000000000E+00      0.000000000E+00
    609      1.517969117E+01      3.793706020E+03      0.000000000E+00      0.000000000E+00
    610      1.669766029E+01      3.810403680E+03      0.000000000E+00      0.000000000E+00
    611      1.836742632E+01      3.828771107E+03      0.000000000E+00      0.000000000E+00
    612      1.010208448E+01      3.838873191E+03      0.000000000E+00      0.000000000E+00
    613      1.111229292E+01      3.849985484E+03      0.000000000E+00      0.000000000E+00
    614      1.222352222E+01      3.862209006E+03      0.000000000E+00      0.000000000E+00
    615      1.344587444E+01      3.875654881E+03      0.000000000E+00      0.000000000E+00
    616      1.479046188E+01      3.890445343E+03      0.000000000E+00      0.000000000E+00
    617      1.626950807E+01      3.906714851E+03      0.000000000E+00      0.000000000E+00
    618      1.789645888E+01      3.924611310E+03      0.000000000E+00      0.000000000E+00
    619      9.843052383E+00      3.934454362E+03      0.000000000E+00      0.000000000E+00
    620      1.082735762E+01      3.945281720E+03      0.000000000E+00      0.000000000E+00
    621      1.191009338E+01      3.957191813E+03      0.000000000E+00      0.000000000E+00
    622      1.310110272E+01      3.970292916E+03      0.000000000E+00      0.000000000E+00
    623      1.441121299E+01      3.984704129E+03      0.000000000E+00      0.000000000E+00
    624      1.585233429E+01      4.000556463E+03      0.000000000E+00      0.000000000E+00
    625      1.743756772E+01      4.017994031E+03      0.000000000E+00      0.000000000E+00
    626      1.918132449E+01      4.037175355E+03      0.000000000E+00      0.000000000E+00
    627      1.054972847E+01      4.047725084E+03      0.000000000E+00      0.000000000E+00
    628      1.160470132E+01      4.059329785E+03      0.000000000E+00      0.000000000E+00
    629      1.276517145E+01      4.072094957E+03      0.000000000E+00      0.000000000E+00
    630      1.404168860E+01      4.086136645E+03      0.000000000E+00      0.000000000E+00
    631      1.544585746E+01      4.101582503E+03      0.000000000E+00      0.000000000E+00
    632      1.699044320E+01      4.118572946E+03      0.000000000E+00      0.000000000E+00
    633      1.868948752E+01      4.137262433E+03      0.000000000E+00      0.000000000E+00
    634      1.027921814E+01      4.147541651E+03      0.000000000E+00      0.000000000E+00
    635      1.130713995E+01      4.158848791E+03      0.000000000E+00      0.000000000E+00
    636      1.243785395E+01      4.171286645E+03      0.000000000E+00      0.000000000E+00
    637      1.368163934E+01      4.184968285E+03      0.000000000E+00      0.000000000E+00
    638      1.504980327E+01      4.200018088E+03      0.000000000E+00      0.000000000E+00
    639      1.655478360E+01      4.216572872E+03      0.000000000E+00      0.000000000E+00
    640      1.821026196E+01      4.234783134E+03      0.000000000E+00      0.000000000E+00
    641      2.003128816E+01      4.254814422E+03      0.000000000E+00      0.000000000E+00
    642      1.101720849E+01      4.265831630E+03      0.000000000E+00      0.000000000E+00
    643      1.211892934E+01      4.277950560E+03      0.000000000E+00      0.000000000E+00
    644      1.333082227E+01      4.291281382E+03      0.000000000E+00      0.000000000E+00
    645      1.466390450E+01      4.305945286E+03      0.000000000E+00      0.000000000E+00
    646      1.613029495E+01      4.322075581E+03      0.000000000E+00      0.000000000E+00
    647      1.774332444E+01      4.339818906E+03      0.000000000E+00      0.000000000E+00
    648      1.951765688E+01      4.359336563E+03      0.000000000E+00      0.000000000E+00
    649      1.073471129E+01      4.370071274E+03      0.000000000E+00      0.000000000E+00
    650      1.180818242E+01      4.381879456E+03      0.000000000E+00      0.000000000E+00
    651      1.298900066E+01      4.394868457E+03      0.000000000E+00      0.000000000E+00
    652      1.428790072E+01      4.409156358E+03      0.000000000E+00      0.000000000E+00
    653      1.571669079E+01      4.424873048E+03      0.000000000E+00      0.000000000E+00
    654      1.728835987E+01      4.442161408E+03      0.000000000E+00      0.000000000E+00
    655      1.901719586E+01      4.461178604E+03      0.000000000E+00      0.000000000E+00
    656      2.091891545E+01      4.482097520E+03      0.000000000E+00      0.000000000E+00
    657      1.150540350E+01      4.493602923E+03      0.000000000E+00      0.000000000E+00
    658      1.265594385E+01      4.506258867E+03      0.000000000E+00      0.000000000E+00
    659      1.392153823E+01      4.520180405E+03      0.000000000E+00      0.000000000E+00
    660      1.531369205E+01      4.535494097E+03      0.000000000E+00      0.000000000E+00
    661      1.684506126E+01      4.552339158E+03      0.000000000E+00      0.000000000E+00
    662      1.852956738E+01      4.570868726E+03      0.000000000E+00      0.000000000E+00
    663      2.038252412E+01      4.591251250E+03      0.000000000E+00      0.000000000E+00
    664      1.121038827E+01      4.602461638E+03      0.000000000E+00      0.000000000E+00
    665      1.233142709E+01      4.614793065E+03      0.000000000E+00      0.000000000E+00
    666      1.356456980E+01      4.628357635E+03      0.000000000E+00      0.000000000E+00
    667      1.492102678E+01      4.643278662E+03      0.000000000E+00      0.000000000E+00
    668      1.641312946E+01      4.659691791E+03      0.000000000E+00      0.000000000E+00
    669      1.805444241E+01      4.677746234E+03      0.000000000E+00      0.000000000E+00
    670      1.985988665E+01      4.697606120E+03      0.000000000E+00      0.000000000E+00
    671      2.184587531E+01      4.719451996E+03      0.000000000E+00      0.000000000E+00
    672      1.201523142E+01      4.731467227E+03      0.000000000E+00      0.000000000E+00
    673      1.321675457E+01      4.744683982E+03      0.000000000E+00      0.000000000E+00
    674      1.453843002E+01      4.759222412E+03      0.000000000E+00      0.000000000E+00
    675      1.599227302E+01      4.775214685E+03      0.000000000E+00      0.000000000E+00
    676      1.759150033E+01      4.792806185E+03      0.000000000E+00      0.000000000E+00
    677      1.935065036E+01      4.812156836E+03      0.000000000E+00      0.000000000E+00
    678      2.128571540E+01      4.833442551E+03      0.000000000E+00      0.000000000E+00
    679      1.170714347E+01      4.845149694E+03      0.000000000E+00      0.000000000E+00
    680      1.287785781E+01      4.858027552E+03      0.000000000E+00      0.000000000E+00
    681      1.416564360E+01      4.872193196E+03      0.000000000E+00      0.000000000E+00
    682      1.558220795E+01      4.887775404E+03      0.000000000E+00      0.000000000E+00
    683      1.714042875E+01      4.904915832E+03      0.000000000E+00      0.000000000E+00
    684      1.885447163E+01      4.923770304E+03      0.000000000E+00      0.000000000E+00
    685      2.073991879E+01      4.944510223E+03      0.000000000E+00      0.000000000E+00
    686      2.281391067E+01      4.967324134E+03      0.000000000E+00      0.000000000E+00
    687      1.254765087E+01      4.979871784E+03      0.000000000E+00      0.000000000E+00
    688      1.380241595E+01      4.993674200E+03      0.000000000E+00      0.000000000E+00
    689      1.518265755E+01      5.008856858E+03      0.000000000E+00      0.000000000E+00
    690      1.670092330E+01      5.025557781E+03      0.000000000E+00      0.000000000E+00
    691      1.837101563E+01      5.043928797E+03      0.000000000E+00      0.000000000E+00
    692      2.020811720E+01      5.064136914E+03      0.000000000E+00      0.000000000E+00
    693      2.222892892E+01      5.086365843E+03      0.000000000E+00      0.000000000E+00
    694      1.222591090E+01      5.098591754E+03      0.000000000E+00      0.000000000E+00
    695      1.344850199E+01      5.112040256E+03      0.000000000E+00      0.000000000E+00
    696      1.479335219E+01      5.126833608E+03      0.000000000E+00      0.000000000E+00
    697      1.627268741E+01      5.143106295E+03      0.000000000E+00      0.000000000E+00
    698      1.789995616E+01      5.161006252E+03      0.000000000E+00      0.000000000E+00
    699      1.968995177E+01      5.180696203E+03      0.000000000E+00      0.000000000E+00
    700      2.165894695E+01      5.202355150E+03      0.000000000E+00      0.000000000E+00
    701      2.382484164E+01      5.226179992E+03      0.000000000E+00      0.000000000E+00
    702      1.310366290E+01      5.239283655E+03      0.000000000E+00      0.000000000E+00
    703      1.441402919E+01      5.253697684E+03      0.000000000E+00      0.000000000E+00
    704      1.585543211E+01      5.269553116E+03      0.000000000E+00      0.000000000E+00
    705      1.744097532E+01      5.286994092E+03      0.000000000E+00      0.000000000E+00
    706      1.918507286E+01      5.306179164E+03      0.000000000E+00      0.000000000E+00
    707      2.110358014E+01      5.327282745E+03      0.000000000E+00      0.000000000E+00
    708      2.321393816E+01      5.350496683E+03      0.000000000E+00      0.000000000E+00
    709      1.276766599E+01      5.363264349E+03      0.000000000E+00      0.000000000E+00
    710      1.404443258E+01      5.377308781E+03      0.000000000E+00      0.000000000E+00
    711      1.544887584E+01      5.392757657E+03      0.000000000E+00      0.000000000E+00
    712      1.699376343E+01      5.409751421E+03      0.000000000E+00      0.000000000E+00
    713      1.869313977E+01      5.428444560E+03      0.000000000E+00      0.000000000E+00
    714      2.056245375E+01      5.449007014E+03      0.000000000E+00      0.000000000E+00
    715      2.261869912E+01      5.471625713E+03      0.000000000E+00      0.000000000E+00
    716      1.244028452E+01      5.484065998E+03      0.000000000E+00      0.000000000E+00
    717      1.368431297E+01      5.497750311E+03      0.000000000E+00      0.000000000E+00
    718      1.505274427E+01      5.512803055E+03      0.000000000E+00      0.000000000E+00
    719      1.655801869E+01      5.529361074E+03      0.000000000E+00      0.000000000E+00
    720      1.821382056E+01      5.547574894E+03      0.000000000E+00      0.000000000E+00
    721      2.003520262E+01      5.567610097E+03      0.000000000E+00      0.000000000E+00
    722      2.203872288E+01      5.589648820E+03      0.000000000E+00      0.000000000E+00
    723      2.424259517E+01      5.613891415E+03      0.000000000E+00      0.000000000E+00
    724      1.333342734E+01      5.627224842E+03      0.000000000E+00      0.000000000E+00
    725      1.466677008E+01      5.641891612E+03      0.000000000E+00      0.000000000E+00
    726      1.613344708E+01      5.658025059E+03      0.000000000E+00      0.000000000E+00
    727      1.774679179E+01      5.675771851E+03      0.000000000E+00      0.000000000E+00
    728      1.952147097E+01      5.695293322E+03      0.000000000E+00      0.000000000E+00
    729      2.147361807E+01      5.716766940E+03      0.000000000E+00      0.000000000E+00
    730      2.362097988E+01      5.740387920E+03      0.000000000E+00      0.000000000E+00
    731      1.299153893E+01      5.753379459E+03      0.000000000E+00      0.000000000E+00
    732      1.429069282E+01      5.767670152E+03      0.000000000E+00      0.000000000E+00
    733      1.571976211E+01      5.783389914E+03      0.000000000E+00      0.000000000E+00
    734      1.729173832E+01      5.800681652E+03      0.000000000E+00      0.000000000E+00
    735      1.902091215E+01      5.819702564E+03      0.000000000E+00      0.000000000E+00
    736      2.092300336E+01      5.840625568E+03      0.000000000E+00      0.000000000E+00
    737      2.301530370E+01      5.863640871E+03      0.000000000E+00      0.000000000E+00
    738      2.531683407E+01      5.888957706E+03      0.000000000E+00      0.000000000E+00
    739      1.392425874E+01      5.902881964E+03      0.000000000E+00      0.000000000E+00
    740      1.531668461E+01      5.918198649E+03      0.000000000E+00      0.000000000E+00
    741      1.684835307E+01      5.935047002E+03      0.000000000E+00      0.000000000E+00
    742      1.853318838E+01      5.953580190E+03      0.000000000E+00      0.000000000E+00
    743      2.038650722E+01      5.973966698E+03      0.000000000E+00      0.000000000E+00
    744      2.242515794E+01      5.996391856E+03      0.000000000E+00      0.000000000E+00
    745      2.466767374E+01      6.021059529E+03      0.000000000E+00      0.000000000E+00
    746      1.356722056E+01      6.034626750E+03      0.000000000E+00      0.000000000E+00
    747      1.492394261E+01      6.049550692E+03      0.000000000E+00      0.000000000E+00
    748      1.641633687E+01      6.065967029E+03      0.000000000E+00      0.000000000E+00
    749      1.805797056E+01      6.084025000E+03      0.000000000E+00      0.000000000E+00
    750      1.986376761E+01      6.103888767E+03      0.000000000E+00      0.000000000E+00
    751      2.185014438E+01      6.125738912E+03      0.000000000E+00      0.000000000E+00
    752      2.403515881E+01      6.149774071E+03      0.000000000E+00      0.000000000E+00
    753      2.643867470E+01      6.176212745E+03      0.000000000E+00      0.000000000E+00
    754      1.454127108E+01      6.190754016E+03      0.000000000E+00      0.000000000E+00
    755      1.599539819E+01      6.206749415E+03      0.000000000E+00      0.000000000E+00
    756      1.759493801E+01      6.224344353E+03      0.000000000E+00      0.000000000E+00
    757      1.935443181E+01      6.243698784E+03      0.000000000E+00      0.000000000E+00
    758      2.128987499E+01      6.264988659E+03      0.000000000E+00      0.000000000E+00
    759      2.341886249E+01      6.288407522E+03      0.000000000E+00      0.000000000E+00
    760      2.576074874E+01      6.314168271E+03      0.000000000E+00      0.000000000E+00
    761      1.416841181E+01      6.328336682E+03      0.000000000E+00      0.000000000E+00
    762      1.558525299E+01      6.343921935E+03      0.000000000E+00      0.000000000E+00
    763      1.714377829E+01      6.361065714E+03      0.000000000E+00      0.000000000E+00
    764      1.885815612E+01      6.379923870E+03      0.000000000E+00      0.000000000E+00
    765      2.074397173E+01      6.400667842E+03      0.000000000E+00      0.000000000E+00
    766      2.281836890E+01      6.423486210E+03      0.000000000E+00      0.000000000E+00
    767      2.510020579E+01      6.448586416E+03      0.000000000E+00      0.000000000E+00
    768      2.761022637E+01      6.476196643E+03      0.000000000E+00      0.000000000E+00
    769      1.518562450E+01      6.491382267E+03      0.000000000E+00      0.000000000E+00
    770      1.670418695E+01      6.508086454E+03      0.000000000E+00      0.000000000E+00
    771      1.837460565E+01      6.526461060E+03      0.000000000E+00      0.000000000E+00
    772      2.021206621E+01      6.546673126E+03      0.000000000E+00      0.000000000E+00
    773      2.223327283E+01      6.568906399E+03      0.000000000E+00      0.000000000E+00
    774      2.445660012E+01      6.593362999E+03      0.000000000E+00      0.000000000E+00
    775      2.690226013E+01      6.620265259E+03      0.000000000E+00      0.000000000E+00
    776      1.479624307E+01      6.635061502E+03      0.000000000E+00      0.000000000E+00
    777      1.627586738E+01      6.651337369E+03      0.000000000E+00      0.000000000E+00
    778      1.790345412E+01      6.669240824E+03      0.000000000E+00      0.000000000E+00
    779      1.969379953E+01      6.688934623E+03      0.000000000E+00      0.000000000E+00
    780      2.166317948E+01      6.710597803E+03      0.000000000E+00      0.000000000E+00
    781      2.382949743E+01      6.734427300E+03      0.000000000E+00      0.000000000E+00
    782      2.621244717E+01      6.760639747E+03      0.000000000E+00      0.000000000E+00
    783      2.883369189E+01      6.789473439E+03      0.000000000E+00      0.000000000E+00
    784      1.585853054E+01      6.805331970E+03      0.000000000E+00      0.000000000E+00
    785      1.744438359E+01      6.822776353E+03      0.000000000E+00      0.000000000E+00
    786      1.918882195E+01      6.841965175E+03      0.000000000E+00      0.000000000E+00
    787      2.110770415E+01      6.863072879E+03      0.000000000E+00      0.000000000E+00
    788      2.321847456E+01      6.886291354E+03      0.000000000E+00      0.000000000E+00
    789      2.554032202E+01      6.911831676E+03      0.000000000E+00      0.000000000E+00
    790      2.809435422E+01      6.939926030E+03      0.000000000E+00      0.000000000E+00
    791      1.545189482E+01      6.955377925E+03      0.000000000E+00      0.000000000E+00
    792      1.699708430E+01      6.972375009E+03      0.000000000E+00      0.000000000E+00
    793      1.869679273E+01      6.991071802E+03      0.000000000E+00      0.000000000E+00
    794      2.056647201E+01      7.011638274E+03      0.000000000E+00      0.000000000E+00
    795      2.262311921E+01      7.034261393E+03      0.000000000E+00      0.000000000E+00
    796      2.488543113E+01      7.059146824E+03      0.000000000E+00      0.000000000E+00
    797      2.737397424E+01      7.086520799E+03      0.000000000E+00      0.000000000E+00
    798      3.011137166E+01      7.116632170E+03      0.000000000E+00      0.000000000E+00
    799      1.656125442E+01      7.133193425E+03      0.000000000E+00      0.000000000E+00
    800      1.821737986E+01      7.151410804E+03      0.000000000E+00      0.000000000E+00
    801      2.003911784E+01      7.171449922E+03      0.000000000E+00      0.000000000E+00
    802      1.427503883E+01      7.185724961E+03      0.000000000E+00      0.000000000E+00
    803      1.427503883E+01      7.200000000E+03      0.000000000E+00      0.000000000E+00
