#       1
#          TIME              381
  5.00000000E+00  0.00000000E+00  0.00000000E+00  0.00000000E+00  0.00000000E+00
  7.75000000E+00  0.00000000E+00  0.00000000E+00  0.00000000E+00  0.00000000E+00
  9.26250000E+00  0.00000000E+00  0.00000000E+00  0.00000000E+00  0.00000000E+00
  1.09262500E+01  0.00000000E+00  0.00000000E+00  0.00000000E+00  0.00000000E+00
  1.27563750E+01  0.00000000E+00  0.00000000E+00  0.00000000E+00  0.00000000E+00
  1.47695125E+01  0.00000000E+00  0.00000000E+00  0.00000000E+00  0.00000000E+00
  1.69839638E+01  0.00000000E+00  0.00000000E+00  0.00000000E+00  0.00000000E+00
  1.94198601E+01  0.00000000E+00  0.00000000E+00  0.00000000E+00  0.00000000E+00
  2.20993461E+01  0.00000000E+00  0.00000000E+00  0.00000000E+00  0.00000000E+00
  2.35730634E+01  0.00000000E+00  0.00000000E+00  0.00000000E+00  0.00000000E+00
  2.51941525E+01  0.00000000E+00  0.00000000E+00  0.00000000E+00  0.00000000E+00
  2.69773504E+01  0.00000000E+00  0.00000000E+00  0.00000000E+00  0.00000000E+00
  2.89388682E+01  0.00000000E+00  0.00000000E+00  0.00000000E+00  0.00000000E+00
  3.10965377E+01  0.00000000E+00  0.00000000E+00  0.00000000E+00  0.00000000E+00
  3.34699741E+01  0.00000000E+00  0.00000000E+00  0.00000000E+00  0.00000000E+00
  3.60807542E+01  0.00000000E+00  0.00000000E+00  0.00000000E+00  0.00000000E+00
  3.89526123E+01  0.00000000E+00  0.00000000E+00  0.00000000E+00  0.00000000E+00
  4.05321343E+01  0.00000000E+00  0.00000000E+00  0.00000000E+00  0.00000000E+00
  4.22696085E+01  0.00000000E+00  0.00000000E+00  0.00000000E+00  0.00000000E+00
  4.41808301E+01  0.00000000E+00  0.00000000E+00  0.00000000E+00  0.00000000E+00
  4.62831738E+01  0.00000000E+00  0.00000000E+00  0.00000000E+00  0.00000000E+00
  4.85957519E+01  0.00000000E+00  0.00000000E+00  0.00000000E+00  0.00000000E+00
  5.11395878E+01  0.00000000E+00  0.00000000E+00  0.00000000E+00  0.00000000E+00
  5.39378073E+01  0.00000000E+00  0.00000000E+00  0.00000000E+00  0.00000000E+00
  5.54768281E+01  0.00000000E+00  0.00000000E+00  0.00000000E+00  0.00000000E+00
  5.71697509E+01  0.00000000E+00  0.00000000E+00  0.00000000E+00  0.00000000E+00
  5.90319659E+01  0.00000000E+00  0.00000000E+00  0.00000000E+00  0.00000000E+00
  6.10804025E+01  0.00000000E+00  0.00000000E+00  0.00000000E+00  0.00000000E+00
  6.33336828E+01  0.00000000E+00  0.00000000E+00  0.00000000E+00  0.00000000E+00
  6.58122911E+01  0.00000000E+00  0.00000000E+00  0.00000000E+00  0.00000000E+00
  6.85387602E+01  0.00000000E+00  0.00000000E+00  0.00000000E+00  0.00000000E+00
  7.15378762E+01  0.00000000E+00  0.00000000E+00  0.00000000E+00  0.00000000E+00
  7.31873900E+01  0.00000000E+00  0.00000000E+00  0.00000000E+00  0.00000000E+00
  7.50018552E+01  0.00000000E+00  0.00000000E+00  0.00000000E+00  0.00000000E+00
  7.69977669E+01  0.00000000E+00  0.00000000E+00  0.00000000E+00  0.00000000E+00
  7.91932698E+01  0.00000000E+00  0.00000000E+00  0.00000000E+00  0.00000000E+00
  8.16083229E+01  0.00000000E+00  0.00000000E+00  0.00000000E+00  0.00000000E+00
  8.42648814E+01  0.00000000E+00  0.00000000E+00  0.00000000E+00  0.00000000E+00
  8.71870957E+01  0.00000000E+00  0.00000000E+00  0.00000000E+00  0.00000000E+00
  8.87943136E+01  0.00000000E+00  0.00000000E+00  0.00000000E+00  0.00000000E+00
  9.05622533E+01  0.00000000E+00  0.00000000E+00  0.00000000E+00  0.00000000E+00
  9.25069869E+01  0.00000000E+00  0.00000000E+00  0.00000000E+00  0.00000000E+00
  9.46461939E+01  0.00000000E+00  0.00000000E+00  0.00000000E+00  0.00000000E+00
  9.69993216E+01  0.00000000E+00  0.00000000E+00  0.00000000E+00  0.00000000E+00
  9.95877621E+01  0.00000000E+00  0.00000000E+00  0.00000000E+00  0.00000000E+00
  1.02435047E+02  0.00000000E+00  0.00000000E+00  0.00000000E+00  0.00000000E+00
  1.05567060E+02  0.00000000E+00  0.00000000E+00  0.00000000E+00  0.00000000E+00
  1.07289667E+02  0.00000000E+00  0.00000000E+00  0.00000000E+00  0.00000000E+00
  1.09184535E+02  0.00000000E+00  0.00000000E+00  0.00000000E+00  0.00000000E+00
  1.11268889E+02  0.00000000E+00  0.00000000E+00  0.00000000E+00  0.00000000E+00
  1.13561679E+02  0.00000000E+00  0.00000000E+00  0.00000000E+00  0.00000000E+00
  1.16083748E+02  0.00000000E+00  0.00000000E+00  0.00000000E+00  0.00000000E+00
  1.18858024E+02  0.00000000E+00  0.00000000E+00  0.00000000E+00  0.00000000E+00
  1.21909728E+02  0.00000000E+00  0.00000000E+00  0.00000000E+00  0.00000000E+00
  1.23588165E+02  0.00000000E+00  0.00000000E+00  0.00000000E+00  0.00000000E+00
  1.25434446E+02  0.00000000E+00  0.00000000E+00  0.00000000E+00  0.00000000E+00
  1.27465354E+02  0.00000000E+00  0.00000000E+00  0.00000000E+00  0.00000000E+00
  1.29699354E+02  0.00000000E+00  0.00000000E+00  0.00000000E+00  0.00000000E+00
  1.32156754E+02  0.00000000E+00  0.00000000E+00  0.00000000E+00  0.00000000E+00
  1.34859893E+02  0.00000000E+00  0.00000000E+00  0.00000000E+00  0.00000000E+00
  1.37833347E+02  0.00000000E+00  0.00000000E+00  0.00000000E+00  0.00000000E+00
  1.41104146E+02  0.00000000E+00  0.00000000E+00  0.00000000E+00  0.00000000E+00
  1.42903085E+02  0.00000000E+00  0.00000000E+00  0.00000000E+00  0.00000000E+00
  1.44881918E+02  0.00000000E+00  0.00000000E+00  0.00000000E+00  0.00000000E+00
  1.47058635E+02  0.00000000E+00  0.00000000E+00  0.00000000E+00  0.00000000E+00
  1.49453023E+02  0.00000000E+00  0.00000000E+00  0.00000000E+00  0.00000000E+00
  1.52086850E+02  0.00000000E+00  0.00000000E+00  0.00000000E+00  0.00000000E+00
  1.54984060E+02  0.00000000E+00  0.00000000E+00  0.00000000E+00  0.00000000E+00
  1.58170991E+02  0.00000000E+00  0.00000000E+00  0.00000000E+00  0.00000000E+00
  1.61676615E+02  0.00000000E+00  0.00000000E+00  0.00000000E+00  0.00000000E+00
  1.63604708E+02  0.00000000E+00  0.00000000E+00  0.00000000E+00  0.00000000E+00
  1.65725611E+02  0.00000000E+00  0.00000000E+00  0.00000000E+00  0.00000000E+00
  1.68058603E+02  0.00000000E+00  0.00000000E+00  0.00000000E+00  0.00000000E+00
  1.70624895E+02  0.00000000E+00  0.00000000E+00  0.00000000E+00  0.00000000E+00
  1.73447817E+02  0.00000000E+00  0.00000000E+00  0.00000000E+00  0.00000000E+00
  1.76553030E+02  0.00000000E+00  0.00000000E+00  0.00000000E+00  0.00000000E+00
  1.79968764E+02  0.00000000E+00  0.00000000E+00  0.00000000E+00  0.00000000E+00
  1.81847419E+02  0.00000000E+00  0.00000000E+00  0.00000000E+00  0.00000000E+00
  1.83913938E+02  0.00000000E+00  0.00000000E+00  0.00000000E+00  0.00000000E+00
  1.86187109E+02  0.00000000E+00  0.00000000E+00  0.00000000E+00  0.00000000E+00
  1.88687598E+02  0.00000000E+00  0.00000000E+00  0.00000000E+00  0.00000000E+00
  1.91438135E+02  0.00000000E+00  0.00000000E+00  0.00000000E+00  0.00000000E+00
  1.94463726E+02  0.00000000E+00  0.00000000E+00  0.00000000E+00  0.00000000E+00
  1.97791877E+02  0.00000000E+00  0.00000000E+00  0.00000000E+00  0.00000000E+00
  2.01452842E+02  0.00000000E+00  0.00000000E+00  0.00000000E+00  0.00000000E+00
  2.03466373E+02  0.00000000E+00  0.00000000E+00  0.00000000E+00  0.00000000E+00
  2.05681257E+02  0.00000000E+00  0.00000000E+00  0.00000000E+00  0.00000000E+00
  2.08117629E+02  0.00000000E+00  0.00000000E+00  0.00000000E+00  0.00000000E+00
  2.10797639E+02  0.00000000E+00  0.00000000E+00  0.00000000E+00  0.00000000E+00
  2.13745650E+02  0.00000000E+00  0.00000000E+00  0.00000000E+00  0.00000000E+00
  2.16988461E+02  0.00000000E+00  0.00000000E+00  0.00000000E+00  0.00000000E+00
  2.20555554E+02  0.00000000E+00  0.00000000E+00  0.00000000E+00  0.00000000E+00
  2.22517455E+02  0.00000000E+00  0.00000000E+00  0.00000000E+00  0.00000000E+00
  2.24675546E+02  0.00000000E+00  0.00000000E+00  0.00000000E+00  0.00000000E+00
  2.27049446E+02  0.00000000E+00  0.00000000E+00  0.00000000E+00  0.00000000E+00
  2.29660737E+02  0.00000000E+00  0.00000000E+00  0.00000000E+00  0.00000000E+00
  2.32533156E+02  0.00000000E+00  0.00000000E+00  0.00000000E+00  0.00000000E+00
  2.35692817E+02  0.00000000E+00  0.00000000E+00  0.00000000E+00  0.00000000E+00
  2.39168445E+02  0.00000000E+00  0.00000000E+00  0.00000000E+00  0.00000000E+00
  2.42991635E+02  0.00000000E+00  0.00000000E+00  0.00000000E+00  0.00000000E+00
  2.45094389E+02  0.00000000E+00  0.00000000E+00  0.00000000E+00  0.00000000E+00
  2.47407419E+02  0.00000000E+00  0.00000000E+00  0.00000000E+00  0.00000000E+00
  2.49951752E+02  0.00000000E+00  0.00000000E+00  0.00000000E+00  0.00000000E+00
  2.52750519E+02  0.00000000E+00  0.00000000E+00  0.00000000E+00  0.00000000E+00
  2.55829162E+02  0.00000000E+00  0.00000000E+00  0.00000000E+00  0.00000000E+00
  2.59215669E+02  0.00000000E+00  0.00000000E+00  0.00000000E+00  0.00000000E+00
  2.62940827E+02  0.00000000E+00  0.00000000E+00  0.00000000E+00  0.00000000E+00
  2.64989664E+02  0.00000000E+00  0.00000000E+00  0.00000000E+00  0.00000000E+00
  2.67243385E+02  0.00000000E+00  0.00000000E+00  0.00000000E+00  0.00000000E+00
  2.69722477E+02  0.00000000E+00  0.00000000E+00  0.00000000E+00  0.00000000E+00
  2.72449479E+02  0.00000000E+00  0.00000000E+00  0.00000000E+00  0.00000000E+00
  2.75449181E+02  0.00000000E+00  0.00000000E+00  0.00000000E+00  0.00000000E+00
  2.78748853E+02  0.00000000E+00  0.00000000E+00  0.00000000E+00  0.00000000E+00
  2.82378493E+02  0.00000000E+00  0.00000000E+00  0.00000000E+00  0.00000000E+00
  2.86371096E+02  0.00000000E+00  0.00000000E+00  0.00000000E+00  0.00000000E+00
  2.88567028E+02  0.00000000E+00  0.00000000E+00  0.00000000E+00  0.00000000E+00
  2.90982553E+02  0.00000000E+00  0.00000000E+00  0.00000000E+00  0.00000000E+00
  2.93639631E+02  0.00000000E+00  0.00000000E+00  0.00000000E+00  0.00000000E+00
  2.96562416E+02  0.00000000E+00  0.00000000E+00  0.00000000E+00  0.00000000E+00
  2.99777480E+02  0.00000000E+00  0.00000000E+00  0.00000000E+00  0.00000000E+00
  3.03314051E+02  0.00000000E+00  0.00000000E+00  0.00000000E+00  0.00000000E+00
  3.07204278E+02  0.00000000E+00  0.00000000E+00  0.00000000E+00  0.00000000E+00
  3.09343903E+02  0.00000000E+00  0.00000000E+00  0.00000000E+00  0.00000000E+00
  3.11697491E+02  0.00000000E+00  0.00000000E+00  0.00000000E+00  0.00000000E+00
  3.14286437E+02  0.00000000E+00  0.00000000E+00  0.00000000E+00  0.00000000E+00
  3.17134278E+02  0.00000000E+00  0.00000000E+00  0.00000000E+00  0.00000000E+00
  3.20266903E+02  0.00000000E+00  0.00000000E+00  0.00000000E+00  0.00000000E+00
  3.23712790E+02  0.00000000E+00  0.00000000E+00  0.00000000E+00  0.00000000E+00
  3.27503267E+02  0.00000000E+00  0.00000000E+00  0.00000000E+00  0.00000000E+00
  3.31672791E+02  0.00000000E+00  0.00000000E+00  0.00000000E+00  0.00000000E+00
  3.33966029E+02  0.00000000E+00  0.00000000E+00  0.00000000E+00  0.00000000E+00
  3.36488591E+02  0.00000000E+00  0.00000000E+00  0.00000000E+00  0.00000000E+00
  3.39263409E+02  0.00000000E+00  0.00000000E+00  0.00000000E+00  0.00000000E+00
  3.42315709E+02  0.00000000E+00  0.00000000E+00  0.00000000E+00  0.00000000E+00
  3.45673239E+02  0.00000000E+00  0.00000000E+00  0.00000000E+00  0.00000000E+00
  3.49366522E+02  0.00000000E+00  0.00000000E+00  0.00000000E+00  0.00000000E+00
  3.53429133E+02  0.00000000E+00  0.00000000E+00  0.00000000E+00  0.00000000E+00
  3.55663569E+02  0.00000000E+00  0.00000000E+00  0.00000000E+00  0.00000000E+00
  3.58121449E+02  0.00000000E+00  0.00000000E+00  0.00000000E+00  0.00000000E+00
  3.60825117E+02  0.00000000E+00  0.00000000E+00  0.00000000E+00  0.00000000E+00
  3.63799151E+02  0.00000000E+00  0.00000000E+00  0.00000000E+00  0.00000000E+00
  3.67070589E+02  0.00000000E+00  0.00000000E+00  0.00000000E+00  0.00000000E+00
  3.70669171E+02  0.00000000E+00  0.00000000E+00  0.00000000E+00  0.00000000E+00
  3.74627611E+02  0.00000000E+00  0.00000000E+00  0.00000000E+00  0.00000000E+00
  3.78981895E+02  0.00000000E+00  0.00000000E+00  0.00000000E+00  0.00000000E+00
  3.81376752E+02  0.00000000E+00  0.00000000E+00  0.00000000E+00  0.00000000E+00
  3.84011093E+02  0.00000000E+00  0.00000000E+00  0.00000000E+00  0.00000000E+00
  3.86908869E+02  0.00000000E+00  0.00000000E+00  0.00000000E+00  0.00000000E+00
  3.90096423E+02  0.00000000E+00  0.00000000E+00  0.00000000E+00  0.00000000E+00
  3.93602732E+02  0.00000000E+00  0.00000000E+00  0.00000000E+00  0.00000000E+00
  3.97459672E+02  0.00000000E+00  0.00000000E+00  0.00000000E+00  0.00000000E+00
  4.01702306E+02  0.00000000E+00  0.00000000E+00  0.00000000E+00  0.00000000E+00
  4.04035754E+02  0.00000000E+00  0.00000000E+00  0.00000000E+00  0.00000000E+00
  4.06602548E+02  0.00000000E+00  0.00000000E+00  0.00000000E+00  0.00000000E+00
  4.09426021E+02  0.00000000E+00  0.00000000E+00  0.00000000E+00  0.00000000E+00
  4.12531841E+02  0.00000000E+00  0.00000000E+00  0.00000000E+00  0.00000000E+00
  4.15948243E+02  0.00000000E+00  0.00000000E+00  0.00000000E+00  0.00000000E+00
  4.19706285E+02  0.00000000E+00  0.00000000E+00  0.00000000E+00  0.00000000E+00
  4.23840132E+02  0.00000000E+00  0.00000000E+00  0.00000000E+00  0.00000000E+00
  4.28387363E+02  0.00000000E+00  0.00000000E+00  0.00000000E+00  0.00000000E+00
  4.30888340E+02  0.00000000E+00  0.00000000E+00  0.00000000E+00  0.00000000E+00
  4.33639415E+02  0.00000000E+00  0.00000000E+00  0.00000000E+00  0.00000000E+00
  4.36665598E+02  0.00000000E+00  0.00000000E+00  0.00000000E+00  0.00000000E+00
  4.39994398E+02  0.00000000E+00  0.00000000E+00  0.00000000E+00  0.00000000E+00
  4.43656079E+02  0.00000000E+00  0.00000000E+00  0.00000000E+00  0.00000000E+00
  4.47683928E+02  0.00000000E+00  0.00000000E+00  0.00000000E+00  0.00000000E+00
  4.52114561E+02  0.00000000E+00  0.00000000E+00  0.00000000E+00  0.00000000E+00
  4.56988258E+02  0.00000000E+00  0.00000000E+00  0.00000000E+00  0.00000000E+00
  4.59668792E+02  0.00000000E+00  0.00000000E+00  0.00000000E+00  0.00000000E+00
  4.62617378E+02  0.00000000E+00  0.00000000E+00  0.00000000E+00  0.00000000E+00
  4.65860824E+02  0.00000000E+00  0.00000000E+00  0.00000000E+00  0.00000000E+00
  4.69428614E+02  0.00000000E+00  0.00000000E+00  0.00000000E+00  0.00000000E+00
  4.73353182E+02  0.00000000E+00  0.00000000E+00  0.00000000E+00  0.00000000E+00
  4.77670208E+02  0.00000000E+00  0.00000000E+00  0.00000000E+00  0.00000000E+00
  4.82418937E+02  0.00000000E+00  0.00000000E+00  0.00000000E+00  0.00000000E+00
  4.85030737E+02  0.00000000E+00  0.00000000E+00  0.00000000E+00  0.00000000E+00
  4.87903718E+02  0.00000000E+00  0.00000000E+00  0.00000000E+00  0.00000000E+00
  4.91063997E+02  0.00000000E+00  0.00000000E+00  0.00000000E+00  0.00000000E+00
  4.94540303E+02  0.00000000E+00  0.00000000E+00  0.00000000E+00  0.00000000E+00
  4.98364240E+02  0.00000000E+00  0.00000000E+00  0.00000000E+00  0.00000000E+00
  5.02570571E+02  0.00000000E+00  0.00000000E+00  0.00000000E+00  0.00000000E+00
  5.07197535E+02  0.00000000E+00  0.00000000E+00  0.00000000E+00  0.00000000E+00
  5.12287196E+02  0.00000000E+00  0.00000000E+00  0.00000000E+00  0.00000000E+00
  5.15086509E+02  0.00000000E+00  0.00000000E+00  0.00000000E+00  0.00000000E+00
  5.18165754E+02  0.00000000E+00  0.00000000E+00  0.00000000E+00  0.00000000E+00
  5.21552923E+02  0.00000000E+00  0.00000000E+00  0.00000000E+00  0.00000000E+00
  5.25278809E+02  0.00000000E+00  0.00000000E+00  0.00000000E+00  0.00000000E+00
  5.29377283E+02  0.00000000E+00  0.00000000E+00  0.00000000E+00  0.00000000E+00
  5.33885605E+02  0.00000000E+00  0.00000000E+00  0.00000000E+00  0.00000000E+00
  5.38844759E+02  0.00000000E+00  0.00000000E+00  0.00000000E+00  0.00000000E+00
  5.41572294E+02  0.00000000E+00  0.00000000E+00  0.00000000E+00  0.00000000E+00
  5.44572582E+02  0.00000000E+00  0.00000000E+00  0.00000000E+00  0.00000000E+00
  5.47872900E+02  0.00000000E+00  0.00000000E+00  0.00000000E+00  0.00000000E+00
  5.51503248E+02  0.00000000E+00  0.00000000E+00  0.00000000E+00  0.00000000E+00
  5.55496632E+02  0.00000000E+00  0.00000000E+00  0.00000000E+00  0.00000000E+00
  5.59889354E+02  0.00000000E+00  0.00000000E+00  0.00000000E+00  0.00000000E+00
  5.64721349E+02  0.00000000E+00  0.00000000E+00  0.00000000E+00  0.00000000E+00
  5.70036542E+02  0.00000000E+00  0.00000000E+00  0.00000000E+00  0.00000000E+00
  5.72959899E+02  0.00000000E+00  0.00000000E+00  0.00000000E+00  0.00000000E+00
  5.76175591E+02  0.00000000E+00  0.00000000E+00  0.00000000E+00  0.00000000E+00
  5.79712852E+02  0.00000000E+00  0.00000000E+00  0.00000000E+00  0.00000000E+00
  5.83603840E+02  0.00000000E+00  0.00000000E+00  0.00000000E+00  0.00000000E+00
  5.87883926E+02  0.00000000E+00  0.00000000E+00  0.00000000E+00  0.00000000E+00
  5.92592021E+02  0.00000000E+00  0.00000000E+00  0.00000000E+00  0.00000000E+00
  5.97770926E+02  0.00000000E+00  0.00000000E+00  0.00000000E+00  0.00000000E+00
  6.00619323E+02  0.00000000E+00  0.00000000E+00  0.00000000E+00  0.00000000E+00
  6.03752560E+02  0.00000000E+00  0.00000000E+00  0.00000000E+00  0.00000000E+00
  6.07199121E+02  0.00000000E+00  0.00000000E+00  0.00000000E+00  0.00000000E+00
  6.10990338E+02  0.00000000E+00  0.00000000E+00  0.00000000E+00  0.00000000E+00
  6.15160677E+02  0.00000000E+00  0.00000000E+00  0.00000000E+00  0.00000000E+00
  6.19748049E+02  0.00000000E+00  0.00000000E+00  0.00000000E+00  0.00000000E+00
  6.24794159E+02  0.00000000E+00  0.00000000E+00  0.00000000E+00  0.00000000E+00
  6.30344880E+02  0.00000000E+00  0.00000000E+00  0.00000000E+00  0.00000000E+00
  6.33397777E+02  0.00000000E+00  0.00000000E+00  0.00000000E+00  0.00000000E+00
  6.36755963E+02  0.00000000E+00  0.00000000E+00  0.00000000E+00  0.00000000E+00
  6.40449967E+02  0.00000000E+00  0.00000000E+00  0.00000000E+00  0.00000000E+00
  6.44513373E+02  0.00000000E+00  0.00000000E+00  0.00000000E+00  0.00000000E+00
  6.48983118E+02  0.00000000E+00  0.00000000E+00  0.00000000E+00  0.00000000E+00
  6.53899838E+02  0.00000000E+00  0.00000000E+00  0.00000000E+00  0.00000000E+00
  6.59308231E+02  0.00000000E+00  0.00000000E+00  0.00000000E+00  0.00000000E+00
  6.62282846E+02  0.00000000E+00  0.00000000E+00  0.00000000E+00  0.00000000E+00
  6.65554924E+02  0.00000000E+00  0.00000000E+00  0.00000000E+00  0.00000000E+00
  6.69154209E+02  0.00000000E+00  0.00000000E+00  0.00000000E+00  0.00000000E+00
  6.73113422E+02  0.00000000E+00  0.00000000E+00  0.00000000E+00  0.00000000E+00
  6.77468557E+02  0.00000000E+00  0.00000000E+00  0.00000000E+00  0.00000000E+00
  6.82259206E+02  0.00000000E+00  0.00000000E+00  0.00000000E+00  0.00000000E+00
  6.87528919E+02  0.00000000E+00  0.00000000E+00  0.00000000E+00  0.00000000E+00
  6.93325604E+02  0.00000000E+00  0.00000000E+00  0.00000000E+00  0.00000000E+00
  6.96513780E+02  0.00000000E+00  0.00000000E+00  0.00000000E+00  0.00000000E+00
  7.00020774E+02  0.00000000E+00  0.00000000E+00  0.00000000E+00  0.00000000E+00
  7.03878468E+02  0.00000000E+00  0.00000000E+00  0.00000000E+00  0.00000000E+00
  7.08121931E+02  0.00000000E+00  0.00000000E+00  0.00000000E+00  0.00000000E+00
  7.12789740E+02  0.00000000E+00  0.00000000E+00  0.00000000E+00  0.00000000E+00
  7.17924330E+02  0.00000000E+00  0.00000000E+00  0.00000000E+00  0.00000000E+00
  7.23572379E+02  0.00000000E+00  0.00000000E+00  0.00000000E+00  0.00000000E+00
  7.26678807E+02  0.00000000E+00  0.00000000E+00  0.00000000E+00  0.00000000E+00
  7.30095876E+02  0.00000000E+00  0.00000000E+00  0.00000000E+00  0.00000000E+00
  7.33854653E+02  0.00000000E+00  0.00000000E+00  0.00000000E+00  0.00000000E+00
  7.37989307E+02  0.00000000E+00  0.00000000E+00  0.00000000E+00  0.00000000E+00
  7.42537427E+02  0.00000000E+00  0.00000000E+00  0.00000000E+00  0.00000000E+00
  7.47540359E+02  0.00000000E+00  0.00000000E+00  0.00000000E+00  0.00000000E+00
  7.53043584E+02  0.00000000E+00  0.00000000E+00  0.00000000E+00  0.00000000E+00
  7.59097132E+02  0.00000000E+00  0.00000000E+00  0.00000000E+00  0.00000000E+00
  7.62426583E+02  0.00000000E+00  0.00000000E+00  0.00000000E+00  0.00000000E+00
  7.66088979E+02  0.00000000E+00  0.00000000E+00  0.00000000E+00  0.00000000E+00
  7.70117615E+02  0.00000000E+00  0.00000000E+00  0.00000000E+00  0.00000000E+00
  7.74549114E+02  0.00000000E+00  0.00000000E+00  0.00000000E+00  0.00000000E+00
  7.79423764E+02  0.00000000E+00  0.00000000E+00  0.00000000E+00  0.00000000E+00
  7.84785878E+02  0.00000000E+00  0.00000000E+00  0.00000000E+00  0.00000000E+00
  7.90684204E+02  0.00000000E+00  0.00000000E+00  0.00000000E+00  0.00000000E+00
  7.93928283E+02  0.00000000E+00  0.00000000E+00  0.00000000E+00  0.00000000E+00
  7.97496770E+02  0.00000000E+00  0.00000000E+00  0.00000000E+00  0.00000000E+00
  8.01422106E+02  0.00000000E+00  0.00000000E+00  0.00000000E+00  0.00000000E+00
  8.05739975E+02  0.00000000E+00  0.00000000E+00  0.00000000E+00  0.00000000E+00
  8.10489632E+02  0.00000000E+00  0.00000000E+00  0.00000000E+00  0.00000000E+00
  8.15714254E+02  0.00000000E+00  0.00000000E+00  0.00000000E+00  0.00000000E+00
  8.21461338E+02  0.00000000E+00  0.00000000E+00  0.00000000E+00  0.00000000E+00
  8.27783130E+02  0.00000000E+00  0.00000000E+00  0.00000000E+00  0.00000000E+00
  8.31260116E+02  0.00000000E+00  0.00000000E+00  0.00000000E+00  0.00000000E+00
  8.35084801E+02  0.00000000E+00  0.00000000E+00  0.00000000E+00  0.00000000E+00
  8.39291954E+02  0.00000000E+00  0.00000000E+00  0.00000000E+00  0.00000000E+00
  8.43919822E+02  0.00000000E+00  0.00000000E+00  0.00000000E+00  0.00000000E+00
  8.49010477E+02  0.00000000E+00  0.00000000E+00  0.00000000E+00  0.00000000E+00
  8.54610198E+02  0.00000000E+00  0.00000000E+00  0.00000000E+00  0.00000000E+00
  8.60769890E+02  0.00000000E+00  0.00000000E+00  0.00000000E+00  0.00000000E+00
  8.64157721E+02  0.00000000E+00  0.00000000E+00  0.00000000E+00  0.00000000E+00
  8.67884335E+02  0.00000000E+00  0.00000000E+00  0.00000000E+00  0.00000000E+00
  8.71983611E+02  0.00000000E+00  0.00000000E+00  0.00000000E+00  0.00000000E+00
  8.76492814E+02  0.00000000E+00  0.00000000E+00  0.00000000E+00  0.00000000E+00
  8.81452937E+02  0.00000000E+00  0.00000000E+00  0.00000000E+00  0.00000000E+00
  8.86909073E+02  0.00000000E+00  0.00000000E+00  0.00000000E+00  0.00000000E+00
  8.92910822E+02  0.00000000E+00  0.00000000E+00  0.00000000E+00  0.00000000E+00
  8.99512746E+02  0.00000000E+00  0.00000000E+00  0.00000000E+00  0.00000000E+00
  9.03143804E+02  0.00000000E+00  0.00000000E+00  0.00000000E+00  0.00000000E+00
  9.07137968E+02  0.00000000E+00  0.00000000E+00  0.00000000E+00  0.00000000E+00
  9.11531549E+02  0.00000000E+00  0.00000000E+00  0.00000000E+00  0.00000000E+00
  9.16364487E+02  0.00000000E+00  0.00000000E+00  0.00000000E+00  0.00000000E+00
  9.21680720E+02  0.00000000E+00  0.00000000E+00  0.00000000E+00  0.00000000E+00
  9.27528575E+02  0.00000000E+00  0.00000000E+00  0.00000000E+00  0.00000000E+00
  9.33961217E+02  0.00000000E+00  0.00000000E+00  0.00000000E+00  0.00000000E+00
  9.37499169E+02  0.00000000E+00  0.00000000E+00  0.00000000E+00  0.00000000E+00
  9.41390917E+02  0.00000000E+00  0.00000000E+00  0.00000000E+00  0.00000000E+00
  9.45671840E+02  0.00000000E+00  0.00000000E+00  0.00000000E+00  0.00000000E+00
  9.50380855E+02  0.00000000E+00  0.00000000E+00  0.00000000E+00  0.00000000E+00
  9.55560771E+02  0.00000000E+00  0.00000000E+00  0.00000000E+00  0.00000000E+00
  9.61258680E+02  0.00000000E+00  0.00000000E+00  0.00000000E+00  0.00000000E+00
  9.67526379E+02  0.00000000E+00  0.00000000E+00  0.00000000E+00  0.00000000E+00
  9.74420847E+02  0.00000000E+00  0.00000000E+00  0.00000000E+00  0.00000000E+00
  9.78212805E+02  0.00000000E+00  0.00000000E+00  0.00000000E+00  0.00000000E+00
  9.82383959E+02  0.00000000E+00  0.00000000E+00  0.00000000E+00  0.00000000E+00
  9.86972228E+02  0.00000000E+00  0.00000000E+00  0.00000000E+00  0.00000000E+00
  9.92019324E+02  0.00000000E+00  0.00000000E+00  0.00000000E+00  0.00000000E+00
  9.97571129E+02  0.00000000E+00  0.00000000E+00  0.00000000E+00  0.00000000E+00
  1.00367812E+03  0.00000000E+00  0.00000000E+00  0.00000000E+00  0.00000000E+00
  1.01039580E+03  0.00000000E+00  0.00000000E+00  0.00000000E+00  0.00000000E+00
  1.01778525E+03  0.00000000E+00  0.00000000E+00  0.00000000E+00  0.00000000E+00
  1.02184945E+03  0.00000000E+00  0.00000000E+00  0.00000000E+00  0.00000000E+00
  1.02632007E+03  0.00000000E+00  0.00000000E+00  0.00000000E+00  0.00000000E+00
  1.03123775E+03  0.00000000E+00  0.00000000E+00  0.00000000E+00  0.00000000E+00
  1.03664720E+03  0.00000000E+00  0.00000000E+00  0.00000000E+00  0.00000000E+00
  1.04259760E+03  0.00000000E+00  0.00000000E+00  0.00000000E+00  0.00000000E+00
  1.04914303E+03  0.00000000E+00  0.00000000E+00  0.00000000E+00  0.00000000E+00
  1.05634301E+03  0.00000000E+00  0.00000000E+00  0.00000000E+00  0.00000000E+00
  1.06030299E+03  0.00000000E+00  0.00000000E+00  0.00000000E+00  0.00000000E+00
  1.06465898E+03  0.00000000E+00  0.00000000E+00  0.00000000E+00  0.00000000E+00
  1.06945056E+03  0.00000000E+00  0.00000000E+00  0.00000000E+00  0.00000000E+00
  1.07472131E+03  0.00000000E+00  0.00000000E+00  0.00000000E+00  0.00000000E+00
  1.08051912E+03  0.00000000E+00  0.00000000E+00  0.00000000E+00  0.00000000E+00
  1.08689672E+03  0.00000000E+00  0.00000000E+00  0.00000000E+00  0.00000000E+00
  1.09391208E+03  0.00000000E+00  0.00000000E+00  0.00000000E+00  0.00000000E+00
  1.10162898E+03  0.00000000E+00  0.00000000E+00  0.00000000E+00  0.00000000E+00
  1.10587327E+03  0.00000000E+00  0.00000000E+00  0.00000000E+00  0.00000000E+00
  1.11054199E+03  0.00000000E+00  0.00000000E+00  0.00000000E+00  0.00000000E+00
  1.11567758E+03  0.00000000E+00  0.00000000E+00  0.00000000E+00  0.00000000E+00
  1.12132674E+03  0.00000000E+00  0.00000000E+00  0.00000000E+00  0.00000000E+00
  1.12754081E+03  0.00000000E+00  0.00000000E+00  0.00000000E+00  0.00000000E+00
  1.13437628E+03  0.00000000E+00  0.00000000E+00  0.00000000E+00  0.00000000E+00
  1.14189530E+03  0.00000000E+00  0.00000000E+00  0.00000000E+00  0.00000000E+00
  1.14603077E+03  0.00000000E+00  0.00000000E+00  0.00000000E+00  0.00000000E+00
  1.15057977E+03  0.00000000E+00  0.00000000E+00  0.00000000E+00  0.00000000E+00
  1.15558368E+03  0.00000000E+00  0.00000000E+00  0.00000000E+00  0.00000000E+00
  1.16108798E+03  0.00000000E+00  0.00000000E+00  0.00000000E+00  0.00000000E+00
  1.16714271E+03  0.00000000E+00  0.00000000E+00  0.00000000E+00  0.00000000E+00
  1.17380292E+03  0.00000000E+00  0.00000000E+00  0.00000000E+00  0.00000000E+00
  1.18112914E+03  0.00000000E+00  0.00000000E+00  0.00000000E+00  0.00000000E+00
  1.18918799E+03  0.00000000E+00  0.00000000E+00  0.00000000E+00  0.00000000E+00
  1.19362035E+03  0.00000000E+00  0.00000000E+00  0.00000000E+00  0.00000000E+00
  1.19849596E+03  0.00000000E+00  0.00000000E+00  0.00000000E+00  0.00000000E+00
  1.20385912E+03  0.00000000E+00  0.00000000E+00  0.00000000E+00  0.00000000E+00
  1.20975860E+03  0.00000000E+00  0.00000000E+00  0.00000000E+00  0.00000000E+00
  1.21624802E+03  0.00000000E+00  0.00000000E+00  0.00000000E+00  0.00000000E+00
  1.22338639E+03  0.00000000E+00  0.00000000E+00  0.00000000E+00  0.00000000E+00
  1.23123860E+03  0.00000000E+00  0.00000000E+00  0.00000000E+00  0.00000000E+00
  1.23555731E+03  0.00000000E+00  0.00000000E+00  0.00000000E+00  0.00000000E+00
  1.24030790E+03  0.00000000E+00  0.00000000E+00  0.00000000E+00  0.00000000E+00
  1.24553354E+03  0.00000000E+00  0.00000000E+00  0.00000000E+00  0.00000000E+00
  1.25128175E+03  0.00000000E+00  0.00000000E+00  0.00000000E+00  0.00000000E+00
  1.25760477E+03  0.00000000E+00  0.00000000E+00  0.00000000E+00  0.00000000E+00
  1.26456010E+03  0.00000000E+00  0.00000000E+00  0.00000000E+00  0.00000000E+00
  1.27221097E+03  0.00000000E+00  0.00000000E+00  0.00000000E+00  0.00000000E+00
  1.28062692E+03  0.00000000E+00  0.00000000E+00  0.00000000E+00  0.00000000E+00
  1.28525569E+03  0.00000000E+00  0.00000000E+00  0.00000000E+00  0.00000000E+00
  1.29034734E+03  0.00000000E+00  0.00000000E+00  0.00000000E+00  0.00000000E+00
  1.29594816E+03  0.00000000E+00  0.00000000E+00  0.00000000E+00  0.00000000E+00
  1.30210905E+03  0.00000000E+00  0.00000000E+00  0.00000000E+00  0.00000000E+00
  1.30888604E+03  0.00000000E+00  0.00000000E+00  0.00000000E+00  0.00000000E+00
  1.31634072E+03  0.00000000E+00  0.00000000E+00  0.00000000E+00  0.00000000E+00
  1.32454088E+03  0.00000000E+00  0.00000000E+00  0.00000000E+00  0.00000000E+00
  1.32905096E+03  0.00000000E+00  0.00000000E+00  0.00000000E+00  0.00000000E+00
  1.33401205E+03  0.00000000E+00  0.00000000E+00  0.00000000E+00  0.00000000E+00
  1.33946925E+03  0.00000000E+00  0.00000000E+00  0.00000000E+00  0.00000000E+00
  1.34547218E+03  0.00000000E+00  0.00000000E+00  0.00000000E+00  0.00000000E+00
  1.35207539E+03  0.00000000E+00  0.00000000E+00  0.00000000E+00  0.00000000E+00
  1.35933893E+03  0.00000000E+00  0.00000000E+00  0.00000000E+00  0.00000000E+00
  1.36732882E+03  0.00000000E+00  0.00000000E+00  0.00000000E+00  0.00000000E+00
  1.37611769E+03  0.00000000E+00  0.00000000E+00  0.00000000E+00  0.00000000E+00
  1.38095158E+03  0.00000000E+00  0.00000000E+00  0.00000000E+00  0.00000000E+00
  1.38626885E+03  0.00000000E+00  0.00000000E+00  0.00000000E+00  0.00000000E+00
  1.39211785E+03  0.00000000E+00  0.00000000E+00  0.00000000E+00  0.00000000E+00
  1.39855174E+03  0.00000000E+00  0.00000000E+00  0.00000000E+00  0.00000000E+00
  1.40562903E+03  0.00000000E+00  0.00000000E+00  0.00000000E+00  0.00000000E+00
  1.41341405E+03  0.00000000E+00  0.00000000E+00  0.00000000E+00  0.00000000E+00
  1.42197757E+03  0.00000000E+00  0.00000000E+00  0.00000000E+00  0.00000000E+00
  1.42668750E+03  0.00000000E+00  0.00000000E+00  0.00000000E+00  0.00000000E+00
  1.43186843E+03  0.00000000E+00  0.00000000E+00  0.00000000E+00  0.00000000E+00
  1.43756745E+03  0.00000000E+00  0.00000000E+00  0.00000000E+00  0.00000000E+00
  1.44383638E+03  0.00000000E+00  0.00000000E+00  0.00000000E+00  0.00000000E+00
  1.45073219E+03  0.00000000E+00  0.00000000E+00  0.00000000E+00  0.00000000E+00
  1.45831759E+03  0.00000000E+00  0.00000000E+00  0.00000000E+00  0.00000000E+00
  1.46666153E+03  0.00000000E+00  0.00000000E+00  0.00000000E+00  0.00000000E+00
  1.47583986E+03  0.00000000E+00  0.00000000E+00  0.00000000E+00  0.00000000E+00
  1.48088794E+03  0.00000000E+00  0.00000000E+00  0.00000000E+00  0.00000000E+00
  1.48644083E+03  0.00000000E+00  0.00000000E+00  0.00000000E+00  0.00000000E+00
  1.49254901E+03  0.00000000E+00  0.00000000E+00  0.00000000E+00  0.00000000E+00
  1.49926801E+03  0.00000000E+00  0.00000000E+00  0.00000000E+00  0.00000000E+00
  1.50665891E+03  0.00000000E+00  0.00000000E+00  0.00000000E+00  0.00000000E+00
  1.51478889E+03  0.00000000E+00  0.00000000E+00  0.00000000E+00  0.00000000E+00
  1.52373188E+03  0.00000000E+00  0.00000000E+00  0.00000000E+00  0.00000000E+00
  1.52865052E+03  0.00000000E+00  0.00000000E+00  0.00000000E+00  0.00000000E+00
  1.53406103E+03  0.00000000E+00  0.00000000E+00  0.00000000E+00  0.00000000E+00
  1.54001258E+03  0.00000000E+00  0.00000000E+00  0.00000000E+00  0.00000000E+00
  1.54655930E+03  0.00000000E+00  0.00000000E+00  0.00000000E+00  0.00000000E+00
  1.55376068E+03  0.00000000E+00  0.00000000E+00  0.00000000E+00  0.00000000E+00
  1.56168220E+03  0.00000000E+00  0.00000000E+00  0.00000000E+00  0.00000000E+00
  1.57039588E+03  0.00000000E+00  0.00000000E+00  0.00000000E+00  0.00000000E+00
  1.57998092E+03  0.00000000E+00  0.00000000E+00  0.00000000E+00  0.00000000E+00
  1.58525269E+03  0.00000000E+00  0.00000000E+00  0.00000000E+00  0.00000000E+00
  1.59105164E+03  0.00000000E+00  0.00000000E+00  0.00000000E+00  0.00000000E+00
  1.59743049E+03  0.00000000E+00  0.00000000E+00  0.00000000E+00  0.00000000E+00
  1.60444722E+03  0.00000000E+00  0.00000000E+00  0.00000000E+00  0.00000000E+00
  1.61216562E+03  0.00000000E+00  0.00000000E+00  0.00000000E+00  0.00000000E+00
  1.62065586E+03  0.00000000E+00  0.00000000E+00  0.00000000E+00  0.00000000E+00
  1.62999513E+03  0.00000000E+00  0.00000000E+00  0.00000000E+00  0.00000000E+00
  1.63513173E+03  0.00000000E+00  0.00000000E+00  0.00000000E+00  0.00000000E+00
  1.64078199E+03  0.00000000E+00  0.00000000E+00  0.00000000E+00  0.00000000E+00
  1.64699727E+03  0.00000000E+00  0.00000000E+00  0.00000000E+00  0.00000000E+00
  1.65383408E+03  0.00000000E+00  0.00000000E+00  0.00000000E+00  0.00000000E+00
  1.66135457E+03  0.00000000E+00  0.00000000E+00  0.00000000E+00  0.00000000E+00
  1.66962711E+03  0.00000000E+00  0.00000000E+00  0.00000000E+00  0.00000000E+00
  1.67872691E+03  0.00000000E+00  0.00000000E+00  0.00000000E+00  0.00000000E+00
  1.68873668E+03  0.00000000E+00  0.00000000E+00  0.00000000E+00  0.00000000E+00
  1.69424206E+03  0.00000000E+00  0.00000000E+00  0.00000000E+00  0.00000000E+00
  1.70029797E+03  0.00000000E+00  0.00000000E+00  0.00000000E+00  0.00000000E+00
  1.70695948E+03  0.00000000E+00  0.00000000E+00  0.00000000E+00  0.00000000E+00
  1.71428713E+03  0.00000000E+00  0.00000000E+00  0.00000000E+00  0.00000000E+00
  1.72234755E+03  0.00000000E+00  0.00000000E+00  0.00000000E+00  0.00000000E+00
  1.73121402E+03  0.00000000E+00  0.00000000E+00  0.00000000E+00  0.00000000E+00
  1.74096713E+03  0.00000000E+00  0.00000000E+00  0.00000000E+00  0.00000000E+00
  1.74633134E+03  0.00000000E+00  0.00000000E+00  0.00000000E+00  0.00000000E+00
  1.75223197E+03  0.00000000E+00  0.00000000E+00  0.00000000E+00  0.00000000E+00
  1.75872266E+03  0.00000000E+00  0.00000000E+00  0.00000000E+00  0.00000000E+00
  1.76586243E+03  0.00000000E+00  0.00000000E+00  0.00000000E+00  0.00000000E+00
  1.77371617E+03  0.00000000E+00  0.00000000E+00  0.00000000E+00  0.00000000E+00
  1.78235528E+03  0.00000000E+00  0.00000000E+00  0.00000000E+00  0.00000000E+00
  1.79185831E+03  0.00000000E+00  0.00000000E+00  0.00000000E+00  0.00000000E+00
  1.80231163E+03  0.00000000E+00  0.00000000E+00  0.00000000E+00  0.00000000E+00
  1.80806096E+03  0.00000000E+00  0.00000000E+00  0.00000000E+00  0.00000000E+00
  1.81438523E+03  0.00000000E+00  0.00000000E+00  0.00000000E+00  0.00000000E+00
  1.82134192E+03  0.00000000E+00  0.00000000E+00  0.00000000E+00  0.00000000E+00
  1.82899428E+03  0.00000000E+00  0.00000000E+00  0.00000000E+00  0.00000000E+00
  1.83741187E+03  0.00000000E+00  0.00000000E+00  0.00000000E+00  0.00000000E+00
  1.84667123E+03  0.00000000E+00  0.00000000E+00  0.00000000E+00  0.00000000E+00
  1.85685652E+03  0.00000000E+00  0.00000000E+00  0.00000000E+00  0.00000000E+00
  1.86245843E+03  0.00000000E+00  0.00000000E+00  0.00000000E+00  0.00000000E+00
  1.86862053E+03  0.00000000E+00  0.00000000E+00  0.00000000E+00  0.00000000E+00
  1.87539884E+03  0.00000000E+00  0.00000000E+00  0.00000000E+00  0.00000000E+00
  1.88285498E+03  0.00000000E+00  0.00000000E+00  0.00000000E+00  0.00000000E+00
  1.89105673E+03  0.00000000E+00  0.00000000E+00  0.00000000E+00  0.00000000E+00
  1.90007866E+03  0.00000000E+00  0.00000000E+00  0.00000000E+00  0.00000000E+00
  1.91000279E+03  0.00000000E+00  0.00000000E+00  0.00000000E+00  0.00000000E+00
  1.92091932E+03  0.00000000E+00  0.00000000E+00  0.00000000E+00  0.00000000E+00
  1.92692342E+03  0.00000000E+00  0.00000000E+00  0.00000000E+00  0.00000000E+00
  1.93352792E+03  0.00000000E+00  0.00000000E+00  0.00000000E+00  0.00000000E+00
  1.94079288E+03  0.00000000E+00  0.00000000E+00  0.00000000E+00  0.00000000E+00
  1.94878433E+03  0.00000000E+00  0.00000000E+00  0.00000000E+00  0.00000000E+00
  1.95757493E+03  0.00000000E+00  0.00000000E+00  0.00000000E+00  0.00000000E+00
  1.96724458E+03  0.00000000E+00  0.00000000E+00  0.00000000E+00  0.00000000E+00
  1.97788120E+03  0.00000000E+00  0.00000000E+00  0.00000000E+00  0.00000000E+00
  1.98373134E+03  0.00000000E+00  0.00000000E+00  0.00000000E+00  0.00000000E+00
  1.99016650E+03  0.00000000E+00  0.00000000E+00  0.00000000E+00  0.00000000E+00
  1.99724517E+03  0.00000000E+00  0.00000000E+00  0.00000000E+00  0.00000000E+00
  2.00503171E+03  0.00000000E+00  0.00000000E+00  0.00000000E+00  0.00000000E+00
  2.01359690E+03  0.00000000E+00  0.00000000E+00  0.00000000E+00  0.00000000E+00
  2.02301861E+03  0.00000000E+00  0.00000000E+00  0.00000000E+00  0.00000000E+00
  2.03338249E+03  0.00000000E+00  0.00000000E+00  0.00000000E+00  0.00000000E+00
  2.04478276E+03  0.00000000E+00  0.00000000E+00  0.00000000E+00  0.00000000E+00
  2.05105291E+03  0.00000000E+00  0.00000000E+00  0.00000000E+00  0.00000000E+00
  2.05795008E+03  0.00000000E+00  0.00000000E+00  0.00000000E+00  0.00000000E+00
  2.06553696E+03  0.00000000E+00  0.00000000E+00  0.00000000E+00  0.00000000E+00
  2.07388252E+03  0.00000000E+00  0.00000000E+00  0.00000000E+00  0.00000000E+00
  2.08306265E+03  0.00000000E+00  0.00000000E+00  0.00000000E+00  0.00000000E+00
  2.09316079E+03  0.00000000E+00  0.00000000E+00  0.00000000E+00  0.00000000E+00
  2.10426874E+03  0.00000000E+00  0.00000000E+00  0.00000000E+00  0.00000000E+00
  2.11037811E+03  0.00000000E+00  0.00000000E+00  0.00000000E+00  0.00000000E+00
  2.11709842E+03  0.00000000E+00  0.00000000E+00  0.00000000E+00  0.00000000E+00
  2.12449076E+03  0.00000000E+00  0.00000000E+00  0.00000000E+00  0.00000000E+00
  2.13262234E+03  0.00000000E+00  0.00000000E+00  0.00000000E+00  0.00000000E+00
  2.14156707E+03  0.00000000E+00  0.00000000E+00  0.00000000E+00  0.00000000E+00
  2.15140628E+03  0.00000000E+00  0.00000000E+00  0.00000000E+00  0.00000000E+00
  2.16222941E+03  0.00000000E+00  0.00000000E+00  0.00000000E+00  0.00000000E+00
  2.17413485E+03  0.00000000E+00  0.00000000E+00  0.00000000E+00  0.00000000E+00
  2.18068284E+03  0.00000000E+00  0.00000000E+00  0.00000000E+00  0.00000000E+00
  2.18788563E+03  0.00000000E+00  0.00000000E+00  0.00000000E+00  0.00000000E+00
  2.19580870E+03  0.00000000E+00  0.00000000E+00  0.00000000E+00  0.00000000E+00
  2.20452408E+03  0.00000000E+00  0.00000000E+00  0.00000000E+00  0.00000000E+00
  2.21411099E+03  0.00000000E+00  0.00000000E+00  0.00000000E+00  0.00000000E+00
  2.22465660E+03  0.00000000E+00  0.00000000E+00  0.00000000E+00  0.00000000E+00
  2.23625676E+03  0.00000000E+00  0.00000000E+00  0.00000000E+00  0.00000000E+00
  2.24263686E+03  0.00000000E+00  0.00000000E+00  0.00000000E+00  0.00000000E+00
  2.24965496E+03  0.00000000E+00  0.00000000E+00  0.00000000E+00  0.00000000E+00
  2.25737487E+03  0.00000000E+00  0.00000000E+00  0.00000000E+00  0.00000000E+00
  2.26586677E+03  0.00000000E+00  0.00000000E+00  0.00000000E+00  0.00000000E+00
  2.27520786E+03  0.00000000E+00  0.00000000E+00  0.00000000E+00  0.00000000E+00
  2.28548307E+03  0.00000000E+00  0.00000000E+00  0.00000000E+00  0.00000000E+00
  2.29678579E+03  0.00000000E+00  0.00000000E+00  0.00000000E+00  0.00000000E+00
  2.30921878E+03  0.00000000E+00  0.00000000E+00  0.00000000E+00  0.00000000E+00
  2.31605693E+03  0.00000000E+00  0.00000000E+00  0.00000000E+00  0.00000000E+00
  2.32357889E+03  0.00000000E+00  0.00000000E+00  0.00000000E+00  0.00000000E+00
  2.33185305E+03  0.00000000E+00  0.00000000E+00  0.00000000E+00  0.00000000E+00
  2.34095462E+03  0.00000000E+00  0.00000000E+00  0.00000000E+00  0.00000000E+00
  2.35096635E+03  0.00000000E+00  0.00000000E+00  0.00000000E+00  0.00000000E+00
  2.36197926E+03  0.00000000E+00  0.00000000E+00  0.00000000E+00  0.00000000E+00
  2.37409345E+03  0.00000000E+00  0.00000000E+00  0.00000000E+00  0.00000000E+00
  2.38075626E+03  0.00000000E+00  0.00000000E+00  0.00000000E+00  0.00000000E+00
  2.38808534E+03  0.00000000E+00  0.00000000E+00  0.00000000E+00  0.00000000E+00
  2.39614734E+03  0.00000000E+00  0.00000000E+00  0.00000000E+00  0.00000000E+00
  2.40501554E+03  0.00000000E+00  0.00000000E+00  0.00000000E+00  0.00000000E+00
  2.41477055E+03  0.00000000E+00  0.00000000E+00  0.00000000E+00  0.00000000E+00
  2.42550107E+03  0.00000000E+00  0.00000000E+00  0.00000000E+00  0.00000000E+00
  2.43730464E+03  0.00000000E+00  0.00000000E+00  0.00000000E+00  0.00000000E+00
  2.45028856E+03  0.00000000E+00  0.00000000E+00  0.00000000E+00  0.00000000E+00
  2.45742972E+03  0.00000000E+00  0.00000000E+00  0.00000000E+00  0.00000000E+00
  2.46528500E+03  0.00000000E+00  0.00000000E+00  0.00000000E+00  0.00000000E+00
  2.47392580E+03  0.00000000E+00  0.00000000E+00  0.00000000E+00  0.00000000E+00
  2.48343068E+03  0.00000000E+00  0.00000000E+00  0.00000000E+00  0.00000000E+00
  2.49388605E+03  0.00000000E+00  0.00000000E+00  0.00000000E+00  0.00000000E+00
  2.50538696E+03  0.00000000E+00  0.00000000E+00  0.00000000E+00  0.00000000E+00
  2.51803796E+03  0.00000000E+00  0.00000000E+00  0.00000000E+00  0.00000000E+00
  2.52499601E+03  0.00000000E+00  0.00000000E+00  0.00000000E+00  0.00000000E+00
  2.53264986E+03  0.00000000E+00  0.00000000E+00  0.00000000E+00  0.00000000E+00
  2.54106910E+03  0.00000000E+00  0.00000000E+00  0.00000000E+00  0.00000000E+00
  2.55033027E+03  0.00000000E+00  0.00000000E+00  0.00000000E+00  0.00000000E+00
  2.56051755E+03  0.00000000E+00  0.00000000E+00  0.00000000E+00  0.00000000E+00
  2.57172356E+03  0.00000000E+00  0.00000000E+00  0.00000000E+00  0.00000000E+00
  2.58405017E+03  0.00000000E+00  0.00000000E+00  0.00000000E+00  0.00000000E+00
  2.59760944E+03  0.00000000E+00  0.00000000E+00  0.00000000E+00  0.00000000E+00
  2.60506703E+03  0.00000000E+00  0.00000000E+00  0.00000000E+00  0.00000000E+00
  2.61327039E+03  0.00000000E+00  0.00000000E+00  0.00000000E+00  0.00000000E+00
  2.62229409E+03  0.00000000E+00  0.00000000E+00  0.00000000E+00  0.00000000E+00
  2.63222015E+03  0.00000000E+00  0.00000000E+00  0.00000000E+00  0.00000000E+00
  2.64313882E+03  0.00000000E+00  0.00000000E+00  0.00000000E+00  0.00000000E+00
  2.65514936E+03  0.00000000E+00  0.00000000E+00  0.00000000E+00  0.00000000E+00
  2.66836095E+03  0.00000000E+00  0.00000000E+00  0.00000000E+00  0.00000000E+00
  2.67562732E+03  0.00000000E+00  0.00000000E+00  0.00000000E+00  0.00000000E+00
  2.68362033E+03  0.00000000E+00  0.00000000E+00  0.00000000E+00  0.00000000E+00
  2.69241265E+03  0.00000000E+00  0.00000000E+00  0.00000000E+00  0.00000000E+00
  2.70208419E+03  0.00000000E+00  0.00000000E+00  0.00000000E+00  0.00000000E+00
  2.71272289E+03  0.00000000E+00  0.00000000E+00  0.00000000E+00  0.00000000E+00
  2.72442546E+03  0.00000000E+00  0.00000000E+00  0.00000000E+00  0.00000000E+00
  2.73729829E+03  0.00000000E+00  0.00000000E+00  0.00000000E+00  0.00000000E+00
  2.75145840E+03  0.00000000E+00  0.00000000E+00  0.00000000E+00  0.00000000E+00
  2.75924646E+03  0.00000000E+00  0.00000000E+00  0.00000000E+00  0.00000000E+00
  2.76781332E+03  0.00000000E+00  0.00000000E+00  0.00000000E+00  0.00000000E+00
  2.77723687E+03  0.00000000E+00  0.00000000E+00  0.00000000E+00  0.00000000E+00
  2.78760278E+03  0.00000000E+00  0.00000000E+00  0.00000000E+00  0.00000000E+00
  2.79900528E+03  0.00000000E+00  0.00000000E+00  0.00000000E+00  0.00000000E+00
  2.81154803E+03  0.00000000E+00  0.00000000E+00  0.00000000E+00  0.00000000E+00
  2.82534505E+03  0.00000000E+00  0.00000000E+00  0.00000000E+00  0.00000000E+00
  2.83293341E+03  0.00000000E+00  0.00000000E+00  0.00000000E+00  0.00000000E+00
  2.84128061E+03  0.00000000E+00  0.00000000E+00  0.00000000E+00  0.00000000E+00
  2.85046253E+03  0.00000000E+00  0.00000000E+00  0.00000000E+00  0.00000000E+00
  2.86056264E+03  0.00000000E+00  0.00000000E+00  0.00000000E+00  0.00000000E+00
  2.87167276E+03  0.00000000E+00  0.00000000E+00  0.00000000E+00  0.00000000E+00
  2.88389390E+03  0.00000000E+00  0.00000000E+00  0.00000000E+00  0.00000000E+00
  2.89733715E+03  0.00000000E+00  0.00000000E+00  0.00000000E+00  0.00000000E+00
  2.91212472E+03  0.00000000E+00  0.00000000E+00  0.00000000E+00  0.00000000E+00
  2.92025788E+03  0.00000000E+00  0.00000000E+00  0.00000000E+00  0.00000000E+00
  2.92920436E+03  0.00000000E+00  0.00000000E+00  0.00000000E+00  0.00000000E+00
  2.93904549E+03  0.00000000E+00  0.00000000E+00  0.00000000E+00  0.00000000E+00
  2.94987074E+03  0.00000000E+00  0.00000000E+00  0.00000000E+00  0.00000000E+00
  2.96177850E+03  0.00000000E+00  0.00000000E+00  0.00000000E+00  0.00000000E+00
  2.97487704E+03  0.00000000E+00  0.00000000E+00  0.00000000E+00  0.00000000E+00
  2.98928544E+03  0.00000000E+00  0.00000000E+00  0.00000000E+00  0.00000000E+00
  2.99721006E+03  0.00000000E+00  0.00000000E+00  0.00000000E+00  0.00000000E+00
  3.00592714E+03  0.00000000E+00  0.00000000E+00  0.00000000E+00  0.00000000E+00
  3.01551593E+03  0.00000000E+00  0.00000000E+00  0.00000000E+00  0.00000000E+00
  3.02606360E+03  0.00000000E+00  0.00000000E+00  0.00000000E+00  0.00000000E+00
  3.03766603E+03  0.00000000E+00  0.00000000E+00  0.00000000E+00  0.00000000E+00
  3.05042871E+03  0.00000000E+00  0.00000000E+00  0.00000000E+00  0.00000000E+00
  3.06446765E+03  0.00000000E+00  0.00000000E+00  0.00000000E+00  0.00000000E+00
  3.07991049E+03  0.00000000E+00  0.00000000E+00  0.00000000E+00  0.00000000E+00
  3.08840405E+03  0.00000000E+00  0.00000000E+00  0.00000000E+00  0.00000000E+00
  3.09774697E+03  0.00000000E+00  0.00000000E+00  0.00000000E+00  0.00000000E+00
  3.10802418E+03  0.00000000E+00  0.00000000E+00  0.00000000E+00  0.00000000E+00
  3.11932911E+03  0.00000000E+00  0.00000000E+00  0.00000000E+00  0.00000000E+00
  3.13176454E+03  0.00000000E+00  0.00000000E+00  0.00000000E+00  0.00000000E+00
  3.14544350E+03  0.00000000E+00  0.00000000E+00  0.00000000E+00  0.00000000E+00
  3.16049037E+03  0.00000000E+00  0.00000000E+00  0.00000000E+00  0.00000000E+00
  3.16876614E+03  0.00000000E+00  0.00000000E+00  0.00000000E+00  0.00000000E+00
  3.17786949E+03  0.00000000E+00  0.00000000E+00  0.00000000E+00  0.00000000E+00
  3.18788318E+03  0.00000000E+00  0.00000000E+00  0.00000000E+00  0.00000000E+00
  3.19889824E+03  0.00000000E+00  0.00000000E+00  0.00000000E+00  0.00000000E+00
  3.21101480E+03  0.00000000E+00  0.00000000E+00  0.00000000E+00  0.00000000E+00
  3.22434302E+03  0.00000000E+00  0.00000000E+00  0.00000000E+00  0.00000000E+00
  3.23900405E+03  0.00000000E+00  0.00000000E+00  0.00000000E+00  0.00000000E+00
  3.25513120E+03  0.00000000E+00  0.00000000E+00  0.00000000E+00  0.00000000E+00
  3.26400113E+03  0.00000000E+00  0.00000000E+00  0.00000000E+00  0.00000000E+00
  3.27375805E+03  0.00000000E+00  0.00000000E+00  0.00000000E+00  0.00000000E+00
  3.28449066E+03  0.00000000E+00  0.00000000E+00  0.00000000E+00  0.00000000E+00
  3.29629654E+03  0.00000000E+00  0.00000000E+00  0.00000000E+00  0.00000000E+00
  3.30928300E+03  0.00000000E+00  0.00000000E+00  0.00000000E+00  0.00000000E+00
  3.32356811E+03  0.00000000E+00  0.00000000E+00  0.00000000E+00  0.00000000E+00
  3.33928173E+03  0.00000000E+00  0.00000000E+00  0.00000000E+00  0.00000000E+00
  3.34792422E+03  0.00000000E+00  0.00000000E+00  0.00000000E+00  0.00000000E+00
  3.35743096E+03  0.00000000E+00  0.00000000E+00  0.00000000E+00  0.00000000E+00
  3.36788838E+03  0.00000000E+00  0.00000000E+00  0.00000000E+00  0.00000000E+00
  3.37939153E+03  0.00000000E+00  0.00000000E+00  0.00000000E+00  0.00000000E+00
  3.39204500E+03  0.00000000E+00  0.00000000E+00  0.00000000E+00  0.00000000E+00
  3.40596382E+03  0.00000000E+00  0.00000000E+00  0.00000000E+00  0.00000000E+00
  3.42127452E+03  0.00000000E+00  0.00000000E+00  0.00000000E+00  0.00000000E+00
  3.43811629E+03  0.00000000E+00  0.00000000E+00  0.00000000E+00  0.00000000E+00
  3.44737926E+03  0.00000000E+00  0.00000000E+00  0.00000000E+00  0.00000000E+00
  3.45756853E+03  0.00000000E+00  0.00000000E+00  0.00000000E+00  0.00000000E+00
  3.46877673E+03  0.00000000E+00  0.00000000E+00  0.00000000E+00  0.00000000E+00
  3.48110575E+03  0.00000000E+00  0.00000000E+00  0.00000000E+00  0.00000000E+00
  3.49466767E+03  0.00000000E+00  0.00000000E+00  0.00000000E+00  0.00000000E+00
  3.50958578E+03  0.00000000E+00  0.00000000E+00  0.00000000E+00  0.00000000E+00
  3.52599570E+03  0.00000000E+00  0.00000000E+00  0.00000000E+00  0.00000000E+00
  3.53502116E+03  0.00000000E+00  0.00000000E+00  0.00000000E+00  0.00000000E+00
  3.54494917E+03  0.00000000E+00  0.00000000E+00  0.00000000E+00  0.00000000E+00
  3.55586997E+03  0.00000000E+00  0.00000000E+00  0.00000000E+00  0.00000000E+00
  3.56788285E+03  0.00000000E+00  0.00000000E+00  0.00000000E+00  0.00000000E+00
  3.58109702E+03  0.00000000E+00  0.00000000E+00  0.00000000E+00  0.00000000E+00
  3.59563261E+03  0.00000000E+00  0.00000000E+00  0.00000000E+00  0.00000000E+00
  3.61162176E+03  0.00000000E+00  0.00000000E+00  0.00000000E+00  0.00000000E+00
  3.62920983E+03  0.00000000E+00  0.00000000E+00  0.00000000E+00  0.00000000E+00
  3.63888326E+03  0.00000000E+00  0.00000000E+00  0.00000000E+00  0.00000000E+00
  3.64952404E+03  0.00000000E+00  0.00000000E+00  0.00000000E+00  0.00000000E+00
  3.66122890E+03  0.00000000E+00  0.00000000E+00  0.00000000E+00  0.00000000E+00
  3.67410424E+03  0.00000000E+00  0.00000000E+00  0.00000000E+00  0.00000000E+00
  3.68826711E+03  0.00000000E+00  0.00000000E+00  0.00000000E+00  0.00000000E+00
  3.70384628E+03  0.00000000E+00  0.00000000E+00  0.00000000E+00  0.00000000E+00
  3.72098336E+03  0.00000000E+00  0.00000000E+00  0.00000000E+00  0.00000000E+00
  3.73040875E+03  0.00000000E+00  0.00000000E+00  0.00000000E+00  0.00000000E+00
  3.74077668E+03  0.00000000E+00  0.00000000E+00  0.00000000E+00  0.00000000E+00
  3.75218141E+03  0.00000000E+00  0.00000000E+00  0.00000000E+00  0.00000000E+00
  3.76472661E+03  0.00000000E+00  0.00000000E+00  0.00000000E+00  0.00000000E+00
  3.77852633E+03  0.00000000E+00  0.00000000E+00  0.00000000E+00  0.00000000E+00
  3.79370602E+03  0.00000000E+00  0.00000000E+00  0.00000000E+00  0.00000000E+00
  3.81040368E+03  0.00000000E+00  0.00000000E+00  0.00000000E+00  0.00000000E+00
  3.82877111E+03  0.00000000E+00  0.00000000E+00  0.00000000E+00  0.00000000E+00
  3.83887319E+03  0.00000000E+00  0.00000000E+00  0.00000000E+00  0.00000000E+00
  3.84998548E+03  0.00000000E+00  0.00000000E+00  0.00000000E+00  0.00000000E+00
  3.86220901E+03  0.00000000E+00  0.00000000E+00  0.00000000E+00  0.00000000E+00
  3.87565488E+03  0.00000000E+00  0.00000000E+00  0.00000000E+00  0.00000000E+00
  3.89044534E+03  0.00000000E+00  0.00000000E+00  0.00000000E+00  0.00000000E+00
  3.90671485E+03  0.00000000E+00  0.00000000E+00  0.00000000E+00  0.00000000E+00
  3.92461131E+03  0.00000000E+00  0.00000000E+00  0.00000000E+00  0.00000000E+00
  3.93445436E+03  0.00000000E+00  0.00000000E+00  0.00000000E+00  0.00000000E+00
  3.94528172E+03  0.00000000E+00  0.00000000E+00  0.00000000E+00  0.00000000E+00
  3.95719181E+03  0.00000000E+00  0.00000000E+00  0.00000000E+00  0.00000000E+00
  3.97029292E+03  0.00000000E+00  0.00000000E+00  0.00000000E+00  0.00000000E+00
  3.98470413E+03  0.00000000E+00  0.00000000E+00  0.00000000E+00  0.00000000E+00
  4.00055646E+03  0.00000000E+00  0.00000000E+00  0.00000000E+00  0.00000000E+00
  4.01799403E+03  0.00000000E+00  0.00000000E+00  0.00000000E+00  0.00000000E+00
  4.03717536E+03  0.00000000E+00  0.00000000E+00  0.00000000E+00  0.00000000E+00
  4.04772508E+03  0.00000000E+00  0.00000000E+00  0.00000000E+00  0.00000000E+00
  4.05932979E+03  0.00000000E+00  0.00000000E+00  0.00000000E+00  0.00000000E+00
  4.07209496E+03  0.00000000E+00  0.00000000E+00  0.00000000E+00  0.00000000E+00
  4.08613665E+03  0.00000000E+00  0.00000000E+00  0.00000000E+00  0.00000000E+00
  4.10158250E+03  0.00000000E+00  0.00000000E+00  0.00000000E+00  0.00000000E+00
  4.11857295E+03  0.00000000E+00  0.00000000E+00  0.00000000E+00  0.00000000E+00
  4.13726243E+03  0.00000000E+00  0.00000000E+00  0.00000000E+00  0.00000000E+00
  4.14754165E+03  0.00000000E+00  0.00000000E+00  0.00000000E+00  0.00000000E+00
  4.15884879E+03  0.00000000E+00  0.00000000E+00  0.00000000E+00  0.00000000E+00
  4.17128665E+03  0.00000000E+00  0.00000000E+00  0.00000000E+00  0.00000000E+00
  4.18496828E+03  0.00000000E+00  0.00000000E+00  0.00000000E+00  0.00000000E+00
  4.20001809E+03  0.00000000E+00  0.00000000E+00  0.00000000E+00  0.00000000E+00
  4.21657287E+03  0.00000000E+00  0.00000000E+00  0.00000000E+00  0.00000000E+00
  4.23478313E+03  0.00000000E+00  0.00000000E+00  0.00000000E+00  0.00000000E+00
  4.25481442E+03  0.00000000E+00  0.00000000E+00  0.00000000E+00  0.00000000E+00
  4.26583163E+03  0.00000000E+00  0.00000000E+00  0.00000000E+00  0.00000000E+00
  4.27795056E+03  0.00000000E+00  0.00000000E+00  0.00000000E+00  0.00000000E+00
  4.29128138E+03  0.00000000E+00  0.00000000E+00  0.00000000E+00  0.00000000E+00
  4.30594529E+03  0.00000000E+00  0.00000000E+00  0.00000000E+00  0.00000000E+00
  4.32207558E+03  0.00000000E+00  0.00000000E+00  0.00000000E+00  0.00000000E+00
  4.33981891E+03  0.00000000E+00  0.00000000E+00  0.00000000E+00  0.00000000E+00
  4.35933656E+03  0.00000000E+00  0.00000000E+00  0.00000000E+00  0.00000000E+00
  4.37007127E+03  0.00000000E+00  0.00000000E+00  0.00000000E+00  0.00000000E+00
  4.38187946E+03  0.00000000E+00  0.00000000E+00  0.00000000E+00  0.00000000E+00
  4.39486846E+03  0.00000000E+00  0.00000000E+00  0.00000000E+00  0.00000000E+00
  4.40915636E+03  0.00000000E+00  0.00000000E+00  0.00000000E+00  0.00000000E+00
  4.42487305E+03  0.00000000E+00  0.00000000E+00  0.00000000E+00  0.00000000E+00
  4.44216141E+03  0.00000000E+00  0.00000000E+00  0.00000000E+00  0.00000000E+00
  4.46117860E+03  0.00000000E+00  0.00000000E+00  0.00000000E+00  0.00000000E+00
  4.48209752E+03  0.00000000E+00  0.00000000E+00  0.00000000E+00  0.00000000E+00
  4.49360292E+03  0.00000000E+00  0.00000000E+00  0.00000000E+00  0.00000000E+00
  4.50625887E+03  0.00000000E+00  0.00000000E+00  0.00000000E+00  0.00000000E+00
  4.52018041E+03  0.00000000E+00  0.00000000E+00  0.00000000E+00  0.00000000E+00
  4.53549410E+03  0.00000000E+00  0.00000000E+00  0.00000000E+00  0.00000000E+00
  4.55233916E+03  0.00000000E+00  0.00000000E+00  0.00000000E+00  0.00000000E+00
  4.57086873E+03  0.00000000E+00  0.00000000E+00  0.00000000E+00  0.00000000E+00
  4.59125125E+03  0.00000000E+00  0.00000000E+00  0.00000000E+00  0.00000000E+00
  4.60246164E+03  0.00000000E+00  0.00000000E+00  0.00000000E+00  0.00000000E+00
  4.61479307E+03  0.00000000E+00  0.00000000E+00  0.00000000E+00  0.00000000E+00
  4.62835764E+03  0.00000000E+00  0.00000000E+00  0.00000000E+00  0.00000000E+00
  4.64327866E+03  0.00000000E+00  0.00000000E+00  0.00000000E+00  0.00000000E+00
  4.65969179E+03  0.00000000E+00  0.00000000E+00  0.00000000E+00  0.00000000E+00
  4.67774623E+03  0.00000000E+00  0.00000000E+00  0.00000000E+00  0.00000000E+00
  4.69760612E+03  0.00000000E+00  0.00000000E+00  0.00000000E+00  0.00000000E+00
  4.71945200E+03  0.00000000E+00  0.00000000E+00  0.00000000E+00  0.00000000E+00
  4.73146723E+03  0.00000000E+00  0.00000000E+00  0.00000000E+00  0.00000000E+00
  4.74468398E+03  0.00000000E+00  0.00000000E+00  0.00000000E+00  0.00000000E+00
  4.75922241E+03  0.00000000E+00  0.00000000E+00  0.00000000E+00  0.00000000E+00
  4.77521468E+03  0.00000000E+00  0.00000000E+00  0.00000000E+00  0.00000000E+00
  4.79280619E+03  0.00000000E+00  0.00000000E+00  0.00000000E+00  0.00000000E+00
  4.81215684E+03  0.00000000E+00  0.00000000E+00  0.00000000E+00  0.00000000E+00
  4.83344255E+03  0.00000000E+00  0.00000000E+00  0.00000000E+00  0.00000000E+00
  4.84514969E+03  0.00000000E+00  0.00000000E+00  0.00000000E+00  0.00000000E+00
  4.85802755E+03  0.00000000E+00  0.00000000E+00  0.00000000E+00  0.00000000E+00
  4.87219320E+03  0.00000000E+00  0.00000000E+00  0.00000000E+00  0.00000000E+00
  4.88777540E+03  0.00000000E+00  0.00000000E+00  0.00000000E+00  0.00000000E+00
  4.90491583E+03  0.00000000E+00  0.00000000E+00  0.00000000E+00  0.00000000E+00
  4.92377030E+03  0.00000000E+00  0.00000000E+00  0.00000000E+00  0.00000000E+00
  4.94451022E+03  0.00000000E+00  0.00000000E+00  0.00000000E+00  0.00000000E+00
  4.96732413E+03  0.00000000E+00  0.00000000E+00  0.00000000E+00  0.00000000E+00
  4.97987178E+03  0.00000000E+00  0.00000000E+00  0.00000000E+00  0.00000000E+00
  4.99367420E+03  0.00000000E+00  0.00000000E+00  0.00000000E+00  0.00000000E+00
  5.00885686E+03  0.00000000E+00  0.00000000E+00  0.00000000E+00  0.00000000E+00
  5.02555778E+03  0.00000000E+00  0.00000000E+00  0.00000000E+00  0.00000000E+00
  5.04392880E+03  0.00000000E+00  0.00000000E+00  0.00000000E+00  0.00000000E+00
  5.06413691E+03  0.00000000E+00  0.00000000E+00  0.00000000E+00  0.00000000E+00
  5.08636584E+03  0.00000000E+00  0.00000000E+00  0.00000000E+00  0.00000000E+00
  5.09859175E+03  0.00000000E+00  0.00000000E+00  0.00000000E+00  0.00000000E+00
  5.11204026E+03  0.00000000E+00  0.00000000E+00  0.00000000E+00  0.00000000E+00
  5.12683361E+03  0.00000000E+00  0.00000000E+00  0.00000000E+00  0.00000000E+00
  5.14310630E+03  0.00000000E+00  0.00000000E+00  0.00000000E+00  0.00000000E+00
  5.16100625E+03  0.00000000E+00  0.00000000E+00  0.00000000E+00  0.00000000E+00
  5.18069620E+03  0.00000000E+00  0.00000000E+00  0.00000000E+00  0.00000000E+00
  5.20235515E+03  0.00000000E+00  0.00000000E+00  0.00000000E+00  0.00000000E+00
  5.22617999E+03  0.00000000E+00  0.00000000E+00  0.00000000E+00  0.00000000E+00
  5.23928365E+03  0.00000000E+00  0.00000000E+00  0.00000000E+00  0.00000000E+00
  5.25369768E+03  0.00000000E+00  0.00000000E+00  0.00000000E+00  0.00000000E+00
  5.26955312E+03  0.00000000E+00  0.00000000E+00  0.00000000E+00  0.00000000E+00
  5.28699409E+03  0.00000000E+00  0.00000000E+00  0.00000000E+00  0.00000000E+00
  5.30617916E+03  0.00000000E+00  0.00000000E+00  0.00000000E+00  0.00000000E+00
  5.32728274E+03  0.00000000E+00  0.00000000E+00  0.00000000E+00  0.00000000E+00
  5.35049668E+03  0.00000000E+00  0.00000000E+00  0.00000000E+00  0.00000000E+00
  5.36326435E+03  0.00000000E+00  0.00000000E+00  0.00000000E+00  0.00000000E+00
  5.37730878E+03  0.00000000E+00  0.00000000E+00  0.00000000E+00  0.00000000E+00
  5.39275766E+03  0.00000000E+00  0.00000000E+00  0.00000000E+00  0.00000000E+00
  5.40975142E+03  0.00000000E+00  0.00000000E+00  0.00000000E+00  0.00000000E+00
  5.42844456E+03  0.00000000E+00  0.00000000E+00  0.00000000E+00  0.00000000E+00
  5.44900701E+03  0.00000000E+00  0.00000000E+00  0.00000000E+00  0.00000000E+00
  5.47162571E+03  0.00000000E+00  0.00000000E+00  0.00000000E+00  0.00000000E+00
  5.48406600E+03  0.00000000E+00  0.00000000E+00  0.00000000E+00  0.00000000E+00
  5.49775031E+03  0.00000000E+00  0.00000000E+00  0.00000000E+00  0.00000000E+00
  5.51280305E+03  0.00000000E+00  0.00000000E+00  0.00000000E+00  0.00000000E+00
  5.52936107E+03  0.00000000E+00  0.00000000E+00  0.00000000E+00  0.00000000E+00
  5.54757489E+03  0.00000000E+00  0.00000000E+00  0.00000000E+00  0.00000000E+00
  5.56761010E+03  0.00000000E+00  0.00000000E+00  0.00000000E+00  0.00000000E+00
  5.58964882E+03  0.00000000E+00  0.00000000E+00  0.00000000E+00  0.00000000E+00
  5.61389141E+03  0.00000000E+00  0.00000000E+00  0.00000000E+00  0.00000000E+00
  5.62722484E+03  0.00000000E+00  0.00000000E+00  0.00000000E+00  0.00000000E+00
  5.64189161E+03  0.00000000E+00  0.00000000E+00  0.00000000E+00  0.00000000E+00
  5.65802506E+03  0.00000000E+00  0.00000000E+00  0.00000000E+00  0.00000000E+00
  5.67577185E+03  0.00000000E+00  0.00000000E+00  0.00000000E+00  0.00000000E+00
  5.69529332E+03  0.00000000E+00  0.00000000E+00  0.00000000E+00  0.00000000E+00
  5.71676694E+03  0.00000000E+00  0.00000000E+00  0.00000000E+00  0.00000000E+00
  5.74038792E+03  0.00000000E+00  0.00000000E+00  0.00000000E+00  0.00000000E+00
  5.75337946E+03  0.00000000E+00  0.00000000E+00  0.00000000E+00  0.00000000E+00
  5.76767015E+03  0.00000000E+00  0.00000000E+00  0.00000000E+00  0.00000000E+00
  5.78338991E+03  0.00000000E+00  0.00000000E+00  0.00000000E+00  0.00000000E+00
  5.80068165E+03  0.00000000E+00  0.00000000E+00  0.00000000E+00  0.00000000E+00
  5.81970256E+03  0.00000000E+00  0.00000000E+00  0.00000000E+00  0.00000000E+00
  5.84062557E+03  0.00000000E+00  0.00000000E+00  0.00000000E+00  0.00000000E+00
  5.86364087E+03  0.00000000E+00  0.00000000E+00  0.00000000E+00  0.00000000E+00
  5.88895771E+03  0.00000000E+00  0.00000000E+00  0.00000000E+00  0.00000000E+00
  5.90288196E+03  0.00000000E+00  0.00000000E+00  0.00000000E+00  0.00000000E+00
  5.91819865E+03  0.00000000E+00  0.00000000E+00  0.00000000E+00  0.00000000E+00
  5.93504700E+03  0.00000000E+00  0.00000000E+00  0.00000000E+00  0.00000000E+00
  5.95358019E+03  0.00000000E+00  0.00000000E+00  0.00000000E+00  0.00000000E+00
  5.97396670E+03  0.00000000E+00  0.00000000E+00  0.00000000E+00  0.00000000E+00
  5.99639186E+03  0.00000000E+00  0.00000000E+00  0.00000000E+00  0.00000000E+00
  6.02105953E+03  0.00000000E+00  0.00000000E+00  0.00000000E+00  0.00000000E+00
  6.03462675E+03  0.00000000E+00  0.00000000E+00  0.00000000E+00  0.00000000E+00
  6.04955069E+03  0.00000000E+00  0.00000000E+00  0.00000000E+00  0.00000000E+00
  6.06596703E+03  0.00000000E+00  0.00000000E+00  0.00000000E+00  0.00000000E+00
  6.08402500E+03  0.00000000E+00  0.00000000E+00  0.00000000E+00  0.00000000E+00
  6.10388877E+03  0.00000000E+00  0.00000000E+00  0.00000000E+00  0.00000000E+00
  6.12573891E+03  0.00000000E+00  0.00000000E+00  0.00000000E+00  0.00000000E+00
  6.14977407E+03  0.00000000E+00  0.00000000E+00  0.00000000E+00  0.00000000E+00
  6.17621275E+03  0.00000000E+00  0.00000000E+00  0.00000000E+00  0.00000000E+00
  6.19075402E+03  0.00000000E+00  0.00000000E+00  0.00000000E+00  0.00000000E+00
  6.20674941E+03  0.00000000E+00  0.00000000E+00  0.00000000E+00  0.00000000E+00
  6.22434435E+03  0.00000000E+00  0.00000000E+00  0.00000000E+00  0.00000000E+00
  6.24369878E+03  0.00000000E+00  0.00000000E+00  0.00000000E+00  0.00000000E+00
  6.26498866E+03  0.00000000E+00  0.00000000E+00  0.00000000E+00  0.00000000E+00
  6.28840752E+03  0.00000000E+00  0.00000000E+00  0.00000000E+00  0.00000000E+00
  6.31416827E+03  0.00000000E+00  0.00000000E+00  0.00000000E+00  0.00000000E+00
  6.32833668E+03  0.00000000E+00  0.00000000E+00  0.00000000E+00  0.00000000E+00
  6.34392194E+03  0.00000000E+00  0.00000000E+00  0.00000000E+00  0.00000000E+00
  6.36106571E+03  0.00000000E+00  0.00000000E+00  0.00000000E+00  0.00000000E+00
  6.37992387E+03  0.00000000E+00  0.00000000E+00  0.00000000E+00  0.00000000E+00
  6.40066784E+03  0.00000000E+00  0.00000000E+00  0.00000000E+00  0.00000000E+00
  6.42348621E+03  0.00000000E+00  0.00000000E+00  0.00000000E+00  0.00000000E+00
  6.44858642E+03  0.00000000E+00  0.00000000E+00  0.00000000E+00  0.00000000E+00
  6.47619664E+03  0.00000000E+00  0.00000000E+00  0.00000000E+00  0.00000000E+00
  6.49138227E+03  0.00000000E+00  0.00000000E+00  0.00000000E+00  0.00000000E+00
  6.50808645E+03  0.00000000E+00  0.00000000E+00  0.00000000E+00  0.00000000E+00
  6.52646106E+03  0.00000000E+00  0.00000000E+00  0.00000000E+00  0.00000000E+00
  6.54667313E+03  0.00000000E+00  0.00000000E+00  0.00000000E+00  0.00000000E+00
  6.56890640E+03  0.00000000E+00  0.00000000E+00  0.00000000E+00  0.00000000E+00
  6.59336300E+03  0.00000000E+00  0.00000000E+00  0.00000000E+00  0.00000000E+00
  6.62026526E+03  0.00000000E+00  0.00000000E+00  0.00000000E+00  0.00000000E+00
  6.63506150E+03  0.00000000E+00  0.00000000E+00  0.00000000E+00  0.00000000E+00
  6.65133737E+03  0.00000000E+00  0.00000000E+00  0.00000000E+00  0.00000000E+00
  6.66924082E+03  0.00000000E+00  0.00000000E+00  0.00000000E+00  0.00000000E+00
  6.68893462E+03  0.00000000E+00  0.00000000E+00  0.00000000E+00  0.00000000E+00
  6.71059780E+03  0.00000000E+00  0.00000000E+00  0.00000000E+00  0.00000000E+00
  6.73442730E+03  0.00000000E+00  0.00000000E+00  0.00000000E+00  0.00000000E+00
  6.76063975E+03  0.00000000E+00  0.00000000E+00  0.00000000E+00  0.00000000E+00
  6.78947344E+03  0.00000000E+00  0.00000000E+00  0.00000000E+00  0.00000000E+00
  6.80533197E+03  0.00000000E+00  0.00000000E+00  0.00000000E+00  0.00000000E+00
  6.82277635E+03  0.00000000E+00  0.00000000E+00  0.00000000E+00  0.00000000E+00
  6.84196518E+03  0.00000000E+00  0.00000000E+00  0.00000000E+00  0.00000000E+00
  6.86307288E+03  0.00000000E+00  0.00000000E+00  0.00000000E+00  0.00000000E+00
  6.88629135E+03  0.00000000E+00  0.00000000E+00  0.00000000E+00  0.00000000E+00
  6.91183168E+03  0.00000000E+00  0.00000000E+00  0.00000000E+00  0.00000000E+00
  6.93992603E+03  0.00000000E+00  0.00000000E+00  0.00000000E+00  0.00000000E+00
  6.95537792E+03  0.00000000E+00  0.00000000E+00  0.00000000E+00  0.00000000E+00
  6.97237501E+03  0.00000000E+00  0.00000000E+00  0.00000000E+00  0.00000000E+00
  6.99107180E+03  0.00000000E+00  0.00000000E+00  0.00000000E+00  0.00000000E+00
  7.01163827E+03  0.00000000E+00  0.00000000E+00  0.00000000E+00  0.00000000E+00
  7.03426139E+03  0.00000000E+00  0.00000000E+00  0.00000000E+00  0.00000000E+00
  7.05914682E+03  0.00000000E+00  0.00000000E+00  0.00000000E+00  0.00000000E+00
  7.08652080E+03  0.00000000E+00  0.00000000E+00  0.00000000E+00  0.00000000E+00
  7.11663217E+03  0.00000000E+00  0.00000000E+00  0.00000000E+00  0.00000000E+00
  7.13319342E+03  0.00000000E+00  0.00000000E+00  0.00000000E+00  0.00000000E+00
  7.15141080E+03  0.00000000E+00  0.00000000E+00  0.00000000E+00  0.00000000E+00
  7.17144992E+03  0.00000000E+00  0.00000000E+00  0.00000000E+00  0.00000000E+00
  7.18572496E+03  0.00000000E+00  0.00000000E+00  0.00000000E+00  0.00000000E+00
  7.20000000E+03  0.00000000E+00  0.00000000E+00  0.00000000E+00  0.00000000E+00
