      0  0.00000000E+00     NSTEP   TIME
 SURFACE NODE =   441  X =   1.0000E+01  Y =   0.0000E+00
              Z  PRESSURE HEAD             SW           CKRW        QTRANIE
   3.350000E-01  -1.750000E+02   2.864528E-01   1.548872E-13   0.000000E+00   0.000000E+00
   3.290000E-01  -1.750000E+02   2.864528E-01   1.548872E-13   0.000000E+00   0.000000E+00
   3.170000E-01  -1.750000E+02   2.864528E-01   1.548872E-13   0.000000E+00   0.000000E+00
   2.990000E-01  -1.750000E+02   2.864528E-01   1.548872E-13   0.000000E+00   0.000000E+00
   2.750000E-01  -1.750000E+02   2.864528E-01   1.548872E-13   0.000000E+00   0.000000E+00
   2.450000E-01  -1.750000E+02   2.864528E-01   1.548872E-13   0.000000E+00   0.000000E+00
   2.150000E-01  -1.750000E+02   2.864528E-01   1.548872E-13   0.000000E+00   0.000000E+00
   1.550000E-01  -1.750000E+02   2.864528E-01   1.548872E-13   0.000000E+00   0.000000E+00
   9.500000E-02  -1.750000E+02   2.864528E-01   1.548872E-13   0.000000E+00   0.000000E+00
  -5.500000E-02  -1.750000E+02   2.864528E-01   1.548872E-13   0.000000E+00   0.000000E+00
  -2.050000E-01  -1.750000E+02   2.864528E-01   1.548872E-13   0.000000E+00   0.000000E+00
  -5.050000E-01  -1.750000E+02   2.864528E-01   1.548872E-13   0.000000E+00   0.000000E+00
  -8.050000E-01  -1.750000E+02   2.864528E-01   1.548872E-13   0.000000E+00   0.000000E+00
  -1.405000E+00  -1.750000E+02   2.864528E-01   1.548872E-13   0.000000E+00   0.000000E+00
  -2.005000E+00  -1.750000E+02   2.864528E-01   1.548872E-13   0.000000E+00   0.000000E+00
  -2.665000E+00  -1.750000E+02   2.864528E-01   1.548872E-13   0.000000E+00   0.000000E+00
    416  1.80231163E+03     NSTEP   TIME
 SURFACE NODE =   441  X =   1.0000E+01  Y =   0.0000E+00
              Z  PRESSURE HEAD             SW           CKRW        QTRANIE
   3.350000E-01  -5.000000E+00   3.431510E-01   1.130954E-08   0.000000E+00   0.000000E+00
   3.290000E-01  -1.098003E+02   2.897351E-01   6.724841E-13   0.000000E+00   0.000000E+00
   3.170000E-01  -1.749993E+02   2.864529E-01   1.548890E-13   0.000000E+00   0.000000E+00
   2.990000E-01  -1.750000E+02   2.864528E-01   1.548872E-13   0.000000E+00   0.000000E+00
   2.750000E-01  -1.750000E+02   2.864528E-01   1.548872E-13   0.000000E+00   0.000000E+00
   2.450000E-01  -1.750000E+02   2.864528E-01   1.548872E-13   0.000000E+00   0.000000E+00
   2.150000E-01  -1.750000E+02   2.864528E-01   1.548872E-13   0.000000E+00   0.000000E+00
   1.550000E-01  -1.750000E+02   2.864528E-01   1.548872E-13   0.000000E+00   0.000000E+00
   9.500000E-02  -1.750000E+02   2.864528E-01   1.548872E-13   0.000000E+00   0.000000E+00
  -5.500000E-02  -1.750000E+02   2.864528E-01   1.548872E-13   0.000000E+00   0.000000E+00
  -2.050000E-01  -1.750000E+02   2.864528E-01   1.548872E-13   0.000000E+00   0.000000E+00
  -5.050000E-01  -1.750000E+02   2.864528E-01   1.548872E-13   0.000000E+00   0.000000E+00
  -8.050000E-01  -1.750000E+02   2.864528E-01   1.548872E-13   0.000000E+00   0.000000E+00
  -1.405000E+00  -1.750000E+02   2.864528E-01   1.548872E-13   0.000000E+00   0.000000E+00
  -2.005000E+00  -1.750000E+02   2.864528E-01   1.548872E-13   0.000000E+00   0.000000E+00
  -2.665000E+00  -1.750000E+02   2.864528E-01   1.548872E-13   0.000000E+00   0.000000E+00
    803  7.20000000E+03     NSTEP   TIME
 SURFACE NODE =   441  X =   1.0000E+01  Y =   0.0000E+00
              Z  PRESSURE HEAD             SW           CKRW        QTRANIE
   3.350000E-01  -5.000000E+00   3.431510E-01   1.130954E-08   0.000000E+00   0.000000E+00
   3.290000E-01  -5.835598E+01   2.954744E-01   4.925020E-12   0.000000E+00   0.000000E+00
   3.170000E-01  -1.749823E+02   2.864535E-01   1.549365E-13   0.000000E+00   0.000000E+00
   2.990000E-01  -1.750000E+02   2.864528E-01   1.548872E-13   0.000000E+00   0.000000E+00
   2.750000E-01  -1.750000E+02   2.864528E-01   1.548872E-13   0.000000E+00   0.000000E+00
   2.450000E-01  -1.750000E+02   2.864528E-01   1.548872E-13   0.000000E+00   0.000000E+00
   2.150000E-01  -1.750000E+02   2.864528E-01   1.548872E-13   0.000000E+00   0.000000E+00
   1.550000E-01  -1.750000E+02   2.864528E-01   1.548872E-13   0.000000E+00   0.000000E+00
   9.500000E-02  -1.750000E+02   2.864528E-01   1.548872E-13   0.000000E+00   0.000000E+00
  -5.500000E-02  -1.750000E+02   2.864528E-01   1.548872E-13   0.000000E+00   0.000000E+00
  -2.050000E-01  -1.750000E+02   2.864528E-01   1.548872E-13   0.000000E+00   0.000000E+00
  -5.050000E-01  -1.750000E+02   2.864528E-01   1.548872E-13   0.000000E+00   0.000000E+00
  -8.050000E-01  -1.750000E+02   2.864528E-01   1.548872E-13   0.000000E+00   0.000000E+00
  -1.405000E+00  -1.750000E+02   2.864528E-01   1.548872E-13   0.000000E+00   0.000000E+00
  -2.005000E+00  -1.750000E+02   2.864528E-01   1.548872E-13   0.000000E+00   0.000000E+00
  -2.665000E+00  -1.750000E+02   2.864528E-01   1.548872E-13   0.000000E+00   0.000000E+00
    803  7.20000000E+03     NSTEP   TIME
 SURFACE NODE =   441  X =   1.0000E+01  Y =   0.0000E+00
              Z  PRESSURE HEAD             SW           CKRW        QTRANIE
   3.350000E-01  -5.000000E+00   3.431510E-01   1.130954E-08   0.000000E+00   0.000000E+00
   3.290000E-01  -5.835598E+01   2.954744E-01   4.925020E-12   0.000000E+00   0.000000E+00
   3.170000E-01  -1.749823E+02   2.864535E-01   1.549365E-13   0.000000E+00   0.000000E+00
   2.990000E-01  -1.750000E+02   2.864528E-01   1.548872E-13   0.000000E+00   0.000000E+00
   2.750000E-01  -1.750000E+02   2.864528E-01   1.548872E-13   0.000000E+00   0.000000E+00
   2.450000E-01  -1.750000E+02   2.864528E-01   1.548872E-13   0.000000E+00   0.000000E+00
   2.150000E-01  -1.750000E+02   2.864528E-01   1.548872E-13   0.000000E+00   0.000000E+00
   1.550000E-01  -1.750000E+02   2.864528E-01   1.548872E-13   0.000000E+00   0.000000E+00
   9.500000E-02  -1.750000E+02   2.864528E-01   1.548872E-13   0.000000E+00   0.000000E+00
  -5.500000E-02  -1.750000E+02   2.864528E-01   1.548872E-13   0.000000E+00   0.000000E+00
  -2.050000E-01  -1.750000E+02   2.864528E-01   1.548872E-13   0.000000E+00   0.000000E+00
  -5.050000E-01  -1.750000E+02   2.864528E-01   1.548872E-13   0.000000E+00   0.000000E+00
  -8.050000E-01  -1.750000E+02   2.864528E-01   1.548872E-13   0.000000E+00   0.000000E+00
  -1.405000E+00  -1.750000E+02   2.864528E-01   1.548872E-13   0.000000E+00   0.000000E+00
  -2.005000E+00  -1.750000E+02   2.864528E-01   1.548872E-13   0.000000E+00   0.000000E+00
  -2.665000E+00  -1.750000E+02   2.864528E-01   1.548872E-13   0.000000E+00   0.000000E+00
