#TIME      <--- WTDEPTH(NODVP(I)), I=1,2,...,NUMVP --->
   5.000000E+00  -2.665000E+00
   7.750000E+00  -2.665000E+00
   9.262500E+00  -2.665000E+00
   1.092625E+01  -2.665000E+00
   1.275638E+01  -2.665000E+00
   1.476951E+01  -2.665000E+00
   1.698396E+01  -2.665000E+00
   1.941986E+01  -2.665000E+00
   2.209935E+01  -2.665000E+00
   2.357306E+01  -2.665000E+00
   2.519415E+01  -2.665000E+00
   2.697735E+01  -2.665000E+00
   2.893887E+01  -2.665000E+00
   3.109654E+01  -2.665000E+00
   3.346997E+01  -2.665000E+00
   3.608075E+01  -2.665000E+00
   3.895261E+01  -2.665000E+00
   4.053213E+01  -2.665000E+00
   4.226961E+01  -2.665000E+00
   4.418083E+01  -2.665000E+00
   4.628317E+01  -2.665000E+00
   4.859575E+01  -2.665000E+00
   5.113959E+01  -2.665000E+00
   5.393781E+01  -2.665000E+00
   5.547683E+01  -2.665000E+00
   5.716975E+01  -2.665000E+00
   5.903197E+01  -2.665000E+00
   6.108040E+01  -2.665000E+00
   6.333368E+01  -2.665000E+00
   6.581229E+01  -2.665000E+00
   6.853876E+01  -2.665000E+00
   7.153788E+01  -2.665000E+00
   7.318739E+01  -2.665000E+00
   7.500186E+01  -2.665000E+00
   7.699777E+01  -2.665000E+00
   7.919327E+01  -2.665000E+00
   8.160832E+01  -2.665000E+00
   8.426488E+01  -2.665000E+00
   8.718710E+01  -2.665000E+00
   8.879431E+01  -2.665000E+00
   9.056225E+01  -2.665000E+00
   9.250699E+01  -2.665000E+00
   9.464619E+01  -2.665000E+00
   9.699932E+01  -2.665000E+00
   9.958776E+01  -2.665000E+00
   1.024350E+02  -2.665000E+00
   1.055671E+02  -2.665000E+00
   1.072897E+02  -2.665000E+00
   1.091845E+02  -2.665000E+00
   1.112689E+02  -2.665000E+00
   1.135617E+02  -2.665000E+00
   1.160837E+02  -2.665000E+00
   1.188580E+02  -2.665000E+00
   1.219097E+02  -2.665000E+00
   1.235882E+02  -2.665000E+00
   1.254344E+02  -2.665000E+00
   1.274654E+02  -2.665000E+00
   1.296994E+02  -2.665000E+00
   1.321568E+02  -2.665000E+00
   1.348599E+02  -2.665000E+00
   1.378333E+02  -2.665000E+00
   1.411041E+02  -2.665000E+00
   1.429031E+02  -2.665000E+00
   1.448819E+02  -2.665000E+00
   1.470586E+02  -2.665000E+00
   1.494530E+02  -2.665000E+00
   1.520869E+02  -2.665000E+00
   1.549841E+02  -2.665000E+00
   1.581710E+02  -2.665000E+00
   1.616766E+02  -2.665000E+00
   1.636047E+02  -2.665000E+00
   1.657256E+02  -2.665000E+00
   1.680586E+02  -2.665000E+00
   1.706249E+02  -2.665000E+00
   1.734478E+02  -2.665000E+00
   1.765530E+02  -2.665000E+00
   1.799688E+02  -2.665000E+00
   1.818474E+02  -2.665000E+00
   1.839139E+02  -2.665000E+00
   1.861871E+02  -2.665000E+00
   1.886876E+02  -2.665000E+00
   1.914381E+02  -2.665000E+00
   1.944637E+02  -2.665000E+00
   1.977919E+02  -2.665000E+00
   2.014528E+02  -2.665000E+00
   2.034664E+02  -2.665000E+00
   2.056813E+02  -2.665000E+00
   2.081176E+02  -2.665000E+00
   2.107976E+02  -2.665000E+00
   2.137456E+02  -2.665000E+00
   2.169885E+02  -2.665000E+00
   2.205556E+02  -2.665000E+00
   2.225175E+02  -2.665000E+00
   2.246755E+02  -2.665000E+00
   2.270494E+02  -2.665000E+00
   2.296607E+02  -2.665000E+00
   2.325332E+02  -2.665000E+00
   2.356928E+02  -2.665000E+00
   2.391684E+02  -2.665000E+00
   2.429916E+02  -2.665000E+00
   2.450944E+02  -2.665000E+00
   2.474074E+02  -2.665000E+00
   2.499518E+02  -2.665000E+00
   2.527505E+02  -2.665000E+00
   2.558292E+02  -2.665000E+00
   2.592157E+02  -2.665000E+00
   2.629408E+02  -2.665000E+00
   2.649897E+02  -2.665000E+00
   2.672434E+02  -2.665000E+00
   2.697225E+02  -2.665000E+00
   2.724495E+02  -2.665000E+00
   2.754492E+02  -2.665000E+00
   2.787489E+02  -2.665000E+00
   2.823785E+02  -2.665000E+00
   2.863711E+02  -2.665000E+00
   2.885670E+02  -2.665000E+00
   2.909826E+02  -2.665000E+00
   2.936396E+02  -2.665000E+00
   2.965624E+02  -2.665000E+00
   2.997775E+02  -2.665000E+00
   3.033141E+02  -2.665000E+00
   3.072043E+02  -2.665000E+00
   3.093439E+02  -2.665000E+00
   3.116975E+02  -2.665000E+00
   3.142864E+02  -2.665000E+00
   3.171343E+02  -2.665000E+00
   3.202669E+02  -2.665000E+00
   3.237128E+02  -2.665000E+00
   3.275033E+02  -2.665000E+00
   3.316728E+02  -2.665000E+00
   3.339660E+02  -2.665000E+00
   3.364886E+02  -2.665000E+00
   3.392634E+02  -2.665000E+00
   3.423157E+02  -2.665000E+00
   3.456732E+02  -2.665000E+00
   3.493665E+02  -2.665000E+00
   3.534291E+02  -2.665000E+00
   3.556636E+02  -2.665000E+00
   3.581214E+02  -2.665000E+00
   3.608251E+02  -2.665000E+00
   3.637992E+02  -2.665000E+00
   3.670706E+02  -2.665000E+00
   3.706692E+02  -2.665000E+00
   3.746276E+02  -2.665000E+00
   3.789819E+02  -2.665000E+00
   3.813768E+02  -2.665000E+00
   3.840111E+02  -2.665000E+00
   3.869089E+02  -2.665000E+00
   3.900964E+02  -2.665000E+00
   3.936027E+02  -2.665000E+00
   3.974597E+02  -2.665000E+00
   4.017023E+02  -2.665000E+00
   4.040358E+02  -2.665000E+00
   4.066025E+02  -2.665000E+00
   4.094260E+02  -2.665000E+00
   4.125318E+02  -2.665000E+00
   4.159482E+02  -2.665000E+00
   4.197063E+02  -2.665000E+00
   4.238401E+02  -2.665000E+00
   4.283874E+02  -2.665000E+00
   4.308883E+02  -2.665000E+00
   4.336394E+02  -2.665000E+00
   4.366656E+02  -2.665000E+00
   4.399944E+02  -2.665000E+00
   4.436561E+02  -2.665000E+00
   4.476839E+02  -2.665000E+00
   4.521146E+02  -2.665000E+00
   4.569883E+02  -2.665000E+00
   4.596688E+02  -2.665000E+00
   4.626174E+02  -2.665000E+00
   4.658608E+02  -2.665000E+00
   4.694286E+02  -2.665000E+00
   4.733532E+02  -2.665000E+00
   4.776702E+02  -2.665000E+00
   4.824189E+02  -2.665000E+00
   4.850307E+02  -2.665000E+00
   4.879037E+02  -2.665000E+00
   4.910640E+02  -2.665000E+00
   4.945403E+02  -2.665000E+00
   4.983642E+02  -2.665000E+00
   5.025706E+02  -2.665000E+00
   5.071975E+02  -2.665000E+00
   5.122872E+02  -2.665000E+00
   5.150865E+02  -2.665000E+00
   5.181658E+02  -2.665000E+00
   5.215529E+02  -2.665000E+00
   5.252788E+02  -2.665000E+00
   5.293773E+02  -2.665000E+00
   5.338856E+02  -2.665000E+00
   5.388448E+02  -2.665000E+00
   5.415723E+02  -2.665000E+00
   5.445726E+02  -2.665000E+00
   5.478729E+02  -2.665000E+00
   5.515032E+02  -2.665000E+00
   5.554966E+02  -2.665000E+00
   5.598894E+02  -2.665000E+00
   5.647213E+02  -2.665000E+00
   5.700365E+02  -2.665000E+00
   5.729599E+02  -2.665000E+00
   5.761756E+02  -2.665000E+00
   5.797129E+02  -2.665000E+00
   5.836038E+02  -2.665000E+00
   5.878839E+02  -2.665000E+00
   5.925920E+02  -2.665000E+00
   5.977709E+02  -2.665000E+00
   6.006193E+02  -2.665000E+00
   6.037526E+02  -2.665000E+00
   6.071991E+02  -2.665000E+00
   6.109903E+02  -2.665000E+00
   6.151607E+02  -2.665000E+00
   6.197480E+02  -2.665000E+00
   6.247942E+02  -2.665000E+00
   6.303449E+02  -2.665000E+00
   6.333978E+02  -2.665000E+00
   6.367560E+02  -2.665000E+00
   6.404500E+02  -2.665000E+00
   6.445134E+02  -2.665000E+00
   6.489831E+02  -2.665000E+00
   6.538998E+02  -2.665000E+00
   6.593082E+02  -2.665000E+00
   6.622828E+02  -2.665000E+00
   6.655549E+02  -2.665000E+00
   6.691542E+02  -2.665000E+00
   6.731134E+02  -2.665000E+00
   6.774686E+02  -2.665000E+00
   6.822592E+02  -2.665000E+00
   6.875289E+02  -2.665000E+00
   6.933256E+02  -2.665000E+00
   6.965138E+02  -2.665000E+00
   7.000208E+02  -2.665000E+00
   7.038785E+02  -2.665000E+00
   7.081219E+02  -2.665000E+00
   7.127897E+02  -2.665000E+00
   7.179243E+02  -2.665000E+00
   7.235724E+02  -2.665000E+00
   7.266788E+02  -2.665000E+00
   7.300959E+02  -2.665000E+00
   7.338547E+02  -2.665000E+00
   7.379893E+02  -2.665000E+00
   7.425374E+02  -2.665000E+00
   7.475404E+02  -2.665000E+00
   7.530436E+02  -2.665000E+00
   7.590971E+02  -2.665000E+00
   7.624266E+02  -2.665000E+00
   7.660890E+02  -2.665000E+00
   7.701176E+02  -2.665000E+00
   7.745491E+02  -2.665000E+00
   7.794238E+02  -2.665000E+00
   7.847859E+02  -2.665000E+00
   7.906842E+02  -2.665000E+00
   7.939283E+02  -2.665000E+00
   7.974968E+02  -2.665000E+00
   8.014221E+02  -2.665000E+00
   8.057400E+02  -2.665000E+00
   8.104896E+02  -2.665000E+00
   8.157143E+02  -2.665000E+00
   8.214613E+02  -2.665000E+00
   8.277831E+02  -2.665000E+00
   8.312601E+02  -2.665000E+00
   8.350848E+02  -2.665000E+00
   8.392920E+02  -2.665000E+00
   8.439198E+02  -2.665000E+00
   8.490105E+02  -2.665000E+00
   8.546102E+02  -2.665000E+00
   8.607699E+02  -2.665000E+00
   8.641577E+02  -2.665000E+00
   8.678843E+02  -2.665000E+00
   8.719836E+02  -2.665000E+00
   8.764928E+02  -2.665000E+00
   8.814529E+02  -2.665000E+00
   8.869091E+02  -2.665000E+00
   8.929108E+02  -2.665000E+00
   8.995127E+02  -2.665000E+00
   9.031438E+02  -2.665000E+00
   9.071380E+02  -2.665000E+00
   9.115315E+02  -2.665000E+00
   9.163645E+02  -2.665000E+00
   9.216807E+02  -2.665000E+00
   9.275286E+02  -2.665000E+00
   9.339612E+02  -2.665000E+00
   9.374992E+02  -2.665000E+00
   9.413909E+02  -2.665000E+00
   9.456718E+02  -2.665000E+00
   9.503809E+02  -2.665000E+00
   9.555608E+02  -2.665000E+00
   9.612587E+02  -2.665000E+00
   9.675264E+02  -2.665000E+00
   9.744208E+02  -2.665000E+00
   9.782128E+02  -2.665000E+00
   9.823840E+02  -2.665000E+00
   9.869722E+02  -2.665000E+00
   9.920193E+02  -2.665000E+00
   9.975711E+02  -2.665000E+00
   1.003678E+03  -2.665000E+00
   1.010396E+03  -2.665000E+00
   1.017785E+03  -2.665000E+00
   1.021849E+03  -2.665000E+00
   1.026320E+03  -2.665000E+00
   1.031238E+03  -2.665000E+00
   1.036647E+03  -2.665000E+00
   1.042598E+03  -2.665000E+00
   1.049143E+03  -2.665000E+00
   1.056343E+03  -2.665000E+00
   1.060303E+03  -2.665000E+00
   1.064659E+03  -2.665000E+00
   1.069451E+03  -2.665000E+00
   1.074721E+03  -2.665000E+00
   1.080519E+03  -2.665000E+00
   1.086897E+03  -2.665000E+00
   1.093912E+03  -2.665000E+00
   1.101629E+03  -2.665000E+00
   1.105873E+03  -2.665000E+00
   1.110542E+03  -2.665000E+00
   1.115678E+03  -2.665000E+00
   1.121327E+03  -2.665000E+00
   1.127541E+03  -2.665000E+00
   1.134376E+03  -2.665000E+00
   1.141895E+03  -2.665000E+00
   1.146031E+03  -2.665000E+00
   1.150580E+03  -2.665000E+00
   1.155584E+03  -2.665000E+00
   1.161088E+03  -2.665000E+00
   1.167143E+03  -2.665000E+00
   1.173803E+03  -2.665000E+00
   1.181129E+03  -2.665000E+00
   1.189188E+03  -2.665000E+00
   1.193620E+03  -2.665000E+00
   1.198496E+03  -2.665000E+00
   1.203859E+03  -2.665000E+00
   1.209759E+03  -2.665000E+00
   1.216248E+03  -2.665000E+00
   1.223386E+03  -2.665000E+00
   1.231239E+03  -2.665000E+00
   1.235557E+03  -2.665000E+00
   1.240308E+03  -2.665000E+00
   1.245534E+03  -2.665000E+00
   1.251282E+03  -2.665000E+00
   1.257605E+03  -2.665000E+00
   1.264560E+03  -2.665000E+00
   1.272211E+03  -2.665000E+00
   1.280627E+03  -2.665000E+00
   1.285256E+03  -2.665000E+00
   1.290347E+03  -2.665000E+00
   1.295948E+03  -2.665000E+00
   1.302109E+03  -2.665000E+00
   1.308886E+03  -2.665000E+00
   1.316341E+03  -2.665000E+00
   1.324541E+03  -2.665000E+00
   1.329051E+03  -2.665000E+00
   1.334012E+03  -2.665000E+00
   1.339469E+03  -2.665000E+00
   1.345472E+03  -2.665000E+00
   1.352075E+03  -2.665000E+00
   1.359339E+03  -2.665000E+00
   1.367329E+03  -2.665000E+00
   1.376118E+03  -2.665000E+00
   1.380952E+03  -2.665000E+00
   1.386269E+03  -2.665000E+00
   1.392118E+03  -2.665000E+00
   1.398552E+03  -2.665000E+00
   1.405629E+03  -2.665000E+00
   1.413414E+03  -2.665000E+00
   1.421978E+03  -2.665000E+00
   1.426688E+03  -2.665000E+00
   1.431868E+03  -2.665000E+00
   1.437567E+03  -2.665000E+00
   1.443836E+03  -2.665000E+00
   1.450732E+03  -2.665000E+00
   1.458318E+03  -2.665000E+00
   1.466662E+03  -2.665000E+00
   1.475840E+03  -2.665000E+00
   1.480888E+03  -2.665000E+00
   1.486441E+03  -2.665000E+00
   1.492549E+03  -2.665000E+00
   1.499268E+03  -2.665000E+00
   1.506659E+03  -2.665000E+00
   1.514789E+03  -2.665000E+00
   1.523732E+03  -2.665000E+00
   1.528651E+03  -2.665000E+00
   1.534061E+03  -2.665000E+00
   1.540013E+03  -2.665000E+00
   1.546559E+03  -2.665000E+00
   1.553761E+03  -2.665000E+00
   1.561682E+03  -2.665000E+00
   1.570396E+03  -2.665000E+00
   1.579981E+03  -2.665000E+00
   1.585253E+03  -2.665000E+00
   1.591052E+03  -2.665000E+00
   1.597430E+03  -2.665000E+00
   1.604447E+03  -2.665000E+00
   1.612166E+03  -2.665000E+00
   1.620656E+03  -2.665000E+00
   1.629995E+03  -2.665000E+00
   1.635132E+03  -2.665000E+00
   1.640782E+03  -2.665000E+00
   1.646997E+03  -2.665000E+00
   1.653834E+03  -2.665000E+00
   1.661355E+03  -2.665000E+00
   1.669627E+03  -2.665000E+00
   1.678727E+03  -2.665000E+00
   1.688737E+03  -2.665000E+00
   1.694242E+03  -2.665000E+00
   1.700298E+03  -2.665000E+00
   1.706959E+03  -2.665000E+00
   1.714287E+03  -2.665000E+00
   1.722348E+03  -2.665000E+00
   1.731214E+03  -2.665000E+00
   1.740967E+03  -2.665000E+00
   1.746331E+03  -2.665000E+00
   1.752232E+03  -2.665000E+00
   1.758723E+03  -2.665000E+00
   1.765862E+03  -2.665000E+00
   1.773716E+03  -2.665000E+00
   1.782355E+03  -2.665000E+00
   1.791858E+03  -2.665000E+00
   1.802312E+03  -2.665000E+00
   1.808061E+03  -2.665000E+00
   1.814385E+03  -2.665000E+00
   1.821342E+03  -2.665000E+00
   1.828994E+03  -2.665000E+00
   1.837412E+03  -2.665000E+00
   1.846671E+03  -2.665000E+00
   1.856857E+03  -2.665000E+00
   1.862458E+03  -2.665000E+00
   1.868621E+03  -2.665000E+00
   1.875399E+03  -2.665000E+00
   1.882855E+03  -2.665000E+00
   1.891057E+03  -2.665000E+00
   1.900079E+03  -2.665000E+00
   1.910003E+03  -2.665000E+00
   1.920919E+03  -2.665000E+00
   1.926923E+03  -2.665000E+00
   1.933528E+03  -2.665000E+00
   1.940793E+03  -2.665000E+00
   1.948784E+03  -2.665000E+00
   1.957575E+03  -2.665000E+00
   1.967245E+03  -2.665000E+00
   1.977881E+03  -2.665000E+00
   1.983731E+03  -2.665000E+00
   1.990166E+03  -2.665000E+00
   1.997245E+03  -2.665000E+00
   2.005032E+03  -2.665000E+00
   2.013597E+03  -2.665000E+00
   2.023019E+03  -2.665000E+00
   2.033382E+03  -2.665000E+00
   2.044783E+03  -2.665000E+00
   2.051053E+03  -2.665000E+00
   2.057950E+03  -2.665000E+00
   2.065537E+03  -2.665000E+00
   2.073883E+03  -2.665000E+00
   2.083063E+03  -2.665000E+00
   2.093161E+03  -2.665000E+00
   2.104269E+03  -2.665000E+00
   2.110378E+03  -2.665000E+00
   2.117098E+03  -2.665000E+00
   2.124491E+03  -2.665000E+00
   2.132622E+03  -2.665000E+00
   2.141567E+03  -2.665000E+00
   2.151406E+03  -2.665000E+00
   2.162229E+03  -2.665000E+00
   2.174135E+03  -2.665000E+00
   2.180683E+03  -2.665000E+00
   2.187886E+03  -2.665000E+00
   2.195809E+03  -2.665000E+00
   2.204524E+03  -2.665000E+00
   2.214111E+03  -2.665000E+00
   2.224657E+03  -2.665000E+00
   2.236257E+03  -2.665000E+00
   2.242637E+03  -2.665000E+00
   2.249655E+03  -2.665000E+00
   2.257375E+03  -2.665000E+00
   2.265867E+03  -2.665000E+00
   2.275208E+03  -2.665000E+00
   2.285483E+03  -2.665000E+00
   2.296786E+03  -2.665000E+00
   2.309219E+03  -2.665000E+00
   2.316057E+03  -2.665000E+00
   2.323579E+03  -2.665000E+00
   2.331853E+03  -2.665000E+00
   2.340955E+03  -2.665000E+00
   2.350966E+03  -2.665000E+00
   2.361979E+03  -2.665000E+00
   2.374093E+03  -2.665000E+00
   2.380756E+03  -2.665000E+00
   2.388085E+03  -2.665000E+00
   2.396147E+03  -2.665000E+00
   2.405016E+03  -2.665000E+00
   2.414771E+03  -2.665000E+00
   2.425501E+03  -2.665000E+00
   2.437305E+03  -2.665000E+00
   2.450289E+03  -2.665000E+00
   2.457430E+03  -2.665000E+00
   2.465285E+03  -2.665000E+00
   2.473926E+03  -2.665000E+00
   2.483431E+03  -2.665000E+00
   2.493886E+03  -2.665000E+00
   2.505387E+03  -2.665000E+00
   2.518038E+03  -2.665000E+00
   2.524996E+03  -2.665000E+00
   2.532650E+03  -2.665000E+00
   2.541069E+03  -2.665000E+00
   2.550330E+03  -2.665000E+00
   2.560518E+03  -2.665000E+00
   2.571724E+03  -2.665000E+00
   2.584050E+03  -2.665000E+00
   2.597609E+03  -2.665000E+00
   2.605067E+03  -2.665000E+00
   2.613270E+03  -2.665000E+00
   2.622294E+03  -2.665000E+00
   2.632220E+03  -2.665000E+00
   2.643139E+03  -2.665000E+00
   2.655149E+03  -2.665000E+00
   2.668361E+03  -2.665000E+00
   2.675627E+03  -2.665000E+00
   2.683620E+03  -2.665000E+00
   2.692413E+03  -2.665000E+00
   2.702084E+03  -2.665000E+00
   2.712723E+03  -2.665000E+00
   2.724425E+03  -2.665000E+00
   2.737298E+03  -2.665000E+00
   2.751458E+03  -2.665000E+00
   2.759246E+03  -2.665000E+00
   2.767813E+03  -2.665000E+00
   2.777237E+03  -2.665000E+00
   2.787603E+03  -2.665000E+00
   2.799005E+03  -2.665000E+00
   2.811548E+03  -2.665000E+00
   2.825345E+03  -2.665000E+00
   2.832933E+03  -2.665000E+00
   2.841281E+03  -2.665000E+00
   2.850463E+03  -2.665000E+00
   2.860563E+03  -2.665000E+00
   2.871673E+03  -2.665000E+00
   2.883894E+03  -2.665000E+00
   2.897337E+03  -2.665000E+00
   2.912125E+03  -2.665000E+00
   2.920258E+03  -2.665000E+00
   2.929204E+03  -2.665000E+00
   2.939045E+03  -2.665000E+00
   2.949871E+03  -2.665000E+00
   2.961779E+03  -2.665000E+00
   2.974877E+03  -2.665000E+00
   2.989285E+03  -2.665000E+00
   2.997210E+03  -2.665000E+00
   3.005927E+03  -2.665000E+00
   3.015516E+03  -2.665000E+00
   3.026064E+03  -2.665000E+00
   3.037666E+03  -2.665000E+00
   3.050429E+03  -2.665000E+00
   3.064468E+03  -2.665000E+00
   3.079910E+03  -2.665000E+00
   3.088404E+03  -2.665000E+00
   3.097747E+03  -2.665000E+00
   3.108024E+03  -2.665000E+00
   3.119329E+03  -2.665000E+00
   3.131765E+03  -2.665000E+00
   3.145444E+03  -2.665000E+00
   3.160490E+03  -2.665000E+00
   3.168766E+03  -2.665000E+00
   3.177869E+03  -2.665000E+00
   3.187883E+03  -2.665000E+00
   3.198898E+03  -2.665000E+00
   3.211015E+03  -2.665000E+00
   3.224343E+03  -2.665000E+00
   3.239004E+03  -2.665000E+00
   3.255131E+03  -2.665000E+00
   3.264001E+03  -2.665000E+00
   3.273758E+03  -2.665000E+00
   3.284491E+03  -2.665000E+00
   3.296297E+03  -2.665000E+00
   3.309283E+03  -2.665000E+00
   3.323568E+03  -2.665000E+00
   3.339282E+03  -2.665000E+00
   3.347924E+03  -2.665000E+00
   3.357431E+03  -2.665000E+00
   3.367888E+03  -2.665000E+00
   3.379392E+03  -2.665000E+00
   3.392045E+03  -2.665000E+00
   3.405964E+03  -2.665000E+00
   3.421275E+03  -2.665000E+00
   3.438116E+03  -2.665000E+00
   3.447379E+03  -2.665000E+00
   3.457569E+03  -2.665000E+00
   3.468777E+03  -2.665000E+00
   3.481106E+03  -2.665000E+00
   3.494668E+03  -2.665000E+00
   3.509586E+03  -2.665000E+00
   3.525996E+03  -2.665000E+00
   3.535021E+03  -2.665000E+00
   3.544949E+03  -2.665000E+00
   3.555870E+03  -2.665000E+00
   3.567883E+03  -2.665000E+00
   3.581097E+03  -2.665000E+00
   3.595633E+03  -2.665000E+00
   3.611622E+03  -2.665000E+00
   3.629210E+03  -2.665000E+00
   3.638883E+03  -2.665000E+00
   3.649524E+03  -2.665000E+00
   3.661229E+03  -2.665000E+00
   3.674104E+03  -2.665000E+00
   3.688267E+03  -2.665000E+00
   3.703846E+03  -2.665000E+00
   3.720983E+03  -2.665000E+00
   3.730409E+03  -2.665000E+00
   3.740777E+03  -2.665000E+00
   3.752181E+03  -2.665000E+00
   3.764727E+03  -2.665000E+00
   3.778526E+03  -2.665000E+00
   3.793706E+03  -2.665000E+00
   3.810404E+03  -2.665000E+00
   3.828771E+03  -2.665000E+00
   3.838873E+03  -2.665000E+00
   3.849985E+03  -2.665000E+00
   3.862209E+03  -2.665000E+00
   3.875655E+03  -2.665000E+00
   3.890445E+03  -2.665000E+00
   3.906715E+03  -2.665000E+00
   3.924611E+03  -2.665000E+00
   3.934454E+03  -2.665000E+00
   3.945282E+03  -2.665000E+00
   3.957192E+03  -2.665000E+00
   3.970293E+03  -2.665000E+00
   3.984704E+03  -2.665000E+00
   4.000556E+03  -2.665000E+00
   4.017994E+03  -2.665000E+00
   4.037175E+03  -2.665000E+00
   4.047725E+03  -2.665000E+00
   4.059330E+03  -2.665000E+00
   4.072095E+03  -2.665000E+00
   4.086137E+03  -2.665000E+00
   4.101583E+03  -2.665000E+00
   4.118573E+03  -2.665000E+00
   4.137262E+03  -2.665000E+00
   4.147542E+03  -2.665000E+00
   4.158849E+03  -2.665000E+00
   4.171287E+03  -2.665000E+00
   4.184968E+03  -2.665000E+00
   4.200018E+03  -2.665000E+00
   4.216573E+03  -2.665000E+00
   4.234783E+03  -2.665000E+00
   4.254814E+03  -2.665000E+00
   4.265832E+03  -2.665000E+00
   4.277951E+03  -2.665000E+00
   4.291281E+03  -2.665000E+00
   4.305945E+03  -2.665000E+00
   4.322076E+03  -2.665000E+00
   4.339819E+03  -2.665000E+00
   4.359337E+03  -2.665000E+00
   4.370071E+03  -2.665000E+00
   4.381879E+03  -2.665000E+00
   4.394868E+03  -2.665000E+00
   4.409156E+03  -2.665000E+00
   4.424873E+03  -2.665000E+00
   4.442161E+03  -2.665000E+00
   4.461179E+03  -2.665000E+00
   4.482098E+03  -2.665000E+00
   4.493603E+03  -2.665000E+00
   4.506259E+03  -2.665000E+00
   4.520180E+03  -2.665000E+00
   4.535494E+03  -2.665000E+00
   4.552339E+03  -2.665000E+00
   4.570869E+03  -2.665000E+00
   4.591251E+03  -2.665000E+00
   4.602462E+03  -2.665000E+00
   4.614793E+03  -2.665000E+00
   4.628358E+03  -2.665000E+00
   4.643279E+03  -2.665000E+00
   4.659692E+03  -2.665000E+00
   4.677746E+03  -2.665000E+00
   4.697606E+03  -2.665000E+00
   4.719452E+03  -2.665000E+00
   4.731467E+03  -2.665000E+00
   4.744684E+03  -2.665000E+00
   4.759222E+03  -2.665000E+00
   4.775215E+03  -2.665000E+00
   4.792806E+03  -2.665000E+00
   4.812157E+03  -2.665000E+00
   4.833443E+03  -2.665000E+00
   4.845150E+03  -2.665000E+00
   4.858028E+03  -2.665000E+00
   4.872193E+03  -2.665000E+00
   4.887775E+03  -2.665000E+00
   4.904916E+03  -2.665000E+00
   4.923770E+03  -2.665000E+00
   4.944510E+03  -2.665000E+00
   4.967324E+03  -2.665000E+00
   4.979872E+03  -2.665000E+00
   4.993674E+03  -2.665000E+00
   5.008857E+03  -2.665000E+00
   5.025558E+03  -2.665000E+00
   5.043929E+03  -2.665000E+00
   5.064137E+03  -2.665000E+00
   5.086366E+03  -2.665000E+00
   5.098592E+03  -2.665000E+00
   5.112040E+03  -2.665000E+00
   5.126834E+03  -2.665000E+00
   5.143106E+03  -2.665000E+00
   5.161006E+03  -2.665000E+00
   5.180696E+03  -2.665000E+00
   5.202355E+03  -2.665000E+00
   5.226180E+03  -2.665000E+00
   5.239284E+03  -2.665000E+00
   5.253698E+03  -2.665000E+00
   5.269553E+03  -2.665000E+00
   5.286994E+03  -2.665000E+00
   5.306179E+03  -2.665000E+00
   5.327283E+03  -2.665000E+00
   5.350497E+03  -2.665000E+00
   5.363264E+03  -2.665000E+00
   5.377309E+03  -2.665000E+00
   5.392758E+03  -2.665000E+00
   5.409751E+03  -2.665000E+00
   5.428445E+03  -2.665000E+00
   5.449007E+03  -2.665000E+00
   5.471626E+03  -2.665000E+00
   5.484066E+03  -2.665000E+00
   5.497750E+03  -2.665000E+00
   5.512803E+03  -2.665000E+00
   5.529361E+03  -2.665000E+00
   5.547575E+03  -2.665000E+00
   5.567610E+03  -2.665000E+00
   5.589649E+03  -2.665000E+00
   5.613891E+03  -2.665000E+00
   5.627225E+03  -2.665000E+00
   5.641892E+03  -2.665000E+00
   5.658025E+03  -2.665000E+00
   5.675772E+03  -2.665000E+00
   5.695293E+03  -2.665000E+00
   5.716767E+03  -2.665000E+00
   5.740388E+03  -2.665000E+00
   5.753379E+03  -2.665000E+00
   5.767670E+03  -2.665000E+00
   5.783390E+03  -2.665000E+00
   5.800682E+03  -2.665000E+00
   5.819703E+03  -2.665000E+00
   5.840626E+03  -2.665000E+00
   5.863641E+03  -2.665000E+00
   5.888958E+03  -2.665000E+00
   5.902882E+03  -2.665000E+00
   5.918199E+03  -2.665000E+00
   5.935047E+03  -2.665000E+00
   5.953580E+03  -2.665000E+00
   5.973967E+03  -2.665000E+00
   5.996392E+03  -2.665000E+00
   6.021060E+03  -2.665000E+00
   6.034627E+03  -2.665000E+00
   6.049551E+03  -2.665000E+00
   6.065967E+03  -2.665000E+00
   6.084025E+03  -2.665000E+00
   6.103889E+03  -2.665000E+00
   6.125739E+03  -2.665000E+00
   6.149774E+03  -2.665000E+00
   6.176213E+03  -2.665000E+00
   6.190754E+03  -2.665000E+00
   6.206749E+03  -2.665000E+00
   6.224344E+03  -2.665000E+00
   6.243699E+03  -2.665000E+00
   6.264989E+03  -2.665000E+00
   6.288408E+03  -2.665000E+00
   6.314168E+03  -2.665000E+00
   6.328337E+03  -2.665000E+00
   6.343922E+03  -2.665000E+00
   6.361066E+03  -2.665000E+00
   6.379924E+03  -2.665000E+00
   6.400668E+03  -2.665000E+00
   6.423486E+03  -2.665000E+00
   6.448586E+03  -2.665000E+00
   6.476197E+03  -2.665000E+00
   6.491382E+03  -2.665000E+00
   6.508086E+03  -2.665000E+00
   6.526461E+03  -2.665000E+00
   6.546673E+03  -2.665000E+00
   6.568906E+03  -2.665000E+00
   6.593363E+03  -2.665000E+00
   6.620265E+03  -2.665000E+00
   6.635062E+03  -2.665000E+00
   6.651337E+03  -2.665000E+00
   6.669241E+03  -2.665000E+00
   6.688935E+03  -2.665000E+00
   6.710598E+03  -2.665000E+00
   6.734427E+03  -2.665000E+00
   6.760640E+03  -2.665000E+00
   6.789473E+03  -2.665000E+00
   6.805332E+03  -2.665000E+00
   6.822776E+03  -2.665000E+00
   6.841965E+03  -2.665000E+00
   6.863073E+03  -2.665000E+00
   6.886291E+03  -2.665000E+00
   6.911832E+03  -2.665000E+00
   6.939926E+03  -2.665000E+00
   6.955378E+03  -2.665000E+00
   6.972375E+03  -2.665000E+00
   6.991072E+03  -2.665000E+00
   7.011638E+03  -2.665000E+00
   7.034261E+03  -2.665000E+00
   7.059147E+03  -2.665000E+00
   7.086521E+03  -2.665000E+00
   7.116632E+03  -2.665000E+00
   7.133193E+03  -2.665000E+00
   7.151411E+03  -2.665000E+00
   7.171450E+03  -2.665000E+00
   7.185725E+03  -2.665000E+00
   7.200000E+03  -2.665000E+00
