#NSTEP     DELTAT       TIME   NET NATM,NSF DIR FLUX   NET NATM,NSF NEU FLUX
     1  1.000E-02  1.000E-02             0.00000E+00             0.00000E+00
     2  5.000E-03  1.500E-02             0.00000E+00             0.00000E+00
     3  5.500E-03  2.050E-02             0.00000E+00             0.00000E+00
     4  6.050E-03  2.655E-02             0.00000E+00             0.00000E+00
     5  6.655E-03  3.320E-02             0.00000E+00             0.00000E+00
     6  7.321E-03  4.053E-02             0.00000E+00             0.00000E+00
     7  8.053E-03  4.858E-02             0.00000E+00             0.00000E+00
     8  8.858E-03  5.744E-02             0.00000E+00             0.00000E+00
     9  9.744E-03  6.718E-02             0.00000E+00             0.00000E+00
    10  1.072E-02  7.790E-02             0.00000E+00             0.00000E+00
    11  1.179E-02  8.969E-02             0.00000E+00             0.00000E+00
    12  1.297E-02  1.027E-01             0.00000E+00             0.00000E+00
    13  1.427E-02  1.169E-01             0.00000E+00             0.00000E+00
    14  1.569E-02  1.326E-01             0.00000E+00             0.00000E+00
    15  1.726E-02  1.499E-01             0.00000E+00             0.00000E+00
    16  1.899E-02  1.689E-01             0.00000E+00             0.00000E+00
    17  2.089E-02  1.897E-01             0.00000E+00             0.00000E+00
    18  2.297E-02  2.127E-01             0.00000E+00             0.00000E+00
    19  2.527E-02  2.380E-01             0.00000E+00             0.00000E+00
    20  2.780E-02  2.658E-01             0.00000E+00             0.00000E+00
    21  3.058E-02  2.964E-01             0.00000E+00             0.00000E+00
    22  3.364E-02  3.300E-01             0.00000E+00             0.00000E+00
    23  3.700E-02  3.670E-01             0.00000E+00             0.00000E+00
    24  4.070E-02  4.077E-01             0.00000E+00             0.00000E+00
    25  4.477E-02  4.525E-01             0.00000E+00             0.00000E+00
    26  4.925E-02  5.017E-01             0.00000E+00             0.00000E+00
    27  5.417E-02  5.559E-01             0.00000E+00             0.00000E+00
    28  5.959E-02  6.155E-01             0.00000E+00             0.00000E+00
    29  6.555E-02  6.810E-01             0.00000E+00             0.00000E+00
    30  7.210E-02  7.532E-01             0.00000E+00             0.00000E+00
    31  7.932E-02  8.325E-01             0.00000E+00             0.00000E+00
    32  8.725E-02  9.197E-01             0.00000E+00             0.00000E+00
    33  9.597E-02  1.016E+00             0.00000E+00             0.00000E+00
    34  1.056E-01  1.121E+00             0.00000E+00             0.00000E+00
    35  1.161E-01  1.237E+00             0.00000E+00             0.00000E+00
    36  1.277E-01  1.365E+00             0.00000E+00             0.00000E+00
    37  1.405E-01  1.506E+00             0.00000E+00             0.00000E+00
    38  1.546E-01  1.660E+00             0.00000E+00             0.00000E+00
    39  1.700E-01  1.830E+00             0.00000E+00             0.00000E+00
    40  1.870E-01  2.017E+00             0.00000E+00             0.00000E+00
    41  2.057E-01  2.223E+00             0.00000E+00             0.00000E+00
    42  2.263E-01  2.449E+00             0.00000E+00             0.00000E+00
    43  2.489E-01  2.698E+00             0.00000E+00             0.00000E+00
    44  2.738E-01  2.972E+00             0.00000E+00             0.00000E+00
    45  3.012E-01  3.273E+00             0.00000E+00             0.00000E+00
    46  3.313E-01  3.605E+00             0.00000E+00             0.00000E+00
    47  3.645E-01  3.969E+00             0.00000E+00             0.00000E+00
    48  4.009E-01  4.370E+00             0.00000E+00             0.00000E+00
    49  4.410E-01  4.811E+00             0.00000E+00             0.00000E+00
    50  4.851E-01  5.296E+00             0.00000E+00             0.00000E+00
    51  5.336E-01  5.830E+00             0.00000E+00             0.00000E+00
    52  5.870E-01  6.416E+00             0.00000E+00             0.00000E+00
    53  6.456E-01  7.062E+00             0.00000E+00             0.00000E+00
    54  7.102E-01  7.772E+00             0.00000E+00             0.00000E+00
    55  7.812E-01  8.554E+00             0.00000E+00             0.00000E+00
    56  8.594E-01  9.413E+00             0.00000E+00             0.00000E+00
    57  9.453E-01  1.036E+01             0.00000E+00             0.00000E+00
    58  1.040E+00  1.140E+01             0.00000E+00             0.00000E+00
    59  1.144E+00  1.254E+01             0.00000E+00             0.00000E+00
    60  1.258E+00  1.380E+01             0.00000E+00             0.00000E+00
    61  1.384E+00  1.518E+01             0.00000E+00             0.00000E+00
    62  1.522E+00  1.671E+01             0.00000E+00             0.00000E+00
    63  1.675E+00  1.838E+01             0.00000E+00             0.00000E+00
    64  1.842E+00  2.022E+01             0.00000E+00             0.00000E+00
    65  2.026E+00  2.225E+01             0.00000E+00             0.00000E+00
    66  2.229E+00  2.448E+01             0.00000E+00             0.00000E+00
    67  2.452E+00  2.693E+01             0.00000E+00             0.00000E+00
    68  2.697E+00  2.963E+01             0.00000E+00             0.00000E+00
    69  2.967E+00  3.259E+01             0.00000E+00             0.00000E+00
    70  3.263E+00  3.586E+01             0.00000E+00             0.00000E+00
    71  3.590E+00  3.945E+01             0.00000E+00             0.00000E+00
    72  3.949E+00  4.340E+01             0.00000E+00             0.00000E+00
    73  4.344E+00  4.774E+01             0.00000E+00             0.00000E+00
    74  4.778E+00  5.252E+01             0.00000E+00             0.00000E+00
    75  5.256E+00  5.777E+01             0.00000E+00             0.00000E+00
    76  5.781E+00  6.355E+01             0.00000E+00             0.00000E+00
    77  6.359E+00  6.991E+01             0.00000E+00             0.00000E+00
    78  6.995E+00  7.691E+01             0.00000E+00             0.00000E+00
    79  7.695E+00  8.460E+01             0.00000E+00             0.00000E+00
    80  8.464E+00  9.307E+01             0.00000E+00             0.00000E+00
    81  9.311E+00  1.024E+02             0.00000E+00             0.00000E+00
    82  1.000E+01  1.124E+02             0.00000E+00             0.00000E+00
    83  1.000E+01  1.224E+02             0.00000E+00             0.00000E+00
    84  1.000E+01  1.324E+02             0.00000E+00             0.00000E+00
    85  1.000E+01  1.424E+02             0.00000E+00             0.00000E+00
    86  1.000E+01  1.524E+02             0.00000E+00             0.00000E+00
    87  1.000E+01  1.624E+02             0.00000E+00             0.00000E+00
    88  1.000E+01  1.724E+02             0.00000E+00             0.00000E+00
    89  1.000E+01  1.824E+02             0.00000E+00             0.00000E+00
    90  1.000E+01  1.924E+02             0.00000E+00             0.00000E+00
    91  1.000E+01  2.024E+02             0.00000E+00             0.00000E+00
    92  1.000E+01  2.124E+02             0.00000E+00             0.00000E+00
    93  1.000E+01  2.224E+02             0.00000E+00             0.00000E+00
    94  1.000E+01  2.324E+02             0.00000E+00             0.00000E+00
    95  1.000E+01  2.424E+02             0.00000E+00             0.00000E+00
    96  1.000E+01  2.524E+02             0.00000E+00             0.00000E+00
    97  1.000E+01  2.624E+02             0.00000E+00             0.00000E+00
    98  1.000E+01  2.724E+02             0.00000E+00             0.00000E+00
    99  1.000E+01  2.824E+02             0.00000E+00             0.00000E+00
   100  1.000E+01  2.924E+02             0.00000E+00             0.00000E+00
   101  1.000E+01  3.024E+02             0.00000E+00             0.00000E+00
   102  1.000E+01  3.124E+02             0.00000E+00             0.00000E+00
   103  1.000E+01  3.224E+02             0.00000E+00             0.00000E+00
   104  1.000E+01  3.324E+02             0.00000E+00             0.00000E+00
   105  1.000E+01  3.424E+02             0.00000E+00             0.00000E+00
   106  1.000E+01  3.524E+02             0.00000E+00             0.00000E+00
   107  1.000E+01  3.624E+02             0.00000E+00             0.00000E+00
   108  1.000E+01  3.724E+02             0.00000E+00             0.00000E+00
   109  1.000E+01  3.824E+02             0.00000E+00             0.00000E+00
   110  1.000E+01  3.924E+02             0.00000E+00             0.00000E+00
   111  1.000E+01  4.024E+02             0.00000E+00             0.00000E+00
   112  1.000E+01  4.124E+02             0.00000E+00             0.00000E+00
   113  1.000E+01  4.224E+02             0.00000E+00             0.00000E+00
   114  1.000E+01  4.324E+02             0.00000E+00             0.00000E+00
   115  1.000E+01  4.424E+02             0.00000E+00             0.00000E+00
   116  1.000E+01  4.524E+02             0.00000E+00             0.00000E+00
   117  1.000E+01  4.624E+02             0.00000E+00             0.00000E+00
   118  1.000E+01  4.724E+02             0.00000E+00             0.00000E+00
   119  1.000E+01  4.824E+02             0.00000E+00             0.00000E+00
   120  1.000E+01  4.924E+02             0.00000E+00             0.00000E+00
   121  1.000E+01  5.024E+02             0.00000E+00             0.00000E+00
   122  1.000E+01  5.124E+02             0.00000E+00             0.00000E+00
   123  1.000E+01  5.224E+02             0.00000E+00             0.00000E+00
   124  1.000E+01  5.324E+02             0.00000E+00             0.00000E+00
   125  1.000E+01  5.424E+02             0.00000E+00             0.00000E+00
   126  1.000E+01  5.524E+02             0.00000E+00             0.00000E+00
   127  1.000E+01  5.624E+02             0.00000E+00             0.00000E+00
   128  1.000E+01  5.724E+02             0.00000E+00             0.00000E+00
   129  1.000E+01  5.824E+02             0.00000E+00             0.00000E+00
   130  1.000E+01  5.924E+02             0.00000E+00             0.00000E+00
   131  1.000E+01  6.024E+02             0.00000E+00             0.00000E+00
   132  1.000E+01  6.124E+02             0.00000E+00             0.00000E+00
   133  1.000E+01  6.224E+02             0.00000E+00             0.00000E+00
   134  1.000E+01  6.324E+02             0.00000E+00             0.00000E+00
   135  1.000E+01  6.424E+02             0.00000E+00             0.00000E+00
   136  1.000E+01  6.524E+02             0.00000E+00             0.00000E+00
   137  1.000E+01  6.624E+02             0.00000E+00             0.00000E+00
   138  1.000E+01  6.724E+02             0.00000E+00             0.00000E+00
   139  1.000E+01  6.824E+02             0.00000E+00             0.00000E+00
   140  1.000E+01  6.924E+02             0.00000E+00             0.00000E+00
   141  1.000E+01  7.024E+02             0.00000E+00             0.00000E+00
   142  1.000E+01  7.124E+02             0.00000E+00             0.00000E+00
   143  1.000E+01  7.224E+02             0.00000E+00             0.00000E+00
   144  1.000E+01  7.324E+02             0.00000E+00             0.00000E+00
   145  1.000E+01  7.424E+02             0.00000E+00             0.00000E+00
   146  1.000E+01  7.524E+02             0.00000E+00             0.00000E+00
   147  1.000E+01  7.624E+02             0.00000E+00             0.00000E+00
   148  1.000E+01  7.724E+02             0.00000E+00             0.00000E+00
   149  1.000E+01  7.824E+02             0.00000E+00             0.00000E+00
   150  1.000E+01  7.924E+02             0.00000E+00             0.00000E+00
   151  1.000E+01  8.024E+02             0.00000E+00             0.00000E+00
   152  1.000E+01  8.124E+02             0.00000E+00             0.00000E+00
   153  1.000E+01  8.224E+02             0.00000E+00             0.00000E+00
   154  1.000E+01  8.324E+02             0.00000E+00             0.00000E+00
   155  1.000E+01  8.424E+02             0.00000E+00             0.00000E+00
   156  1.000E+01  8.524E+02             0.00000E+00             0.00000E+00
   157  1.000E+01  8.624E+02             0.00000E+00             0.00000E+00
   158  1.000E+01  8.724E+02             0.00000E+00             0.00000E+00
   159  1.000E+01  8.824E+02             0.00000E+00             0.00000E+00
   160  1.000E+01  8.924E+02             0.00000E+00             0.00000E+00
   161  1.000E+01  9.024E+02             0.00000E+00             0.00000E+00
   162  1.000E+01  9.124E+02             0.00000E+00             0.00000E+00
   163  1.000E+01  9.224E+02             0.00000E+00             0.00000E+00
   164  1.000E+01  9.324E+02             0.00000E+00             0.00000E+00
   165  1.000E+01  9.424E+02             0.00000E+00             0.00000E+00
   166  1.000E+01  9.524E+02             0.00000E+00             0.00000E+00
   167  1.000E+01  9.624E+02             0.00000E+00             0.00000E+00
   168  1.000E+01  9.724E+02             0.00000E+00             0.00000E+00
   169  1.000E+01  9.824E+02             0.00000E+00             0.00000E+00
   170  1.000E+01  9.924E+02             0.00000E+00             0.00000E+00
   171  1.000E+01  1.002E+03             0.00000E+00             0.00000E+00
   172  1.000E+01  1.012E+03             0.00000E+00             0.00000E+00
   173  1.000E+01  1.022E+03             0.00000E+00             0.00000E+00
   174  1.000E+01  1.032E+03             0.00000E+00             0.00000E+00
   175  1.000E+01  1.042E+03             0.00000E+00             0.00000E+00
   176  1.000E+01  1.052E+03             0.00000E+00             0.00000E+00
   177  1.000E+01  1.062E+03             0.00000E+00             0.00000E+00
   178  1.000E+01  1.072E+03             0.00000E+00             0.00000E+00
   179  1.000E+01  1.082E+03             0.00000E+00             0.00000E+00
   180  1.000E+01  1.092E+03             0.00000E+00             0.00000E+00
   181  1.000E+01  1.102E+03             0.00000E+00             0.00000E+00
   182  1.000E+01  1.112E+03             0.00000E+00             0.00000E+00
   183  1.000E+01  1.122E+03             0.00000E+00             0.00000E+00
   184  1.000E+01  1.132E+03             0.00000E+00             0.00000E+00
   185  1.000E+01  1.142E+03             0.00000E+00             0.00000E+00
   186  1.000E+01  1.152E+03             0.00000E+00             0.00000E+00
   187  1.000E+01  1.162E+03             0.00000E+00             0.00000E+00
   188  1.000E+01  1.172E+03             0.00000E+00             0.00000E+00
   189  1.000E+01  1.182E+03             0.00000E+00             0.00000E+00
   190  1.000E+01  1.192E+03             0.00000E+00             0.00000E+00
   191  1.000E+01  1.202E+03             0.00000E+00             0.00000E+00
   192  1.000E+01  1.212E+03             0.00000E+00             0.00000E+00
   193  1.000E+01  1.222E+03             0.00000E+00             0.00000E+00
   194  1.000E+01  1.232E+03             0.00000E+00             0.00000E+00
   195  1.000E+01  1.242E+03             0.00000E+00             0.00000E+00
   196  1.000E+01  1.252E+03             0.00000E+00             0.00000E+00
   197  1.000E+01  1.262E+03             0.00000E+00             0.00000E+00
   198  1.000E+01  1.272E+03             0.00000E+00             0.00000E+00
   199  1.000E+01  1.282E+03             0.00000E+00             0.00000E+00
   200  1.000E+01  1.292E+03             0.00000E+00             0.00000E+00
   201  1.000E+01  1.302E+03             0.00000E+00             0.00000E+00
   202  1.000E+01  1.312E+03             0.00000E+00             0.00000E+00
   203  1.000E+01  1.322E+03             0.00000E+00             0.00000E+00
   204  1.000E+01  1.332E+03             0.00000E+00             0.00000E+00
   205  1.000E+01  1.342E+03             0.00000E+00             0.00000E+00
   206  1.000E+01  1.352E+03             0.00000E+00             0.00000E+00
   207  1.000E+01  1.362E+03             0.00000E+00             0.00000E+00
   208  1.000E+01  1.372E+03             0.00000E+00             0.00000E+00
   209  1.000E+01  1.382E+03             0.00000E+00             0.00000E+00
   210  1.000E+01  1.392E+03             0.00000E+00             0.00000E+00
   211  1.000E+01  1.402E+03             0.00000E+00             0.00000E+00
   212  1.000E+01  1.412E+03             0.00000E+00             0.00000E+00
   213  1.000E+01  1.422E+03             0.00000E+00             0.00000E+00
   214  1.000E+01  1.432E+03             0.00000E+00             0.00000E+00
   215  1.000E+01  1.442E+03             0.00000E+00             0.00000E+00
   216  1.000E+01  1.452E+03             0.00000E+00             0.00000E+00
   217  1.000E+01  1.462E+03             0.00000E+00             0.00000E+00
   218  1.000E+01  1.472E+03             0.00000E+00             0.00000E+00
   219  1.000E+01  1.482E+03             0.00000E+00             0.00000E+00
   220  1.000E+01  1.492E+03             0.00000E+00             0.00000E+00
   221  1.000E+01  1.502E+03             0.00000E+00             0.00000E+00
   222  1.000E+01  1.512E+03             0.00000E+00             0.00000E+00
   223  1.000E+01  1.522E+03             0.00000E+00             0.00000E+00
   224  1.000E+01  1.532E+03             0.00000E+00             0.00000E+00
   225  1.000E+01  1.542E+03             0.00000E+00             0.00000E+00
   226  1.000E+01  1.552E+03             0.00000E+00             0.00000E+00
   227  1.000E+01  1.562E+03             0.00000E+00             0.00000E+00
   228  1.000E+01  1.572E+03             0.00000E+00             0.00000E+00
   229  1.000E+01  1.582E+03             0.00000E+00             0.00000E+00
   230  1.000E+01  1.592E+03             0.00000E+00             0.00000E+00
   231  1.000E+01  1.602E+03             0.00000E+00             0.00000E+00
   232  1.000E+01  1.612E+03             0.00000E+00             0.00000E+00
   233  1.000E+01  1.622E+03             0.00000E+00             0.00000E+00
   234  1.000E+01  1.632E+03             0.00000E+00             0.00000E+00
   235  1.000E+01  1.642E+03             0.00000E+00             0.00000E+00
   236  1.000E+01  1.652E+03             0.00000E+00             0.00000E+00
   237  1.000E+01  1.662E+03             0.00000E+00             0.00000E+00
   238  1.000E+01  1.672E+03             0.00000E+00             0.00000E+00
   239  1.000E+01  1.682E+03             0.00000E+00             0.00000E+00
   240  1.000E+01  1.692E+03             0.00000E+00             0.00000E+00
   241  1.000E+01  1.702E+03             0.00000E+00             0.00000E+00
   242  1.000E+01  1.712E+03             0.00000E+00             0.00000E+00
   243  1.000E+01  1.722E+03             0.00000E+00             0.00000E+00
   244  1.000E+01  1.732E+03             0.00000E+00             0.00000E+00
   245  1.000E+01  1.742E+03             0.00000E+00             0.00000E+00
   246  1.000E+01  1.752E+03             0.00000E+00             0.00000E+00
   247  1.000E+01  1.762E+03             0.00000E+00             0.00000E+00
   248  1.000E+01  1.772E+03             0.00000E+00             0.00000E+00
   249  1.000E+01  1.782E+03             0.00000E+00             0.00000E+00
   250  1.000E+01  1.792E+03             0.00000E+00             0.00000E+00
   251  1.000E+01  1.802E+03             0.00000E+00             0.00000E+00
   252  1.000E+01  1.812E+03             0.00000E+00             0.00000E+00
   253  1.000E+01  1.822E+03             0.00000E+00             0.00000E+00
   254  1.000E+01  1.832E+03             0.00000E+00             0.00000E+00
   255  1.000E+01  1.842E+03             0.00000E+00             0.00000E+00
   256  1.000E+01  1.852E+03             0.00000E+00             0.00000E+00
   257  1.000E+01  1.862E+03             0.00000E+00             0.00000E+00
   258  1.000E+01  1.872E+03             0.00000E+00             0.00000E+00
   259  1.000E+01  1.882E+03             0.00000E+00             0.00000E+00
   260  1.000E+01  1.892E+03             0.00000E+00             0.00000E+00
   261  1.000E+01  1.902E+03             0.00000E+00             0.00000E+00
   262  1.000E+01  1.912E+03             0.00000E+00             0.00000E+00
   263  1.000E+01  1.922E+03             0.00000E+00             0.00000E+00
   264  1.000E+01  1.932E+03             0.00000E+00             0.00000E+00
   265  1.000E+01  1.942E+03             0.00000E+00             0.00000E+00
   266  1.000E+01  1.952E+03             0.00000E+00             0.00000E+00
   267  1.000E+01  1.962E+03             0.00000E+00             0.00000E+00
   268  1.000E+01  1.972E+03             0.00000E+00             0.00000E+00
   269  1.000E+01  1.982E+03             0.00000E+00             0.00000E+00
   270  1.000E+01  1.992E+03             0.00000E+00             0.00000E+00
   271  1.000E+01  2.002E+03             0.00000E+00             0.00000E+00
   272  1.000E+01  2.012E+03             0.00000E+00             0.00000E+00
   273  1.000E+01  2.022E+03             0.00000E+00             0.00000E+00
   274  1.000E+01  2.032E+03             0.00000E+00             0.00000E+00
   275  1.000E+01  2.042E+03             0.00000E+00             0.00000E+00
   276  1.000E+01  2.052E+03             0.00000E+00             0.00000E+00
   277  1.000E+01  2.062E+03             0.00000E+00             0.00000E+00
   278  1.000E+01  2.072E+03             0.00000E+00             0.00000E+00
   279  1.000E+01  2.082E+03             0.00000E+00             0.00000E+00
   280  1.000E+01  2.092E+03             0.00000E+00             0.00000E+00
   281  1.000E+01  2.102E+03             0.00000E+00             0.00000E+00
   282  1.000E+01  2.112E+03             0.00000E+00             0.00000E+00
   283  1.000E+01  2.122E+03             0.00000E+00             0.00000E+00
   284  1.000E+01  2.132E+03             0.00000E+00             0.00000E+00
   285  1.000E+01  2.142E+03             0.00000E+00             0.00000E+00
   286  1.000E+01  2.152E+03             0.00000E+00             0.00000E+00
   287  1.000E+01  2.162E+03             0.00000E+00             0.00000E+00
   288  1.000E+01  2.172E+03             0.00000E+00             0.00000E+00
   289  1.000E+01  2.182E+03             0.00000E+00             0.00000E+00
   290  1.000E+01  2.192E+03             0.00000E+00             0.00000E+00
   291  1.000E+01  2.202E+03             0.00000E+00             0.00000E+00
   292  1.000E+01  2.212E+03             0.00000E+00             0.00000E+00
   293  1.000E+01  2.222E+03             0.00000E+00             0.00000E+00
   294  1.000E+01  2.232E+03             0.00000E+00             0.00000E+00
   295  1.000E+01  2.242E+03             0.00000E+00             0.00000E+00
   296  1.000E+01  2.252E+03             0.00000E+00             0.00000E+00
   297  1.000E+01  2.262E+03             0.00000E+00             0.00000E+00
   298  1.000E+01  2.272E+03             0.00000E+00             0.00000E+00
   299  1.000E+01  2.282E+03             0.00000E+00             0.00000E+00
   300  1.000E+01  2.292E+03             0.00000E+00             0.00000E+00
   301  1.000E+01  2.302E+03             0.00000E+00             0.00000E+00
   302  1.000E+01  2.312E+03             0.00000E+00             0.00000E+00
   303  1.000E+01  2.322E+03             0.00000E+00             0.00000E+00
   304  1.000E+01  2.332E+03             0.00000E+00             0.00000E+00
   305  1.000E+01  2.342E+03             0.00000E+00             0.00000E+00
   306  1.000E+01  2.352E+03             0.00000E+00             0.00000E+00
   307  1.000E+01  2.362E+03             0.00000E+00             0.00000E+00
   308  1.000E+01  2.372E+03             0.00000E+00             0.00000E+00
   309  1.000E+01  2.382E+03             0.00000E+00             0.00000E+00
   310  1.000E+01  2.392E+03             0.00000E+00             0.00000E+00
   311  1.000E+01  2.402E+03             0.00000E+00             0.00000E+00
   312  1.000E+01  2.412E+03             0.00000E+00             0.00000E+00
   313  1.000E+01  2.422E+03             0.00000E+00             0.00000E+00
   314  1.000E+01  2.432E+03             0.00000E+00             0.00000E+00
   315  1.000E+01  2.442E+03             0.00000E+00             0.00000E+00
   316  1.000E+01  2.452E+03             0.00000E+00             0.00000E+00
   317  1.000E+01  2.462E+03             0.00000E+00             0.00000E+00
   318  1.000E+01  2.472E+03             0.00000E+00             0.00000E+00
   319  1.000E+01  2.482E+03             0.00000E+00             0.00000E+00
   320  1.000E+01  2.492E+03             0.00000E+00             0.00000E+00
   321  1.000E+01  2.502E+03             0.00000E+00             0.00000E+00
   322  1.000E+01  2.512E+03             0.00000E+00             0.00000E+00
   323  1.000E+01  2.522E+03             0.00000E+00             0.00000E+00
   324  1.000E+01  2.532E+03             0.00000E+00             0.00000E+00
   325  1.000E+01  2.542E+03             0.00000E+00             0.00000E+00
   326  1.000E+01  2.552E+03             0.00000E+00             0.00000E+00
   327  1.000E+01  2.562E+03             0.00000E+00             0.00000E+00
   328  1.000E+01  2.572E+03             0.00000E+00             0.00000E+00
   329  1.000E+01  2.582E+03             0.00000E+00             0.00000E+00
   330  1.000E+01  2.592E+03             0.00000E+00             0.00000E+00
   331  1.000E+01  2.602E+03             0.00000E+00             0.00000E+00
   332  1.000E+01  2.612E+03             0.00000E+00             0.00000E+00
   333  1.000E+01  2.622E+03             0.00000E+00             0.00000E+00
   334  1.000E+01  2.632E+03             0.00000E+00             0.00000E+00
   335  1.000E+01  2.642E+03             0.00000E+00             0.00000E+00
   336  1.000E+01  2.652E+03             0.00000E+00             0.00000E+00
   337  1.000E+01  2.662E+03             0.00000E+00             0.00000E+00
   338  1.000E+01  2.672E+03             0.00000E+00             0.00000E+00
   339  1.000E+01  2.682E+03             0.00000E+00             0.00000E+00
   340  1.000E+01  2.692E+03             0.00000E+00             0.00000E+00
   341  1.000E+01  2.702E+03             0.00000E+00             0.00000E+00
   342  1.000E+01  2.712E+03             0.00000E+00             0.00000E+00
   343  1.000E+01  2.722E+03             0.00000E+00             0.00000E+00
   344  1.000E+01  2.732E+03             0.00000E+00             0.00000E+00
   345  1.000E+01  2.742E+03             0.00000E+00             0.00000E+00
   346  1.000E+01  2.752E+03             0.00000E+00             0.00000E+00
   347  1.000E+01  2.762E+03             0.00000E+00             0.00000E+00
   348  1.000E+01  2.772E+03             0.00000E+00             0.00000E+00
   349  1.000E+01  2.782E+03             0.00000E+00             0.00000E+00
   350  1.000E+01  2.792E+03             0.00000E+00             0.00000E+00
   351  1.000E+01  2.802E+03             0.00000E+00             0.00000E+00
   352  1.000E+01  2.812E+03             0.00000E+00             0.00000E+00
   353  1.000E+01  2.822E+03             0.00000E+00             0.00000E+00
   354  1.000E+01  2.832E+03             0.00000E+00             0.00000E+00
   355  1.000E+01  2.842E+03             0.00000E+00             0.00000E+00
   356  1.000E+01  2.852E+03             0.00000E+00             0.00000E+00
   357  1.000E+01  2.862E+03             0.00000E+00             0.00000E+00
   358  1.000E+01  2.872E+03             0.00000E+00             0.00000E+00
   359  1.000E+01  2.882E+03             0.00000E+00             0.00000E+00
   360  1.000E+01  2.892E+03             0.00000E+00             0.00000E+00
   361  1.000E+01  2.902E+03             0.00000E+00             0.00000E+00
   362  1.000E+01  2.912E+03             0.00000E+00             0.00000E+00
   363  1.000E+01  2.922E+03             0.00000E+00             0.00000E+00
   364  1.000E+01  2.932E+03             0.00000E+00             0.00000E+00
   365  1.000E+01  2.942E+03             0.00000E+00             0.00000E+00
   366  1.000E+01  2.952E+03             0.00000E+00             0.00000E+00
   367  1.000E+01  2.962E+03             0.00000E+00             0.00000E+00
   368  1.000E+01  2.972E+03             0.00000E+00             0.00000E+00
   369  1.000E+01  2.982E+03             0.00000E+00             0.00000E+00
   370  1.000E+01  2.992E+03             0.00000E+00             0.00000E+00
   371  1.000E+01  3.002E+03             0.00000E+00             0.00000E+00
   372  1.000E+01  3.012E+03             0.00000E+00             0.00000E+00
   373  1.000E+01  3.022E+03             0.00000E+00             0.00000E+00
   374  1.000E+01  3.032E+03             0.00000E+00             0.00000E+00
   375  1.000E+01  3.042E+03             0.00000E+00             0.00000E+00
   376  1.000E+01  3.052E+03             0.00000E+00             0.00000E+00
   377  1.000E+01  3.062E+03             0.00000E+00             0.00000E+00
   378  1.000E+01  3.072E+03             0.00000E+00             0.00000E+00
   379  1.000E+01  3.082E+03             0.00000E+00             0.00000E+00
   380  1.000E+01  3.092E+03             0.00000E+00             0.00000E+00
   381  1.000E+01  3.102E+03             0.00000E+00             0.00000E+00
   382  1.000E+01  3.112E+03             0.00000E+00             0.00000E+00
   383  1.000E+01  3.122E+03             0.00000E+00             0.00000E+00
   384  1.000E+01  3.132E+03             0.00000E+00             0.00000E+00
   385  1.000E+01  3.142E+03             0.00000E+00             0.00000E+00
   386  1.000E+01  3.152E+03             0.00000E+00             0.00000E+00
   387  1.000E+01  3.162E+03             0.00000E+00             0.00000E+00
   388  1.000E+01  3.172E+03             0.00000E+00             0.00000E+00
   389  1.000E+01  3.182E+03             0.00000E+00             0.00000E+00
   390  1.000E+01  3.192E+03             0.00000E+00             0.00000E+00
   391  1.000E+01  3.202E+03             0.00000E+00             0.00000E+00
   392  1.000E+01  3.212E+03             0.00000E+00             0.00000E+00
   393  1.000E+01  3.222E+03             0.00000E+00             0.00000E+00
   394  1.000E+01  3.232E+03             0.00000E+00             0.00000E+00
   395  1.000E+01  3.242E+03             0.00000E+00             0.00000E+00
   396  1.000E+01  3.252E+03             0.00000E+00             0.00000E+00
   397  1.000E+01  3.262E+03             0.00000E+00             0.00000E+00
   398  1.000E+01  3.272E+03             0.00000E+00             0.00000E+00
   399  1.000E+01  3.282E+03             0.00000E+00             0.00000E+00
   400  1.000E+01  3.292E+03             0.00000E+00             0.00000E+00
   401  1.000E+01  3.302E+03             0.00000E+00             0.00000E+00
   402  1.000E+01  3.312E+03             0.00000E+00             0.00000E+00
   403  1.000E+01  3.322E+03             0.00000E+00             0.00000E+00
   404  1.000E+01  3.332E+03             0.00000E+00             0.00000E+00
   405  1.000E+01  3.342E+03             0.00000E+00             0.00000E+00
   406  1.000E+01  3.352E+03             0.00000E+00             0.00000E+00
   407  1.000E+01  3.362E+03             0.00000E+00             0.00000E+00
   408  1.000E+01  3.372E+03             0.00000E+00             0.00000E+00
   409  1.000E+01  3.382E+03             0.00000E+00             0.00000E+00
   410  1.000E+01  3.392E+03             0.00000E+00             0.00000E+00
   411  1.000E+01  3.402E+03             0.00000E+00             0.00000E+00
   412  1.000E+01  3.412E+03             0.00000E+00             0.00000E+00
   413  1.000E+01  3.422E+03             0.00000E+00             0.00000E+00
   414  1.000E+01  3.432E+03             0.00000E+00             0.00000E+00
   415  1.000E+01  3.442E+03             0.00000E+00             0.00000E+00
   416  1.000E+01  3.452E+03             0.00000E+00             0.00000E+00
   417  1.000E+01  3.462E+03             0.00000E+00             0.00000E+00
   418  1.000E+01  3.472E+03             0.00000E+00             0.00000E+00
   419  1.000E+01  3.482E+03             0.00000E+00             0.00000E+00
   420  1.000E+01  3.492E+03             0.00000E+00             0.00000E+00
   421  1.000E+01  3.502E+03             0.00000E+00             0.00000E+00
   422  1.000E+01  3.512E+03             0.00000E+00             0.00000E+00
   423  1.000E+01  3.522E+03             0.00000E+00             0.00000E+00
   424  1.000E+01  3.532E+03             0.00000E+00             0.00000E+00
   425  1.000E+01  3.542E+03             0.00000E+00             0.00000E+00
   426  1.000E+01  3.552E+03             0.00000E+00             0.00000E+00
   427  1.000E+01  3.562E+03             0.00000E+00             0.00000E+00
   428  1.000E+01  3.572E+03             0.00000E+00             0.00000E+00
   429  1.000E+01  3.582E+03             0.00000E+00             0.00000E+00
   430  1.000E+01  3.592E+03             0.00000E+00             0.00000E+00
   431  1.000E+01  3.602E+03             0.00000E+00             0.00000E+00
   432  1.000E+01  3.612E+03             0.00000E+00             0.00000E+00
   433  1.000E+01  3.622E+03             0.00000E+00             0.00000E+00
   434  1.000E+01  3.632E+03             0.00000E+00             0.00000E+00
   435  1.000E+01  3.642E+03             0.00000E+00             0.00000E+00
   436  1.000E+01  3.652E+03             0.00000E+00             0.00000E+00
   437  1.000E+01  3.662E+03             0.00000E+00             0.00000E+00
   438  1.000E+01  3.672E+03             0.00000E+00             0.00000E+00
   439  1.000E+01  3.682E+03             0.00000E+00             0.00000E+00
   440  1.000E+01  3.692E+03             0.00000E+00             0.00000E+00
   441  1.000E+01  3.702E+03             0.00000E+00             0.00000E+00
   442  1.000E+01  3.712E+03             0.00000E+00             0.00000E+00
   443  1.000E+01  3.722E+03             0.00000E+00             0.00000E+00
   444  1.000E+01  3.732E+03             0.00000E+00             0.00000E+00
   445  1.000E+01  3.742E+03             0.00000E+00             0.00000E+00
   446  1.000E+01  3.752E+03             0.00000E+00             0.00000E+00
   447  1.000E+01  3.762E+03             0.00000E+00             0.00000E+00
   448  1.000E+01  3.772E+03             0.00000E+00             0.00000E+00
   449  1.000E+01  3.782E+03             0.00000E+00             0.00000E+00
   450  1.000E+01  3.792E+03             0.00000E+00             0.00000E+00
   451  1.000E+01  3.802E+03             0.00000E+00             0.00000E+00
   452  1.000E+01  3.812E+03             0.00000E+00             0.00000E+00
   453  1.000E+01  3.822E+03             0.00000E+00             0.00000E+00
   454  1.000E+01  3.832E+03             0.00000E+00             0.00000E+00
   455  1.000E+01  3.842E+03             0.00000E+00             0.00000E+00
   456  1.000E+01  3.852E+03             0.00000E+00             0.00000E+00
   457  1.000E+01  3.862E+03             0.00000E+00             0.00000E+00
   458  1.000E+01  3.872E+03             0.00000E+00             0.00000E+00
   459  1.000E+01  3.882E+03             0.00000E+00             0.00000E+00
   460  1.000E+01  3.892E+03             0.00000E+00             0.00000E+00
   461  1.000E+01  3.902E+03             0.00000E+00             0.00000E+00
   462  1.000E+01  3.912E+03             0.00000E+00             0.00000E+00
   463  1.000E+01  3.922E+03             0.00000E+00             0.00000E+00
   464  1.000E+01  3.932E+03             0.00000E+00             0.00000E+00
   465  1.000E+01  3.942E+03             0.00000E+00             0.00000E+00
   466  1.000E+01  3.952E+03             0.00000E+00             0.00000E+00
   467  1.000E+01  3.962E+03             0.00000E+00             0.00000E+00
   468  1.000E+01  3.972E+03             0.00000E+00             0.00000E+00
   469  1.000E+01  3.982E+03             0.00000E+00             0.00000E+00
   470  1.000E+01  3.992E+03             0.00000E+00             0.00000E+00
   471  1.000E+01  4.002E+03             0.00000E+00             0.00000E+00
   472  1.000E+01  4.012E+03             0.00000E+00             0.00000E+00
   473  1.000E+01  4.022E+03             0.00000E+00             0.00000E+00
   474  1.000E+01  4.032E+03             0.00000E+00             0.00000E+00
   475  1.000E+01  4.042E+03             0.00000E+00             0.00000E+00
   476  1.000E+01  4.052E+03             0.00000E+00             0.00000E+00
   477  1.000E+01  4.062E+03             0.00000E+00             0.00000E+00
   478  1.000E+01  4.072E+03             0.00000E+00             0.00000E+00
   479  1.000E+01  4.082E+03             0.00000E+00             0.00000E+00
   480  1.000E+01  4.092E+03             0.00000E+00             0.00000E+00
   481  1.000E+01  4.102E+03             0.00000E+00             0.00000E+00
   482  1.000E+01  4.112E+03             0.00000E+00             0.00000E+00
   483  1.000E+01  4.122E+03             0.00000E+00             0.00000E+00
   484  1.000E+01  4.132E+03             0.00000E+00             0.00000E+00
   485  1.000E+01  4.142E+03             0.00000E+00             0.00000E+00
   486  1.000E+01  4.152E+03             0.00000E+00             0.00000E+00
   487  1.000E+01  4.162E+03             0.00000E+00             0.00000E+00
   488  1.000E+01  4.172E+03             0.00000E+00             0.00000E+00
   489  1.000E+01  4.182E+03             0.00000E+00             0.00000E+00
   490  1.000E+01  4.192E+03             0.00000E+00             0.00000E+00
   491  1.000E+01  4.202E+03             0.00000E+00             0.00000E+00
   492  1.000E+01  4.212E+03             0.00000E+00             0.00000E+00
   493  1.000E+01  4.222E+03             0.00000E+00             0.00000E+00
   494  1.000E+01  4.232E+03             0.00000E+00             0.00000E+00
   495  1.000E+01  4.242E+03             0.00000E+00             0.00000E+00
   496  1.000E+01  4.252E+03             0.00000E+00             0.00000E+00
   497  1.000E+01  4.262E+03             0.00000E+00             0.00000E+00
   498  1.000E+01  4.272E+03             0.00000E+00             0.00000E+00
   499  1.000E+01  4.282E+03             0.00000E+00             0.00000E+00
   500  1.000E+01  4.292E+03             0.00000E+00             0.00000E+00
   501  1.000E+01  4.302E+03             0.00000E+00             0.00000E+00
   502  1.000E+01  4.312E+03             0.00000E+00             0.00000E+00
   503  1.000E+01  4.322E+03             0.00000E+00             0.00000E+00
   504  1.000E+01  4.332E+03             0.00000E+00             0.00000E+00
   505  1.000E+01  4.342E+03             0.00000E+00             0.00000E+00
   506  1.000E+01  4.352E+03             0.00000E+00             0.00000E+00
   507  1.000E+01  4.362E+03             0.00000E+00             0.00000E+00
   508  1.000E+01  4.372E+03             0.00000E+00             0.00000E+00
   509  1.000E+01  4.382E+03             0.00000E+00             0.00000E+00
   510  1.000E+01  4.392E+03             0.00000E+00             0.00000E+00
   511  1.000E+01  4.402E+03             0.00000E+00             0.00000E+00
   512  1.000E+01  4.412E+03             0.00000E+00             0.00000E+00
   513  1.000E+01  4.422E+03             0.00000E+00             0.00000E+00
   514  1.000E+01  4.432E+03             0.00000E+00             0.00000E+00
   515  1.000E+01  4.442E+03             0.00000E+00             0.00000E+00
   516  1.000E+01  4.452E+03             0.00000E+00             0.00000E+00
   517  1.000E+01  4.462E+03             0.00000E+00             0.00000E+00
   518  1.000E+01  4.472E+03             0.00000E+00             0.00000E+00
   519  1.000E+01  4.482E+03             0.00000E+00             0.00000E+00
   520  1.000E+01  4.492E+03             0.00000E+00             0.00000E+00
   521  1.000E+01  4.502E+03             0.00000E+00             0.00000E+00
   522  1.000E+01  4.512E+03             0.00000E+00             0.00000E+00
   523  1.000E+01  4.522E+03             0.00000E+00             0.00000E+00
   524  1.000E+01  4.532E+03             0.00000E+00             0.00000E+00
   525  1.000E+01  4.542E+03             0.00000E+00             0.00000E+00
   526  1.000E+01  4.552E+03             0.00000E+00             0.00000E+00
   527  1.000E+01  4.562E+03             0.00000E+00             0.00000E+00
   528  1.000E+01  4.572E+03             0.00000E+00             0.00000E+00
   529  1.000E+01  4.582E+03             0.00000E+00             0.00000E+00
   530  1.000E+01  4.592E+03             0.00000E+00             0.00000E+00
   531  1.000E+01  4.602E+03             0.00000E+00             0.00000E+00
   532  1.000E+01  4.612E+03             0.00000E+00             0.00000E+00
   533  1.000E+01  4.622E+03             0.00000E+00             0.00000E+00
   534  1.000E+01  4.632E+03             0.00000E+00             0.00000E+00
   535  1.000E+01  4.642E+03             0.00000E+00             0.00000E+00
   536  1.000E+01  4.652E+03             0.00000E+00             0.00000E+00
   537  1.000E+01  4.662E+03             0.00000E+00             0.00000E+00
   538  1.000E+01  4.672E+03             0.00000E+00             0.00000E+00
   539  1.000E+01  4.682E+03             0.00000E+00             0.00000E+00
   540  1.000E+01  4.692E+03             0.00000E+00             0.00000E+00
   541  1.000E+01  4.702E+03             0.00000E+00             0.00000E+00
   542  1.000E+01  4.712E+03             0.00000E+00             0.00000E+00
   543  1.000E+01  4.722E+03             0.00000E+00             0.00000E+00
   544  1.000E+01  4.732E+03             0.00000E+00             0.00000E+00
   545  1.000E+01  4.742E+03             0.00000E+00             0.00000E+00
   546  1.000E+01  4.752E+03             0.00000E+00             0.00000E+00
   547  1.000E+01  4.762E+03             0.00000E+00             0.00000E+00
   548  1.000E+01  4.772E+03             0.00000E+00             0.00000E+00
   549  1.000E+01  4.782E+03             0.00000E+00             0.00000E+00
   550  1.000E+01  4.792E+03             0.00000E+00             0.00000E+00
   551  1.000E+01  4.802E+03             0.00000E+00             0.00000E+00
   552  1.000E+01  4.812E+03             0.00000E+00             0.00000E+00
   553  1.000E+01  4.822E+03             0.00000E+00             0.00000E+00
   554  1.000E+01  4.832E+03             0.00000E+00             0.00000E+00
   555  1.000E+01  4.842E+03             0.00000E+00             0.00000E+00
   556  1.000E+01  4.852E+03             0.00000E+00             0.00000E+00
   557  1.000E+01  4.862E+03             0.00000E+00             0.00000E+00
   558  1.000E+01  4.872E+03             0.00000E+00             0.00000E+00
   559  1.000E+01  4.882E+03             0.00000E+00             0.00000E+00
   560  1.000E+01  4.892E+03             0.00000E+00             0.00000E+00
   561  1.000E+01  4.902E+03             0.00000E+00             0.00000E+00
   562  1.000E+01  4.912E+03             0.00000E+00             0.00000E+00
   563  1.000E+01  4.922E+03             0.00000E+00             0.00000E+00
   564  1.000E+01  4.932E+03             0.00000E+00             0.00000E+00
   565  1.000E+01  4.942E+03             0.00000E+00             0.00000E+00
   566  1.000E+01  4.952E+03             0.00000E+00             0.00000E+00
   567  1.000E+01  4.962E+03             0.00000E+00             0.00000E+00
   568  1.000E+01  4.972E+03             0.00000E+00             0.00000E+00
   569  1.000E+01  4.982E+03             0.00000E+00             0.00000E+00
   570  1.000E+01  4.992E+03             0.00000E+00             0.00000E+00
   571  1.000E+01  5.002E+03             0.00000E+00             0.00000E+00
   572  1.000E+01  5.012E+03             0.00000E+00             0.00000E+00
   573  1.000E+01  5.022E+03             0.00000E+00             0.00000E+00
   574  1.000E+01  5.032E+03             0.00000E+00             0.00000E+00
   575  1.000E+01  5.042E+03             0.00000E+00             0.00000E+00
   576  1.000E+01  5.052E+03             0.00000E+00             0.00000E+00
   577  1.000E+01  5.062E+03             0.00000E+00             0.00000E+00
   578  1.000E+01  5.072E+03             0.00000E+00             0.00000E+00
   579  1.000E+01  5.082E+03             0.00000E+00             0.00000E+00
   580  1.000E+01  5.092E+03             0.00000E+00             0.00000E+00
   581  1.000E+01  5.102E+03             0.00000E+00             0.00000E+00
   582  1.000E+01  5.112E+03             0.00000E+00             0.00000E+00
   583  1.000E+01  5.122E+03             0.00000E+00             0.00000E+00
   584  1.000E+01  5.132E+03             0.00000E+00             0.00000E+00
   585  1.000E+01  5.142E+03             0.00000E+00             0.00000E+00
   586  1.000E+01  5.152E+03             0.00000E+00             0.00000E+00
   587  1.000E+01  5.162E+03             0.00000E+00             0.00000E+00
   588  1.000E+01  5.172E+03             0.00000E+00             0.00000E+00
   589  1.000E+01  5.182E+03             0.00000E+00             0.00000E+00
   590  1.000E+01  5.192E+03             0.00000E+00             0.00000E+00
   591  1.000E+01  5.202E+03             0.00000E+00             0.00000E+00
   592  1.000E+01  5.212E+03             0.00000E+00             0.00000E+00
   593  1.000E+01  5.222E+03             0.00000E+00             0.00000E+00
   594  1.000E+01  5.232E+03             0.00000E+00             0.00000E+00
   595  1.000E+01  5.242E+03             0.00000E+00             0.00000E+00
   596  1.000E+01  5.252E+03             0.00000E+00             0.00000E+00
   597  1.000E+01  5.262E+03             0.00000E+00             0.00000E+00
   598  1.000E+01  5.272E+03             0.00000E+00             0.00000E+00
   599  1.000E+01  5.282E+03             0.00000E+00             0.00000E+00
   600  1.000E+01  5.292E+03             0.00000E+00             0.00000E+00
   601  1.000E+01  5.302E+03             0.00000E+00             0.00000E+00
   602  1.000E+01  5.312E+03             0.00000E+00             0.00000E+00
   603  1.000E+01  5.322E+03             0.00000E+00             0.00000E+00
   604  1.000E+01  5.332E+03             0.00000E+00             0.00000E+00
   605  1.000E+01  5.342E+03             0.00000E+00             0.00000E+00
   606  1.000E+01  5.352E+03             0.00000E+00             0.00000E+00
   607  1.000E+01  5.362E+03             0.00000E+00             0.00000E+00
   608  1.000E+01  5.372E+03             0.00000E+00             0.00000E+00
   609  1.000E+01  5.382E+03             0.00000E+00             0.00000E+00
   610  1.000E+01  5.392E+03             0.00000E+00             0.00000E+00
   611  1.000E+01  5.402E+03             0.00000E+00             0.00000E+00
   612  1.000E+01  5.412E+03             0.00000E+00             0.00000E+00
   613  1.000E+01  5.422E+03             0.00000E+00             0.00000E+00
   614  1.000E+01  5.432E+03             0.00000E+00             0.00000E+00
   615  1.000E+01  5.442E+03             0.00000E+00             0.00000E+00
   616  1.000E+01  5.452E+03             0.00000E+00             0.00000E+00
   617  1.000E+01  5.462E+03             0.00000E+00             0.00000E+00
   618  1.000E+01  5.472E+03             0.00000E+00             0.00000E+00
   619  1.000E+01  5.482E+03             0.00000E+00             0.00000E+00
   620  1.000E+01  5.492E+03             0.00000E+00             0.00000E+00
   621  1.000E+01  5.502E+03             0.00000E+00             0.00000E+00
   622  1.000E+01  5.512E+03             0.00000E+00             0.00000E+00
   623  1.000E+01  5.522E+03             0.00000E+00             0.00000E+00
   624  1.000E+01  5.532E+03             0.00000E+00             0.00000E+00
   625  1.000E+01  5.542E+03             0.00000E+00             0.00000E+00
   626  1.000E+01  5.552E+03             0.00000E+00             0.00000E+00
   627  1.000E+01  5.562E+03             0.00000E+00             0.00000E+00
   628  1.000E+01  5.572E+03             0.00000E+00             0.00000E+00
   629  1.000E+01  5.582E+03             0.00000E+00             0.00000E+00
   630  1.000E+01  5.592E+03             0.00000E+00             0.00000E+00
   631  1.000E+01  5.602E+03             0.00000E+00             0.00000E+00
   632  1.000E+01  5.612E+03             0.00000E+00             0.00000E+00
   633  1.000E+01  5.622E+03             0.00000E+00             0.00000E+00
   634  1.000E+01  5.632E+03             0.00000E+00             0.00000E+00
   635  1.000E+01  5.642E+03             0.00000E+00             0.00000E+00
   636  1.000E+01  5.652E+03             0.00000E+00             0.00000E+00
   637  1.000E+01  5.662E+03             0.00000E+00             0.00000E+00
   638  1.000E+01  5.672E+03             0.00000E+00             0.00000E+00
   639  1.000E+01  5.682E+03             0.00000E+00             0.00000E+00
   640  1.000E+01  5.692E+03             0.00000E+00             0.00000E+00
   641  1.000E+01  5.702E+03             0.00000E+00             0.00000E+00
   642  1.000E+01  5.712E+03             0.00000E+00             0.00000E+00
   643  1.000E+01  5.722E+03             0.00000E+00             0.00000E+00
   644  1.000E+01  5.732E+03             0.00000E+00             0.00000E+00
   645  1.000E+01  5.742E+03             0.00000E+00             0.00000E+00
   646  1.000E+01  5.752E+03             0.00000E+00             0.00000E+00
   647  1.000E+01  5.762E+03             0.00000E+00             0.00000E+00
   648  1.000E+01  5.772E+03             0.00000E+00             0.00000E+00
   649  1.000E+01  5.782E+03             0.00000E+00             0.00000E+00
   650  1.000E+01  5.792E+03             0.00000E+00             0.00000E+00
   651  1.000E+01  5.802E+03             0.00000E+00             0.00000E+00
   652  1.000E+01  5.812E+03             0.00000E+00             0.00000E+00
   653  1.000E+01  5.822E+03             0.00000E+00             0.00000E+00
   654  1.000E+01  5.832E+03             0.00000E+00             0.00000E+00
   655  1.000E+01  5.842E+03             0.00000E+00             0.00000E+00
   656  1.000E+01  5.852E+03             0.00000E+00             0.00000E+00
   657  1.000E+01  5.862E+03             0.00000E+00             0.00000E+00
   658  1.000E+01  5.872E+03             0.00000E+00             0.00000E+00
   659  1.000E+01  5.882E+03             0.00000E+00             0.00000E+00
   660  1.000E+01  5.892E+03             0.00000E+00             0.00000E+00
   661  1.000E+01  5.902E+03             0.00000E+00             0.00000E+00
   662  1.000E+01  5.912E+03             0.00000E+00             0.00000E+00
   663  1.000E+01  5.922E+03             0.00000E+00             0.00000E+00
   664  1.000E+01  5.932E+03             0.00000E+00             0.00000E+00
   665  1.000E+01  5.942E+03             0.00000E+00             0.00000E+00
   666  1.000E+01  5.952E+03             0.00000E+00             0.00000E+00
   667  1.000E+01  5.962E+03             0.00000E+00             0.00000E+00
   668  1.000E+01  5.972E+03             0.00000E+00             0.00000E+00
   669  1.000E+01  5.982E+03             0.00000E+00             0.00000E+00
   670  1.000E+01  5.992E+03             0.00000E+00             0.00000E+00
   671  1.000E+01  6.002E+03             0.00000E+00             0.00000E+00
   672  1.000E+01  6.012E+03             0.00000E+00             0.00000E+00
   673  1.000E+01  6.022E+03             0.00000E+00             0.00000E+00
   674  1.000E+01  6.032E+03             0.00000E+00             0.00000E+00
   675  1.000E+01  6.042E+03             0.00000E+00             0.00000E+00
   676  1.000E+01  6.052E+03             0.00000E+00             0.00000E+00
   677  1.000E+01  6.062E+03             0.00000E+00             0.00000E+00
   678  1.000E+01  6.072E+03             0.00000E+00             0.00000E+00
   679  1.000E+01  6.082E+03             0.00000E+00             0.00000E+00
   680  1.000E+01  6.092E+03             0.00000E+00             0.00000E+00
   681  1.000E+01  6.102E+03             0.00000E+00             0.00000E+00
   682  1.000E+01  6.112E+03             0.00000E+00             0.00000E+00
   683  1.000E+01  6.122E+03             0.00000E+00             0.00000E+00
   684  1.000E+01  6.132E+03             0.00000E+00             0.00000E+00
   685  1.000E+01  6.142E+03             0.00000E+00             0.00000E+00
   686  1.000E+01  6.152E+03             0.00000E+00             0.00000E+00
   687  1.000E+01  6.162E+03             0.00000E+00             0.00000E+00
   688  1.000E+01  6.172E+03             0.00000E+00             0.00000E+00
   689  1.000E+01  6.182E+03             0.00000E+00             0.00000E+00
   690  1.000E+01  6.192E+03             0.00000E+00             0.00000E+00
   691  1.000E+01  6.202E+03             0.00000E+00             0.00000E+00
   692  1.000E+01  6.212E+03             0.00000E+00             0.00000E+00
   693  1.000E+01  6.222E+03             0.00000E+00             0.00000E+00
   694  1.000E+01  6.232E+03             0.00000E+00             0.00000E+00
   695  1.000E+01  6.242E+03             0.00000E+00             0.00000E+00
   696  1.000E+01  6.252E+03             0.00000E+00             0.00000E+00
   697  1.000E+01  6.262E+03             0.00000E+00             0.00000E+00
   698  1.000E+01  6.272E+03             0.00000E+00             0.00000E+00
   699  1.000E+01  6.282E+03             0.00000E+00             0.00000E+00
   700  1.000E+01  6.292E+03             0.00000E+00             0.00000E+00
   701  1.000E+01  6.302E+03             0.00000E+00             0.00000E+00
   702  1.000E+01  6.312E+03             0.00000E+00             0.00000E+00
   703  1.000E+01  6.322E+03             0.00000E+00             0.00000E+00
   704  1.000E+01  6.332E+03             0.00000E+00             0.00000E+00
   705  1.000E+01  6.342E+03             0.00000E+00             0.00000E+00
   706  1.000E+01  6.352E+03             0.00000E+00             0.00000E+00
   707  1.000E+01  6.362E+03             0.00000E+00             0.00000E+00
   708  1.000E+01  6.372E+03             0.00000E+00             0.00000E+00
   709  1.000E+01  6.382E+03             0.00000E+00             0.00000E+00
   710  1.000E+01  6.392E+03             0.00000E+00             0.00000E+00
   711  1.000E+01  6.402E+03             0.00000E+00             0.00000E+00
   712  1.000E+01  6.412E+03             0.00000E+00             0.00000E+00
   713  1.000E+01  6.422E+03             0.00000E+00             0.00000E+00
   714  1.000E+01  6.432E+03             0.00000E+00             0.00000E+00
   715  1.000E+01  6.442E+03             0.00000E+00             0.00000E+00
   716  1.000E+01  6.452E+03             0.00000E+00             0.00000E+00
   717  1.000E+01  6.462E+03             0.00000E+00             0.00000E+00
   718  1.000E+01  6.472E+03             0.00000E+00             0.00000E+00
   719  1.000E+01  6.482E+03             0.00000E+00             0.00000E+00
   720  1.000E+01  6.492E+03             0.00000E+00             0.00000E+00
   721  1.000E+01  6.502E+03             0.00000E+00             0.00000E+00
   722  1.000E+01  6.512E+03             0.00000E+00             0.00000E+00
   723  1.000E+01  6.522E+03             0.00000E+00             0.00000E+00
   724  1.000E+01  6.532E+03             0.00000E+00             0.00000E+00
   725  1.000E+01  6.542E+03             0.00000E+00             0.00000E+00
   726  1.000E+01  6.552E+03             0.00000E+00             0.00000E+00
   727  1.000E+01  6.562E+03             0.00000E+00             0.00000E+00
   728  1.000E+01  6.572E+03             0.00000E+00             0.00000E+00
   729  1.000E+01  6.582E+03             0.00000E+00             0.00000E+00
   730  1.000E+01  6.592E+03             0.00000E+00             0.00000E+00
   731  1.000E+01  6.602E+03             0.00000E+00             0.00000E+00
   732  1.000E+01  6.612E+03             0.00000E+00             0.00000E+00
   733  1.000E+01  6.622E+03             0.00000E+00             0.00000E+00
   734  1.000E+01  6.632E+03             0.00000E+00             0.00000E+00
   735  1.000E+01  6.642E+03             0.00000E+00             0.00000E+00
   736  1.000E+01  6.652E+03             0.00000E+00             0.00000E+00
   737  1.000E+01  6.662E+03             0.00000E+00             0.00000E+00
   738  1.000E+01  6.672E+03             0.00000E+00             0.00000E+00
   739  1.000E+01  6.682E+03             0.00000E+00             0.00000E+00
   740  1.000E+01  6.692E+03             0.00000E+00             0.00000E+00
   741  1.000E+01  6.702E+03             0.00000E+00             0.00000E+00
   742  1.000E+01  6.712E+03             0.00000E+00             0.00000E+00
   743  1.000E+01  6.722E+03             0.00000E+00             0.00000E+00
   744  1.000E+01  6.732E+03             0.00000E+00             0.00000E+00
   745  1.000E+01  6.742E+03             0.00000E+00             0.00000E+00
   746  1.000E+01  6.752E+03             0.00000E+00             0.00000E+00
   747  1.000E+01  6.762E+03             0.00000E+00             0.00000E+00
   748  1.000E+01  6.772E+03             0.00000E+00             0.00000E+00
   749  1.000E+01  6.782E+03             0.00000E+00             0.00000E+00
   750  1.000E+01  6.792E+03             0.00000E+00             0.00000E+00
   751  1.000E+01  6.802E+03             0.00000E+00             0.00000E+00
   752  1.000E+01  6.812E+03             0.00000E+00             0.00000E+00
   753  1.000E+01  6.822E+03             0.00000E+00             0.00000E+00
   754  1.000E+01  6.832E+03             0.00000E+00             0.00000E+00
   755  1.000E+01  6.842E+03             0.00000E+00             0.00000E+00
   756  1.000E+01  6.852E+03             0.00000E+00             0.00000E+00
   757  1.000E+01  6.862E+03             0.00000E+00             0.00000E+00
   758  1.000E+01  6.872E+03             0.00000E+00             0.00000E+00
   759  1.000E+01  6.882E+03             0.00000E+00             0.00000E+00
   760  1.000E+01  6.892E+03             0.00000E+00             0.00000E+00
   761  1.000E+01  6.902E+03             0.00000E+00             0.00000E+00
   762  1.000E+01  6.912E+03             0.00000E+00             0.00000E+00
   763  1.000E+01  6.922E+03             0.00000E+00             0.00000E+00
   764  1.000E+01  6.932E+03             0.00000E+00             0.00000E+00
   765  1.000E+01  6.942E+03             0.00000E+00             0.00000E+00
   766  1.000E+01  6.952E+03             0.00000E+00             0.00000E+00
   767  1.000E+01  6.962E+03             0.00000E+00             0.00000E+00
   768  1.000E+01  6.972E+03             0.00000E+00             0.00000E+00
   769  1.000E+01  6.982E+03             0.00000E+00             0.00000E+00
   770  1.000E+01  6.992E+03             0.00000E+00             0.00000E+00
   771  1.000E+01  7.002E+03             0.00000E+00             0.00000E+00
   772  1.000E+01  7.012E+03             0.00000E+00             0.00000E+00
   773  1.000E+01  7.022E+03             0.00000E+00             0.00000E+00
   774  1.000E+01  7.032E+03             0.00000E+00             0.00000E+00
   775  1.000E+01  7.042E+03             0.00000E+00             0.00000E+00
   776  1.000E+01  7.052E+03             0.00000E+00             0.00000E+00
   777  1.000E+01  7.062E+03             0.00000E+00             0.00000E+00
   778  1.000E+01  7.072E+03             0.00000E+00             0.00000E+00
   779  1.000E+01  7.082E+03             0.00000E+00             0.00000E+00
   780  1.000E+01  7.092E+03             0.00000E+00             0.00000E+00
   781  1.000E+01  7.102E+03             0.00000E+00             0.00000E+00
   782  1.000E+01  7.112E+03             0.00000E+00             0.00000E+00
   783  1.000E+01  7.122E+03             0.00000E+00             0.00000E+00
   784  1.000E+01  7.132E+03             0.00000E+00             0.00000E+00
   785  1.000E+01  7.142E+03             0.00000E+00             0.00000E+00
   786  1.000E+01  7.152E+03             0.00000E+00             0.00000E+00
   787  1.000E+01  7.162E+03             0.00000E+00             0.00000E+00
   788  1.000E+01  7.172E+03             0.00000E+00             0.00000E+00
   789  1.000E+01  7.182E+03             0.00000E+00             0.00000E+00
   790  1.000E+01  7.192E+03             0.00000E+00             0.00000E+00
   791  1.000E+01  7.202E+03             0.00000E+00             0.00000E+00
   792  1.000E+01  7.212E+03             0.00000E+00             0.00000E+00
   793  1.000E+01  7.222E+03             0.00000E+00             0.00000E+00
   794  1.000E+01  7.232E+03             0.00000E+00             0.00000E+00
   795  1.000E+01  7.242E+03             0.00000E+00             0.00000E+00
   796  1.000E+01  7.252E+03             0.00000E+00             0.00000E+00
   797  1.000E+01  7.262E+03             0.00000E+00             0.00000E+00
   798  1.000E+01  7.272E+03             0.00000E+00             0.00000E+00
   799  1.000E+01  7.282E+03             0.00000E+00             0.00000E+00
   800  1.000E+01  7.292E+03             0.00000E+00             0.00000E+00
   801  1.000E+01  7.302E+03             0.00000E+00             0.00000E+00
   802  1.000E+01  7.312E+03             0.00000E+00             0.00000E+00
   803  1.000E+01  7.322E+03             0.00000E+00             0.00000E+00
   804  1.000E+01  7.332E+03             0.00000E+00             0.00000E+00
   805  1.000E+01  7.342E+03             0.00000E+00             0.00000E+00
   806  1.000E+01  7.352E+03             0.00000E+00             0.00000E+00
   807  1.000E+01  7.362E+03             0.00000E+00             0.00000E+00
   808  1.000E+01  7.372E+03             0.00000E+00             0.00000E+00
   809  1.000E+01  7.382E+03             0.00000E+00             0.00000E+00
   810  1.000E+01  7.392E+03             0.00000E+00             0.00000E+00
   811  1.000E+01  7.402E+03             0.00000E+00             0.00000E+00
   812  1.000E+01  7.412E+03             0.00000E+00             0.00000E+00
   813  1.000E+01  7.422E+03             0.00000E+00             0.00000E+00
   814  1.000E+01  7.432E+03             0.00000E+00             0.00000E+00
   815  1.000E+01  7.442E+03             0.00000E+00             0.00000E+00
   816  1.000E+01  7.452E+03             0.00000E+00             0.00000E+00
   817  1.000E+01  7.462E+03             0.00000E+00             0.00000E+00
   818  1.000E+01  7.472E+03             0.00000E+00             0.00000E+00
   819  1.000E+01  7.482E+03             0.00000E+00             0.00000E+00
   820  1.000E+01  7.492E+03             0.00000E+00             0.00000E+00
   821  1.000E+01  7.502E+03             0.00000E+00             0.00000E+00
   822  1.000E+01  7.512E+03             0.00000E+00             0.00000E+00
   823  1.000E+01  7.522E+03             0.00000E+00             0.00000E+00
   824  1.000E+01  7.532E+03             0.00000E+00             0.00000E+00
   825  1.000E+01  7.542E+03             0.00000E+00             0.00000E+00
   826  1.000E+01  7.552E+03             0.00000E+00             0.00000E+00
   827  1.000E+01  7.562E+03             0.00000E+00             0.00000E+00
   828  1.000E+01  7.572E+03             0.00000E+00             0.00000E+00
   829  1.000E+01  7.582E+03             0.00000E+00             0.00000E+00
   830  1.000E+01  7.592E+03             0.00000E+00             0.00000E+00
   831  1.000E+01  7.602E+03             0.00000E+00             0.00000E+00
   832  1.000E+01  7.612E+03             0.00000E+00             0.00000E+00
   833  1.000E+01  7.622E+03             0.00000E+00             0.00000E+00
   834  1.000E+01  7.632E+03             0.00000E+00             0.00000E+00
   835  1.000E+01  7.642E+03             0.00000E+00             0.00000E+00
   836  1.000E+01  7.652E+03             0.00000E+00             0.00000E+00
   837  1.000E+01  7.662E+03             0.00000E+00             0.00000E+00
   838  1.000E+01  7.672E+03             0.00000E+00             0.00000E+00
   839  1.000E+01  7.682E+03             0.00000E+00             0.00000E+00
   840  1.000E+01  7.692E+03             0.00000E+00             0.00000E+00
   841  1.000E+01  7.702E+03             0.00000E+00             0.00000E+00
   842  1.000E+01  7.712E+03             0.00000E+00             0.00000E+00
   843  1.000E+01  7.722E+03             0.00000E+00             0.00000E+00
   844  1.000E+01  7.732E+03             0.00000E+00             0.00000E+00
   845  1.000E+01  7.742E+03             0.00000E+00             0.00000E+00
   846  1.000E+01  7.752E+03             0.00000E+00             0.00000E+00
   847  1.000E+01  7.762E+03             0.00000E+00             0.00000E+00
   848  1.000E+01  7.772E+03             0.00000E+00             0.00000E+00
   849  1.000E+01  7.782E+03             0.00000E+00             0.00000E+00
   850  1.000E+01  7.792E+03             0.00000E+00             0.00000E+00
   851  1.000E+01  7.802E+03             0.00000E+00             0.00000E+00
   852  1.000E+01  7.812E+03             0.00000E+00             0.00000E+00
   853  1.000E+01  7.822E+03             0.00000E+00             0.00000E+00
   854  1.000E+01  7.832E+03             0.00000E+00             0.00000E+00
   855  1.000E+01  7.842E+03             0.00000E+00             0.00000E+00
   856  1.000E+01  7.852E+03             0.00000E+00             0.00000E+00
   857  1.000E+01  7.862E+03             0.00000E+00             0.00000E+00
   858  1.000E+01  7.872E+03             0.00000E+00             0.00000E+00
   859  1.000E+01  7.882E+03             0.00000E+00             0.00000E+00
   860  1.000E+01  7.892E+03             0.00000E+00             0.00000E+00
   861  1.000E+01  7.902E+03             0.00000E+00             0.00000E+00
   862  1.000E+01  7.912E+03             0.00000E+00             0.00000E+00
   863  1.000E+01  7.922E+03             0.00000E+00             0.00000E+00
   864  1.000E+01  7.932E+03             0.00000E+00             0.00000E+00
   865  1.000E+01  7.942E+03             0.00000E+00             0.00000E+00
   866  1.000E+01  7.952E+03             0.00000E+00             0.00000E+00
   867  1.000E+01  7.962E+03             0.00000E+00             0.00000E+00
   868  1.000E+01  7.972E+03             0.00000E+00             0.00000E+00
   869  1.000E+01  7.982E+03             0.00000E+00             0.00000E+00
   870  1.000E+01  7.992E+03             0.00000E+00             0.00000E+00
   871  1.000E+01  8.002E+03             0.00000E+00             0.00000E+00
   872  1.000E+01  8.012E+03             0.00000E+00             0.00000E+00
   873  1.000E+01  8.022E+03             0.00000E+00             0.00000E+00
   874  1.000E+01  8.032E+03             0.00000E+00             0.00000E+00
   875  1.000E+01  8.042E+03             0.00000E+00             0.00000E+00
   876  1.000E+01  8.052E+03             0.00000E+00             0.00000E+00
   877  1.000E+01  8.062E+03             0.00000E+00             0.00000E+00
   878  1.000E+01  8.072E+03             0.00000E+00             0.00000E+00
   879  1.000E+01  8.082E+03             0.00000E+00             0.00000E+00
   880  1.000E+01  8.092E+03             0.00000E+00             0.00000E+00
   881  1.000E+01  8.102E+03             0.00000E+00             0.00000E+00
   882  1.000E+01  8.112E+03             0.00000E+00             0.00000E+00
   883  1.000E+01  8.122E+03             0.00000E+00             0.00000E+00
   884  1.000E+01  8.132E+03             0.00000E+00             0.00000E+00
   885  1.000E+01  8.142E+03             0.00000E+00             0.00000E+00
   886  1.000E+01  8.152E+03             0.00000E+00             0.00000E+00
   887  1.000E+01  8.162E+03             0.00000E+00             0.00000E+00
   888  1.000E+01  8.172E+03             0.00000E+00             0.00000E+00
   889  1.000E+01  8.182E+03             0.00000E+00             0.00000E+00
   890  1.000E+01  8.192E+03             0.00000E+00             0.00000E+00
   891  1.000E+01  8.202E+03             0.00000E+00             0.00000E+00
   892  1.000E+01  8.212E+03             0.00000E+00             0.00000E+00
   893  1.000E+01  8.222E+03             0.00000E+00             0.00000E+00
   894  1.000E+01  8.232E+03             0.00000E+00             0.00000E+00
   895  1.000E+01  8.242E+03             0.00000E+00             0.00000E+00
   896  1.000E+01  8.252E+03             0.00000E+00             0.00000E+00
   897  1.000E+01  8.262E+03             0.00000E+00             0.00000E+00
   898  1.000E+01  8.272E+03             0.00000E+00             0.00000E+00
   899  1.000E+01  8.282E+03             0.00000E+00             0.00000E+00
   900  1.000E+01  8.292E+03             0.00000E+00             0.00000E+00
   901  1.000E+01  8.302E+03             0.00000E+00             0.00000E+00
   902  1.000E+01  8.312E+03             0.00000E+00             0.00000E+00
   903  1.000E+01  8.322E+03             0.00000E+00             0.00000E+00
   904  1.000E+01  8.332E+03             0.00000E+00             0.00000E+00
   905  1.000E+01  8.342E+03             0.00000E+00             0.00000E+00
   906  1.000E+01  8.352E+03             0.00000E+00             0.00000E+00
   907  1.000E+01  8.362E+03             0.00000E+00             0.00000E+00
   908  1.000E+01  8.372E+03             0.00000E+00             0.00000E+00
   909  1.000E+01  8.382E+03             0.00000E+00             0.00000E+00
   910  1.000E+01  8.392E+03             0.00000E+00             0.00000E+00
   911  1.000E+01  8.402E+03             0.00000E+00             0.00000E+00
   912  1.000E+01  8.412E+03             0.00000E+00             0.00000E+00
   913  1.000E+01  8.422E+03             0.00000E+00             0.00000E+00
   914  1.000E+01  8.432E+03             0.00000E+00             0.00000E+00
   915  1.000E+01  8.442E+03             0.00000E+00             0.00000E+00
   916  1.000E+01  8.452E+03             0.00000E+00             0.00000E+00
   917  1.000E+01  8.462E+03             0.00000E+00             0.00000E+00
   918  1.000E+01  8.472E+03             0.00000E+00             0.00000E+00
   919  1.000E+01  8.482E+03             0.00000E+00             0.00000E+00
   920  1.000E+01  8.492E+03             0.00000E+00             0.00000E+00
   921  1.000E+01  8.502E+03             0.00000E+00             0.00000E+00
   922  1.000E+01  8.512E+03             0.00000E+00             0.00000E+00
   923  1.000E+01  8.522E+03             0.00000E+00             0.00000E+00
   924  1.000E+01  8.532E+03             0.00000E+00             0.00000E+00
   925  1.000E+01  8.542E+03             0.00000E+00             0.00000E+00
   926  1.000E+01  8.552E+03             0.00000E+00             0.00000E+00
   927  1.000E+01  8.562E+03             0.00000E+00             0.00000E+00
   928  1.000E+01  8.572E+03             0.00000E+00             0.00000E+00
   929  1.000E+01  8.582E+03             0.00000E+00             0.00000E+00
   930  1.000E+01  8.592E+03             0.00000E+00             0.00000E+00
   931  1.000E+01  8.602E+03             0.00000E+00             0.00000E+00
   932  1.000E+01  8.612E+03             0.00000E+00             0.00000E+00
   933  1.000E+01  8.622E+03             0.00000E+00             0.00000E+00
   934  1.000E+01  8.632E+03             0.00000E+00             0.00000E+00
   935  1.000E+01  8.642E+03             0.00000E+00             0.00000E+00
   936  1.000E+01  8.652E+03             0.00000E+00             0.00000E+00
   937  1.000E+01  8.662E+03             0.00000E+00             0.00000E+00
   938  1.000E+01  8.672E+03             0.00000E+00             0.00000E+00
   939  1.000E+01  8.682E+03             0.00000E+00             0.00000E+00
   940  1.000E+01  8.692E+03             0.00000E+00             0.00000E+00
   941  1.000E+01  8.702E+03             0.00000E+00             0.00000E+00
   942  1.000E+01  8.712E+03             0.00000E+00             0.00000E+00
   943  1.000E+01  8.722E+03             0.00000E+00             0.00000E+00
   944  1.000E+01  8.732E+03             0.00000E+00             0.00000E+00
   945  1.000E+01  8.742E+03             0.00000E+00             0.00000E+00
   946  1.000E+01  8.752E+03             0.00000E+00             0.00000E+00
   947  1.000E+01  8.762E+03             0.00000E+00             0.00000E+00
   948  1.000E+01  8.772E+03             0.00000E+00             0.00000E+00
   949  1.000E+01  8.782E+03             0.00000E+00             0.00000E+00
   950  1.000E+01  8.792E+03             0.00000E+00             0.00000E+00
   951  1.000E+01  8.802E+03             0.00000E+00             0.00000E+00
   952  1.000E+01  8.812E+03             0.00000E+00             0.00000E+00
   953  1.000E+01  8.822E+03             0.00000E+00             0.00000E+00
   954  1.000E+01  8.832E+03             0.00000E+00             0.00000E+00
   955  1.000E+01  8.842E+03             0.00000E+00             0.00000E+00
   956  1.000E+01  8.852E+03             0.00000E+00             0.00000E+00
   957  1.000E+01  8.862E+03             0.00000E+00             0.00000E+00
   958  1.000E+01  8.872E+03             0.00000E+00             0.00000E+00
   959  1.000E+01  8.882E+03             0.00000E+00             0.00000E+00
   960  1.000E+01  8.892E+03             0.00000E+00             0.00000E+00
   961  1.000E+01  8.902E+03             0.00000E+00             0.00000E+00
   962  1.000E+01  8.912E+03             0.00000E+00             0.00000E+00
   963  1.000E+01  8.922E+03             0.00000E+00             0.00000E+00
   964  1.000E+01  8.932E+03             0.00000E+00             0.00000E+00
   965  1.000E+01  8.942E+03             0.00000E+00             0.00000E+00
   966  1.000E+01  8.952E+03             0.00000E+00             0.00000E+00
   967  1.000E+01  8.962E+03             0.00000E+00             0.00000E+00
   968  1.000E+01  8.972E+03             0.00000E+00             0.00000E+00
   969  1.000E+01  8.982E+03             0.00000E+00             0.00000E+00
   970  1.000E+01  8.992E+03             0.00000E+00             0.00000E+00
   971  1.000E+01  9.002E+03             0.00000E+00             0.00000E+00
   972  1.000E+01  9.012E+03             0.00000E+00             0.00000E+00
   973  1.000E+01  9.022E+03             0.00000E+00             0.00000E+00
   974  1.000E+01  9.032E+03             0.00000E+00             0.00000E+00
   975  1.000E+01  9.042E+03             0.00000E+00             0.00000E+00
   976  1.000E+01  9.052E+03             0.00000E+00             0.00000E+00
   977  1.000E+01  9.062E+03             0.00000E+00             0.00000E+00
   978  1.000E+01  9.072E+03             0.00000E+00             0.00000E+00
   979  1.000E+01  9.082E+03             0.00000E+00             0.00000E+00
   980  1.000E+01  9.092E+03             0.00000E+00             0.00000E+00
   981  1.000E+01  9.102E+03             0.00000E+00             0.00000E+00
   982  1.000E+01  9.112E+03             0.00000E+00             0.00000E+00
   983  1.000E+01  9.122E+03             0.00000E+00             0.00000E+00
   984  1.000E+01  9.132E+03             0.00000E+00             0.00000E+00
   985  1.000E+01  9.142E+03             0.00000E+00             0.00000E+00
   986  1.000E+01  9.152E+03             0.00000E+00             0.00000E+00
   987  1.000E+01  9.162E+03             0.00000E+00             0.00000E+00
   988  1.000E+01  9.172E+03             0.00000E+00             0.00000E+00
   989  1.000E+01  9.182E+03             0.00000E+00             0.00000E+00
   990  1.000E+01  9.192E+03             0.00000E+00             0.00000E+00
   991  1.000E+01  9.202E+03             0.00000E+00             0.00000E+00
   992  1.000E+01  9.212E+03             0.00000E+00             0.00000E+00
   993  1.000E+01  9.222E+03             0.00000E+00             0.00000E+00
   994  1.000E+01  9.232E+03             0.00000E+00             0.00000E+00
   995  1.000E+01  9.242E+03             0.00000E+00             0.00000E+00
   996  1.000E+01  9.252E+03             0.00000E+00             0.00000E+00
   997  1.000E+01  9.262E+03             0.00000E+00             0.00000E+00
   998  1.000E+01  9.272E+03             0.00000E+00             0.00000E+00
   999  1.000E+01  9.282E+03             0.00000E+00             0.00000E+00
  1000  1.000E+01  9.292E+03             0.00000E+00             0.00000E+00
  1001  1.000E+01  9.302E+03             0.00000E+00             0.00000E+00
  1002  1.000E+01  9.312E+03             0.00000E+00             0.00000E+00
  1003  1.000E+01  9.322E+03             0.00000E+00             0.00000E+00
  1004  1.000E+01  9.332E+03             0.00000E+00             0.00000E+00
  1005  1.000E+01  9.342E+03             0.00000E+00             0.00000E+00
  1006  1.000E+01  9.352E+03             0.00000E+00             0.00000E+00
  1007  1.000E+01  9.362E+03             0.00000E+00             0.00000E+00
  1008  1.000E+01  9.372E+03             0.00000E+00             0.00000E+00
  1009  1.000E+01  9.382E+03             0.00000E+00             0.00000E+00
  1010  1.000E+01  9.392E+03             0.00000E+00             0.00000E+00
  1011  1.000E+01  9.402E+03             0.00000E+00             0.00000E+00
  1012  1.000E+01  9.412E+03             0.00000E+00             0.00000E+00
  1013  1.000E+01  9.422E+03             0.00000E+00             0.00000E+00
  1014  1.000E+01  9.432E+03             0.00000E+00             0.00000E+00
  1015  1.000E+01  9.442E+03             0.00000E+00             0.00000E+00
  1016  1.000E+01  9.452E+03             0.00000E+00             0.00000E+00
  1017  1.000E+01  9.462E+03             0.00000E+00             0.00000E+00
  1018  1.000E+01  9.472E+03             0.00000E+00             0.00000E+00
  1019  1.000E+01  9.482E+03             0.00000E+00             0.00000E+00
  1020  1.000E+01  9.492E+03             0.00000E+00             0.00000E+00
  1021  1.000E+01  9.502E+03             0.00000E+00             0.00000E+00
  1022  1.000E+01  9.512E+03             0.00000E+00             0.00000E+00
  1023  1.000E+01  9.522E+03             0.00000E+00             0.00000E+00
  1024  1.000E+01  9.532E+03             0.00000E+00             0.00000E+00
  1025  1.000E+01  9.542E+03             0.00000E+00             0.00000E+00
  1026  1.000E+01  9.552E+03             0.00000E+00             0.00000E+00
  1027  1.000E+01  9.562E+03             0.00000E+00             0.00000E+00
  1028  1.000E+01  9.572E+03             0.00000E+00             0.00000E+00
  1029  1.000E+01  9.582E+03             0.00000E+00             0.00000E+00
  1030  8.810E+00  9.591E+03             0.00000E+00             0.00000E+00
  1031  8.810E+00  9.600E+03             0.00000E+00             0.00000E+00
