#       1
#          TIME              381
  1.00000000E-02  0.00000000E+00  0.00000000E+00  0.00000000E+00  0.00000000E+00
  1.50000000E-02  1.82231928E-10  0.00000000E+00  0.00000000E+00  0.00000000E+00
  2.05000000E-02  3.60847975E-10  0.00000000E+00  0.00000000E+00  0.00000000E+00
  2.65500000E-02  2.12519108E-09  0.00000000E+00  0.00000000E+00  0.00000000E+00
  3.32050000E-02  2.08807783E-09  0.00000000E+00  0.00000000E+00  0.00000000E+00
  4.05255000E-02  2.14366877E-09  0.00000000E+00  0.00000000E+00  0.00000000E+00
  4.85780500E-02  2.25162330E-09  0.00000000E+00  0.00000000E+00  0.00000000E+00
  5.74358550E-02  2.40775295E-09  0.00000000E+00  0.00000000E+00  0.00000000E+00
  6.71794405E-02  2.60928873E-09  0.00000000E+00  0.00000000E+00  0.00000000E+00
  7.78973846E-02  2.85470629E-09  0.00000000E+00  0.00000000E+00  0.00000000E+00
  8.96871230E-02  3.14355132E-09  0.00000000E+00  0.00000000E+00  0.00000000E+00
  1.02655835E-01  3.47630226E-09  0.00000000E+00  0.00000000E+00  0.00000000E+00
  1.16921419E-01  3.87429479E-09  0.00000000E+00  0.00000000E+00  0.00000000E+00
  1.32613561E-01  4.31662225E-09  0.00000000E+00  0.00000000E+00  0.00000000E+00
  1.49874917E-01  4.80692268E-09  0.00000000E+00  0.00000000E+00  0.00000000E+00
  1.68862408E-01  5.34921184E-09  0.00000000E+00  0.00000000E+00  0.00000000E+00
  1.89748649E-01  5.94808031E-09  0.00000000E+00  0.00000000E+00  0.00000000E+00
  2.12723514E-01  6.60871444E-09  0.00000000E+00  0.00000000E+00  0.00000000E+00
  2.37995866E-01  7.33692841E-09  0.00000000E+00  0.00000000E+00  0.00000000E+00
  2.65795452E-01  8.13920685E-09  0.00000000E+00  0.00000000E+00  0.00000000E+00
  2.96374997E-01  9.02275944E-09  0.00000000E+00  0.00000000E+00  0.00000000E+00
  3.30012497E-01  2.05641047E-08  0.00000000E+00  0.00000000E+00  0.00000000E+00
  3.67013747E-01  1.97331497E-08  0.00000000E+00  0.00000000E+00  0.00000000E+00
  4.07715122E-01  1.95048857E-08  0.00000000E+00  0.00000000E+00  0.00000000E+00
  4.52486634E-01  1.97311378E-08  0.00000000E+00  0.00000000E+00  0.00000000E+00
  5.01735297E-01  2.03926111E-08  0.00000000E+00  0.00000000E+00  0.00000000E+00
  5.55908827E-01  2.16147970E-08  0.00000000E+00  0.00000000E+00  0.00000000E+00
  6.15499710E-01  2.30322522E-08  0.00000000E+00  0.00000000E+00  0.00000000E+00
  6.81049681E-01  2.46561235E-08  0.00000000E+00  0.00000000E+00  0.00000000E+00
  7.53154649E-01  2.65002547E-08  0.00000000E+00  0.00000000E+00  0.00000000E+00
  8.32470113E-01  2.85825160E-08  0.00000000E+00  0.00000000E+00  0.00000000E+00
  9.19717125E-01  3.09182340E-08  0.00000000E+00  0.00000000E+00  0.00000000E+00
  1.01568884E+00  3.35275415E-08  0.00000000E+00  0.00000000E+00  0.00000000E+00
  1.12125772E+00  3.64561743E-08  0.00000000E+00  0.00000000E+00  0.00000000E+00
  1.23738349E+00  3.97841515E-08  0.00000000E+00  0.00000000E+00  0.00000000E+00
  1.36512184E+00  4.34603436E-08  0.00000000E+00  0.00000000E+00  0.00000000E+00
  1.50563403E+00  4.75187526E-08  0.00000000E+00  0.00000000E+00  0.00000000E+00
  1.66019743E+00  5.20039508E-08  0.00000000E+00  0.00000000E+00  0.00000000E+00
  1.83021717E+00  5.69607896E-08  0.00000000E+00  0.00000000E+00  0.00000000E+00
  2.01723889E+00  6.24333656E-08  0.00000000E+00  0.00000000E+00  0.00000000E+00
  2.22296278E+00  6.84704471E-08  0.00000000E+00  0.00000000E+00  0.00000000E+00
  2.44925906E+00  7.51269433E-08  0.00000000E+00  0.00000000E+00  0.00000000E+00
  2.69818496E+00  8.24640229E-08  0.00000000E+00  0.00000000E+00  0.00000000E+00
  2.97200346E+00  9.05524567E-08  0.00000000E+00  0.00000000E+00  0.00000000E+00
  3.27320380E+00  9.94749204E-08  0.00000000E+00  0.00000000E+00  0.00000000E+00
  3.60452418E+00  1.09308015E-07  0.00000000E+00  0.00000000E+00  0.00000000E+00
  3.96897660E+00  1.20144821E-07  0.00000000E+00  0.00000000E+00  0.00000000E+00
  4.36987426E+00  1.32088561E-07  0.00000000E+00  0.00000000E+00  0.00000000E+00
  4.81086169E+00  1.45253741E-07  0.00000000E+00  0.00000000E+00  0.00000000E+00
  5.29594786E+00  1.59767458E-07  0.00000000E+00  0.00000000E+00  0.00000000E+00
  5.82954264E+00  1.75769352E-07  0.00000000E+00  0.00000000E+00  0.00000000E+00
  6.41649691E+00  1.93416388E-07  0.00000000E+00  0.00000000E+00  0.00000000E+00
  7.06214660E+00  2.12889008E-07  0.00000000E+00  0.00000000E+00  0.00000000E+00
  7.77236126E+00  2.34379056E-07  0.00000000E+00  0.00000000E+00  0.00000000E+00
  8.55359739E+00  2.58105114E-07  0.00000000E+00  0.00000000E+00  0.00000000E+00
  9.41295712E+00  2.84310983E-07  0.00000000E+00  0.00000000E+00  0.00000000E+00
  1.03582528E+01  3.13269507E-07  0.00000000E+00  0.00000000E+00  0.00000000E+00
  1.13980781E+01  3.45286713E-07  0.00000000E+00  0.00000000E+00  0.00000000E+00
  1.25418859E+01  3.80706622E-07  0.00000000E+00  0.00000000E+00  0.00000000E+00
  1.38000745E+01  4.19916937E-07  0.00000000E+00  0.00000000E+00  0.00000000E+00
  1.51840820E+01  4.63355796E-07  0.00000000E+00  0.00000000E+00  0.00000000E+00
  1.67064902E+01  5.11519864E-07  0.00000000E+00  0.00000000E+00  0.00000000E+00
  1.83811392E+01  5.64974113E-07  0.00000000E+00  0.00000000E+00  0.00000000E+00
  2.02232531E+01  6.24363730E-07  0.00000000E+00  0.00000000E+00  0.00000000E+00
  2.22495784E+01  6.90428767E-07  0.00000000E+00  0.00000000E+00  0.00000000E+00
  2.44785363E+01  7.64022359E-07  0.00000000E+00  0.00000000E+00  0.00000000E+00
  2.69303899E+01  8.46101031E-07  0.00000000E+00  0.00000000E+00  0.00000000E+00
  2.96274289E+01  9.37846782E-07  0.00000000E+00  0.00000000E+00  0.00000000E+00
  3.25941718E+01  1.04061451E-06  0.00000000E+00  0.00000000E+00  0.00000000E+00
  3.58575889E+01  1.15601193E-06  0.00000000E+00  0.00000000E+00  0.00000000E+00
  3.94473478E+01  1.28596514E-06  0.00000000E+00  0.00000000E+00  0.00000000E+00
  4.33960826E+01  1.43280917E-06  0.00000000E+00  0.00000000E+00  0.00000000E+00
  4.77396909E+01  1.59941502E-06  0.00000000E+00  0.00000000E+00  0.00000000E+00
  5.25176600E+01  1.78937317E-06  0.00000000E+00  0.00000000E+00  0.00000000E+00
  5.77734260E+01  2.00726818E-06  0.00000000E+00  0.00000000E+00  0.00000000E+00
  6.35547686E+01  2.25910827E-06  0.00000000E+00  0.00000000E+00  0.00000000E+00
  6.99142454E+01  2.55303666E-06  0.00000000E+00  0.00000000E+00  0.00000000E+00
  7.69096700E+01  2.90095718E-06  0.00000000E+00  0.00000000E+00  0.00000000E+00
  8.46046370E+01  3.32005800E-06  0.00000000E+00  0.00000000E+00  0.00000000E+00
  9.30691007E+01  3.83960046E-06  0.00000000E+00  0.00000000E+00  0.00000000E+00
  1.02380011E+02  4.51752975E-06  0.00000000E+00  0.00000000E+00  0.00000000E+00
  1.12380011E+02  5.39607242E-06  0.00000000E+00  0.00000000E+00  0.00000000E+00
  1.22380011E+02  6.17939287E-06  0.00000000E+00  0.00000000E+00  0.00000000E+00
  1.32380011E+02  6.88002948E-06  0.00000000E+00  0.00000000E+00  0.00000000E+00
  1.42380011E+02  7.51338234E-06  0.00000000E+00  0.00000000E+00  0.00000000E+00
  1.52380011E+02  8.09088708E-06  0.00000000E+00  0.00000000E+00  0.00000000E+00
  1.62380011E+02  8.62134986E-06  0.00000000E+00  0.00000000E+00  0.00000000E+00
  1.72380011E+02  9.11172410E-06  0.00000000E+00  0.00000000E+00  0.00000000E+00
  1.82380011E+02  9.56759409E-06  0.00000000E+00  0.00000000E+00  0.00000000E+00
  1.92380011E+02  9.99348907E-06  0.00000000E+00  0.00000000E+00  0.00000000E+00
  2.02380011E+02  1.03931177E-05  0.00000000E+00  0.00000000E+00  0.00000000E+00
  2.12380011E+02  1.07695344E-05  0.00000000E+00  0.00000000E+00  0.00000000E+00
  2.22380011E+02  1.11252979E-05  0.00000000E+00  0.00000000E+00  0.00000000E+00
  2.32380011E+02  1.14658966E-05  0.00000000E+00  0.00000000E+00  0.00000000E+00
  2.42380011E+02  1.17927211E-05  0.00000000E+00  0.00000000E+00  0.00000000E+00
  2.52380011E+02  1.21068919E-05  0.00000000E+00  0.00000000E+00  0.00000000E+00
  2.62380011E+02  1.24093141E-05  0.00000000E+00  0.00000000E+00  0.00000000E+00
  2.72380011E+02  1.27007222E-05  0.00000000E+00  0.00000000E+00  0.00000000E+00
  2.82380011E+02  1.29819244E-05  0.00000000E+00  0.00000000E+00  0.00000000E+00
  2.92380011E+02  1.32532161E-05  0.00000000E+00  0.00000000E+00  0.00000000E+00
  3.02380011E+02  1.35149993E-05  0.00000000E+00  0.00000000E+00  0.00000000E+00
  3.12380011E+02  1.37676134E-05  0.00000000E+00  0.00000000E+00  0.00000000E+00
  3.22380011E+02  1.40113496E-05  0.00000000E+00  0.00000000E+00  0.00000000E+00
  3.32380011E+02  1.42464625E-05  0.00000000E+00  0.00000000E+00  0.00000000E+00
  3.42380011E+02  1.44731797E-05  0.00000000E+00  0.00000000E+00  0.00000000E+00
  3.52380011E+02  1.46917088E-05  0.00000000E+00  0.00000000E+00  0.00000000E+00
  3.62380011E+02  1.49022444E-05  0.00000000E+00  0.00000000E+00  0.00000000E+00
  3.72380011E+02  1.51060168E-05  0.00000000E+00  0.00000000E+00  0.00000000E+00
  3.82380011E+02  1.53011047E-05  0.00000000E+00  0.00000000E+00  0.00000000E+00
  3.92380011E+02  1.54887294E-05  0.00000000E+00  0.00000000E+00  0.00000000E+00
  4.02380011E+02  1.56690725E-05  0.00000000E+00  0.00000000E+00  0.00000000E+00
  4.12380011E+02  1.58423145E-05  0.00000000E+00  0.00000000E+00  0.00000000E+00
  4.22380011E+02  1.60086377E-05  0.00000000E+00  0.00000000E+00  0.00000000E+00
  4.32380011E+02  1.61682272E-05  0.00000000E+00  0.00000000E+00  0.00000000E+00
  4.42380011E+02  1.63212706E-05  0.00000000E+00  0.00000000E+00  0.00000000E+00
  4.52380011E+02  1.64679586E-05  0.00000000E+00  0.00000000E+00  0.00000000E+00
  4.62380011E+02  1.66084842E-05  0.00000000E+00  0.00000000E+00  0.00000000E+00
  4.72380011E+02  1.67430425E-05  0.00000000E+00  0.00000000E+00  0.00000000E+00
  4.82380011E+02  1.68718300E-05  0.00000000E+00  0.00000000E+00  0.00000000E+00
  4.92380011E+02  1.69950442E-05  0.00000000E+00  0.00000000E+00  0.00000000E+00
  5.02380011E+02  1.71128828E-05  0.00000000E+00  0.00000000E+00  0.00000000E+00
  5.12380011E+02  1.72255426E-05  0.00000000E+00  0.00000000E+00  0.00000000E+00
  5.22380011E+02  1.73332196E-05  0.00000000E+00  0.00000000E+00  0.00000000E+00
  5.32380011E+02  1.74361076E-05  0.00000000E+00  0.00000000E+00  0.00000000E+00
  5.42380011E+02  1.75343980E-05  0.00000000E+00  0.00000000E+00  0.00000000E+00
  5.52380011E+02  1.76282789E-05  0.00000000E+00  0.00000000E+00  0.00000000E+00
  5.62380011E+02  1.77179562E-05  0.00000000E+00  0.00000000E+00  0.00000000E+00
  5.72380011E+02  1.78037258E-05  0.00000000E+00  0.00000000E+00  0.00000000E+00
  5.82380011E+02  1.78857463E-05  0.00000000E+00  0.00000000E+00  0.00000000E+00
  5.92380011E+02  1.79641724E-05  0.00000000E+00  0.00000000E+00  0.00000000E+00
  6.02380011E+02  1.80391548E-05  0.00000000E+00  0.00000000E+00  0.00000000E+00
  6.12380011E+02  1.81108399E-05  0.00000000E+00  0.00000000E+00  0.00000000E+00
  6.22380011E+02  1.81793695E-05  0.00000000E+00  0.00000000E+00  0.00000000E+00
  6.32380011E+02  1.82448807E-05  0.00000000E+00  0.00000000E+00  0.00000000E+00
  6.42380011E+02  1.83075057E-05  0.00000000E+00  0.00000000E+00  0.00000000E+00
  6.52380011E+02  1.83673719E-05  0.00000000E+00  0.00000000E+00  0.00000000E+00
  6.62380011E+02  1.84246018E-05  0.00000000E+00  0.00000000E+00  0.00000000E+00
  6.72380011E+02  1.84793129E-05  0.00000000E+00  0.00000000E+00  0.00000000E+00
  6.82380011E+02  1.85316180E-05  0.00000000E+00  0.00000000E+00  0.00000000E+00
  6.92380011E+02  1.85816248E-05  0.00000000E+00  0.00000000E+00  0.00000000E+00
  7.02380011E+02  1.86294365E-05  0.00000000E+00  0.00000000E+00  0.00000000E+00
  7.12380011E+02  1.86751517E-05  0.00000000E+00  0.00000000E+00  0.00000000E+00
  7.22380011E+02  1.87188645E-05  0.00000000E+00  0.00000000E+00  0.00000000E+00
  7.32380011E+02  1.87606645E-05  0.00000000E+00  0.00000000E+00  0.00000000E+00
  7.42380011E+02  1.88006374E-05  0.00000000E+00  0.00000000E+00  0.00000000E+00
  7.52380011E+02  1.88388646E-05  0.00000000E+00  0.00000000E+00  0.00000000E+00
  7.62380011E+02  1.88754237E-05  0.00000000E+00  0.00000000E+00  0.00000000E+00
  7.72380011E+02  1.89103888E-05  0.00000000E+00  0.00000000E+00  0.00000000E+00
  7.82380011E+02  1.89438300E-05  0.00000000E+00  0.00000000E+00  0.00000000E+00
  7.92380011E+02  1.89758143E-05  0.00000000E+00  0.00000000E+00  0.00000000E+00
  8.02380011E+02  1.90064056E-05  0.00000000E+00  0.00000000E+00  0.00000000E+00
  8.12380011E+02  1.90356643E-05  0.00000000E+00  0.00000000E+00  0.00000000E+00
  8.22380011E+02  1.90636483E-05  0.00000000E+00  0.00000000E+00  0.00000000E+00
  8.32380011E+02  1.90904124E-05  0.00000000E+00  0.00000000E+00  0.00000000E+00
  8.42380011E+02  1.91160090E-05  0.00000000E+00  0.00000000E+00  0.00000000E+00
  8.52380011E+02  1.91404878E-05  0.00000000E+00  0.00000000E+00  0.00000000E+00
  8.62380011E+02  1.91638963E-05  0.00000000E+00  0.00000000E+00  0.00000000E+00
  8.72380011E+02  1.91862796E-05  0.00000000E+00  0.00000000E+00  0.00000000E+00
  8.82380011E+02  1.92076808E-05  0.00000000E+00  0.00000000E+00  0.00000000E+00
  8.92380011E+02  1.92281409E-05  0.00000000E+00  0.00000000E+00  0.00000000E+00
  9.02380011E+02  1.92476990E-05  0.00000000E+00  0.00000000E+00  0.00000000E+00
  9.12380011E+02  1.92663925E-05  0.00000000E+00  0.00000000E+00  0.00000000E+00
  9.22380011E+02  1.92842570E-05  0.00000000E+00  0.00000000E+00  0.00000000E+00
  9.32380011E+02  1.93013265E-05  0.00000000E+00  0.00000000E+00  0.00000000E+00
  9.42380011E+02  1.93176334E-05  0.00000000E+00  0.00000000E+00  0.00000000E+00
  9.52380011E+02  1.93332088E-05  0.00000000E+00  0.00000000E+00  0.00000000E+00
  9.62380011E+02  1.93480823E-05  0.00000000E+00  0.00000000E+00  0.00000000E+00
  9.72380011E+02  1.93622822E-05  0.00000000E+00  0.00000000E+00  0.00000000E+00
  9.82380011E+02  1.93758357E-05  0.00000000E+00  0.00000000E+00  0.00000000E+00
  9.92380011E+02  1.93887685E-05  0.00000000E+00  0.00000000E+00  0.00000000E+00
  1.00238001E+03  1.94011056E-05  0.00000000E+00  0.00000000E+00  0.00000000E+00
  1.01238001E+03  1.94128706E-05  0.00000000E+00  0.00000000E+00  0.00000000E+00
  1.02238001E+03  1.94240863E-05  0.00000000E+00  0.00000000E+00  0.00000000E+00
  1.03238001E+03  1.94347744E-05  0.00000000E+00  0.00000000E+00  0.00000000E+00
  1.04238001E+03  1.94449558E-05  0.00000000E+00  0.00000000E+00  0.00000000E+00
  1.05238001E+03  1.94546505E-05  0.00000000E+00  0.00000000E+00  0.00000000E+00
  1.06238001E+03  1.94638775E-05  0.00000000E+00  0.00000000E+00  0.00000000E+00
  1.07238001E+03  1.94726554E-05  0.00000000E+00  0.00000000E+00  0.00000000E+00
  1.08238001E+03  1.94810015E-05  0.00000000E+00  0.00000000E+00  0.00000000E+00
  1.09238001E+03  1.94889329E-05  0.00000000E+00  0.00000000E+00  0.00000000E+00
  1.10238001E+03  1.94964657E-05  0.00000000E+00  0.00000000E+00  0.00000000E+00
  1.11238001E+03  1.95036155E-05  0.00000000E+00  0.00000000E+00  0.00000000E+00
  1.12238001E+03  1.95103971E-05  0.00000000E+00  0.00000000E+00  0.00000000E+00
  1.13238001E+03  1.95168249E-05  0.00000000E+00  0.00000000E+00  0.00000000E+00
  1.14238001E+03  1.95229125E-05  0.00000000E+00  0.00000000E+00  0.00000000E+00
  1.15238001E+03  1.95286733E-05  0.00000000E+00  0.00000000E+00  0.00000000E+00
  1.16238001E+03  1.95341198E-05  0.00000000E+00  0.00000000E+00  0.00000000E+00
  1.17238001E+03  1.95392641E-05  0.00000000E+00  0.00000000E+00  0.00000000E+00
  1.18238001E+03  1.95441181E-05  0.00000000E+00  0.00000000E+00  0.00000000E+00
  1.19238001E+03  1.95486928E-05  0.00000000E+00  0.00000000E+00  0.00000000E+00
  1.20238001E+03  1.95529990E-05  0.00000000E+00  0.00000000E+00  0.00000000E+00
  1.21238001E+03  1.95570472E-05  0.00000000E+00  0.00000000E+00  0.00000000E+00
  1.22238001E+03  1.95608471E-05  0.00000000E+00  0.00000000E+00  0.00000000E+00
  1.23238001E+03  1.95644085E-05  0.00000000E+00  0.00000000E+00  0.00000000E+00
  1.24238001E+03  1.95677404E-05  0.00000000E+00  0.00000000E+00  0.00000000E+00
  1.25238001E+03  1.95708516E-05  0.00000000E+00  0.00000000E+00  0.00000000E+00
  1.26238001E+03  1.95737507E-05  0.00000000E+00  0.00000000E+00  0.00000000E+00
  1.27238001E+03  1.95764458E-05  0.00000000E+00  0.00000000E+00  0.00000000E+00
  1.28238001E+03  1.95789446E-05  0.00000000E+00  0.00000000E+00  0.00000000E+00
  1.29238001E+03  1.95812547E-05  0.00000000E+00  0.00000000E+00  0.00000000E+00
  1.30238001E+03  1.95833834E-05  0.00000000E+00  0.00000000E+00  0.00000000E+00
  1.31238001E+03  1.95853375E-05  0.00000000E+00  0.00000000E+00  0.00000000E+00
  1.32238001E+03  1.95871238E-05  0.00000000E+00  0.00000000E+00  0.00000000E+00
  1.33238001E+03  1.95887486E-05  0.00000000E+00  0.00000000E+00  0.00000000E+00
  1.34238001E+03  1.95902182E-05  0.00000000E+00  0.00000000E+00  0.00000000E+00
  1.35238001E+03  1.95915384E-05  0.00000000E+00  0.00000000E+00  0.00000000E+00
  1.36238001E+03  1.95927149E-05  0.00000000E+00  0.00000000E+00  0.00000000E+00
  1.37238001E+03  1.95937533E-05  0.00000000E+00  0.00000000E+00  0.00000000E+00
  1.38238001E+03  1.95946588E-05  0.00000000E+00  0.00000000E+00  0.00000000E+00
  1.39238001E+03  1.95954364E-05  0.00000000E+00  0.00000000E+00  0.00000000E+00
  1.40238001E+03  1.95960910E-05  0.00000000E+00  0.00000000E+00  0.00000000E+00
  1.41238001E+03  1.95966273E-05  0.00000000E+00  0.00000000E+00  0.00000000E+00
  1.42238001E+03  1.95970499E-05  0.00000000E+00  0.00000000E+00  0.00000000E+00
  1.43238001E+03  1.95973629E-05  0.00000000E+00  0.00000000E+00  0.00000000E+00
  1.44238001E+03  1.95975706E-05  0.00000000E+00  0.00000000E+00  0.00000000E+00
  1.45238001E+03  1.95976770E-05  0.00000000E+00  0.00000000E+00  0.00000000E+00
  1.46238001E+03  1.95976860E-05  0.00000000E+00  0.00000000E+00  0.00000000E+00
  1.47238001E+03  1.95976011E-05  0.00000000E+00  0.00000000E+00  0.00000000E+00
  1.48238001E+03  1.95974260E-05  0.00000000E+00  0.00000000E+00  0.00000000E+00
  1.49238001E+03  1.95971644E-05  0.00000000E+00  0.00000000E+00  0.00000000E+00
  1.50238001E+03  1.95968160E-05  0.00000000E+00  0.00000000E+00  0.00000000E+00
  1.51238001E+03  1.95963846E-05  0.00000000E+00  0.00000000E+00  0.00000000E+00
  1.52238001E+03  1.95958739E-05  0.00000000E+00  0.00000000E+00  0.00000000E+00
  1.53238001E+03  1.95952866E-05  0.00000000E+00  0.00000000E+00  0.00000000E+00
  1.54238001E+03  1.95946256E-05  0.00000000E+00  0.00000000E+00  0.00000000E+00
  1.55238001E+03  1.95938935E-05  0.00000000E+00  0.00000000E+00  0.00000000E+00
  1.56238001E+03  1.95930930E-05  0.00000000E+00  0.00000000E+00  0.00000000E+00
  1.57238001E+03  1.95922266E-05  0.00000000E+00  0.00000000E+00  0.00000000E+00
  1.58238001E+03  1.95912966E-05  0.00000000E+00  0.00000000E+00  0.00000000E+00
  1.59238001E+03  1.95903054E-05  0.00000000E+00  0.00000000E+00  0.00000000E+00
  1.60238001E+03  1.95892552E-05  0.00000000E+00  0.00000000E+00  0.00000000E+00
  1.61238001E+03  1.95881480E-05  0.00000000E+00  0.00000000E+00  0.00000000E+00
  1.62238001E+03  1.95869860E-05  0.00000000E+00  0.00000000E+00  0.00000000E+00
  1.63238001E+03  1.95857711E-05  0.00000000E+00  0.00000000E+00  0.00000000E+00
  1.64238001E+03  1.95845052E-05  0.00000000E+00  0.00000000E+00  0.00000000E+00
  1.65238001E+03  1.95831902E-05  0.00000000E+00  0.00000000E+00  0.00000000E+00
  1.66238001E+03  1.95818277E-05  0.00000000E+00  0.00000000E+00  0.00000000E+00
  1.67238001E+03  1.95804195E-05  0.00000000E+00  0.00000000E+00  0.00000000E+00
  1.68238001E+03  1.95789672E-05  0.00000000E+00  0.00000000E+00  0.00000000E+00
  1.69238001E+03  1.95774723E-05  0.00000000E+00  0.00000000E+00  0.00000000E+00
  1.70238001E+03  1.95759365E-05  0.00000000E+00  0.00000000E+00  0.00000000E+00
  1.71238001E+03  1.95743611E-05  0.00000000E+00  0.00000000E+00  0.00000000E+00
  1.72238001E+03  1.95727476E-05  0.00000000E+00  0.00000000E+00  0.00000000E+00
  1.73238001E+03  1.95710973E-05  0.00000000E+00  0.00000000E+00  0.00000000E+00
  1.74238001E+03  1.95694115E-05  0.00000000E+00  0.00000000E+00  0.00000000E+00
  1.75238001E+03  1.95676915E-05  0.00000000E+00  0.00000000E+00  0.00000000E+00
  1.76238001E+03  1.95659384E-05  0.00000000E+00  0.00000000E+00  0.00000000E+00
  1.77238001E+03  1.95641535E-05  0.00000000E+00  0.00000000E+00  0.00000000E+00
  1.78238001E+03  1.95623379E-05  0.00000000E+00  0.00000000E+00  0.00000000E+00
  1.79238001E+03  1.95604926E-05  0.00000000E+00  0.00000000E+00  0.00000000E+00
  1.80238001E+03  1.95586188E-05  0.00000000E+00  0.00000000E+00  0.00000000E+00
  1.81238001E+03  1.95567173E-05  0.00000000E+00  0.00000000E+00  0.00000000E+00
  1.82238001E+03  1.95547892E-05  0.00000000E+00  0.00000000E+00  0.00000000E+00
  1.83238001E+03  1.95528355E-05  0.00000000E+00  0.00000000E+00  0.00000000E+00
  1.84238001E+03  1.95508569E-05  0.00000000E+00  0.00000000E+00  0.00000000E+00
  1.85238001E+03  1.95488544E-05  0.00000000E+00  0.00000000E+00  0.00000000E+00
  1.86238001E+03  1.95468289E-05  0.00000000E+00  0.00000000E+00  0.00000000E+00
  1.87238001E+03  1.95447810E-05  0.00000000E+00  0.00000000E+00  0.00000000E+00
  1.88238001E+03  1.95427117E-05  0.00000000E+00  0.00000000E+00  0.00000000E+00
  1.89238001E+03  1.95406216E-05  0.00000000E+00  0.00000000E+00  0.00000000E+00
  1.90238001E+03  1.95385115E-05  0.00000000E+00  0.00000000E+00  0.00000000E+00
  1.91238001E+03  1.95363820E-05  0.00000000E+00  0.00000000E+00  0.00000000E+00
  1.92238001E+03  1.95342338E-05  0.00000000E+00  0.00000000E+00  0.00000000E+00
  1.93238001E+03  1.95320676E-05  0.00000000E+00  0.00000000E+00  0.00000000E+00
  1.94238001E+03  1.95298841E-05  0.00000000E+00  0.00000000E+00  0.00000000E+00
  1.95238001E+03  1.95276837E-05  0.00000000E+00  0.00000000E+00  0.00000000E+00
  1.96238001E+03  1.95254671E-05  0.00000000E+00  0.00000000E+00  0.00000000E+00
  1.97238001E+03  1.95232348E-05  0.00000000E+00  0.00000000E+00  0.00000000E+00
  1.98238001E+03  1.95209873E-05  0.00000000E+00  0.00000000E+00  0.00000000E+00
  1.99238001E+03  1.95187253E-05  0.00000000E+00  0.00000000E+00  0.00000000E+00
  2.00238001E+03  1.95164491E-05  0.00000000E+00  0.00000000E+00  0.00000000E+00
  2.01238001E+03  1.95141593E-05  0.00000000E+00  0.00000000E+00  0.00000000E+00
  2.02238001E+03  1.95118564E-05  0.00000000E+00  0.00000000E+00  0.00000000E+00
  2.03238001E+03  1.95095407E-05  0.00000000E+00  0.00000000E+00  0.00000000E+00
  2.04238001E+03  1.95072126E-05  0.00000000E+00  0.00000000E+00  0.00000000E+00
  2.05238001E+03  1.95048728E-05  0.00000000E+00  0.00000000E+00  0.00000000E+00
  2.06238001E+03  1.95025214E-05  0.00000000E+00  0.00000000E+00  0.00000000E+00
  2.07238001E+03  1.95001589E-05  0.00000000E+00  0.00000000E+00  0.00000000E+00
  2.08238001E+03  1.94977857E-05  0.00000000E+00  0.00000000E+00  0.00000000E+00
  2.09238001E+03  1.94954021E-05  0.00000000E+00  0.00000000E+00  0.00000000E+00
  2.10238001E+03  1.94930086E-05  0.00000000E+00  0.00000000E+00  0.00000000E+00
  2.11238001E+03  1.94906053E-05  0.00000000E+00  0.00000000E+00  0.00000000E+00
  2.12238001E+03  1.94881926E-05  0.00000000E+00  0.00000000E+00  0.00000000E+00
  2.13238001E+03  1.94857709E-05  0.00000000E+00  0.00000000E+00  0.00000000E+00
  2.14238001E+03  1.94833405E-05  0.00000000E+00  0.00000000E+00  0.00000000E+00
  2.15238001E+03  1.94809016E-05  0.00000000E+00  0.00000000E+00  0.00000000E+00
  2.16238001E+03  1.94784545E-05  0.00000000E+00  0.00000000E+00  0.00000000E+00
  2.17238001E+03  1.94759994E-05  0.00000000E+00  0.00000000E+00  0.00000000E+00
  2.18238001E+03  1.94735367E-05  0.00000000E+00  0.00000000E+00  0.00000000E+00
  2.19238001E+03  1.94710666E-05  0.00000000E+00  0.00000000E+00  0.00000000E+00
  2.20238001E+03  1.94685893E-05  0.00000000E+00  0.00000000E+00  0.00000000E+00
  2.21238001E+03  1.94661051E-05  0.00000000E+00  0.00000000E+00  0.00000000E+00
  2.22238001E+03  1.94636141E-05  0.00000000E+00  0.00000000E+00  0.00000000E+00
  2.23238001E+03  1.94611165E-05  0.00000000E+00  0.00000000E+00  0.00000000E+00
  2.24238001E+03  1.94586125E-05  0.00000000E+00  0.00000000E+00  0.00000000E+00
  2.25238001E+03  1.94561025E-05  0.00000000E+00  0.00000000E+00  0.00000000E+00
  2.26238001E+03  1.94535866E-05  0.00000000E+00  0.00000000E+00  0.00000000E+00
  2.27238001E+03  1.94510650E-05  0.00000000E+00  0.00000000E+00  0.00000000E+00
  2.28238001E+03  1.94485380E-05  0.00000000E+00  0.00000000E+00  0.00000000E+00
  2.29238001E+03  1.94460055E-05  0.00000000E+00  0.00000000E+00  0.00000000E+00
  2.30238001E+03  1.94434679E-05  0.00000000E+00  0.00000000E+00  0.00000000E+00
  2.31238001E+03  1.94409254E-05  0.00000000E+00  0.00000000E+00  0.00000000E+00
  2.32238001E+03  1.94383779E-05  0.00000000E+00  0.00000000E+00  0.00000000E+00
  2.33238001E+03  1.94358258E-05  0.00000000E+00  0.00000000E+00  0.00000000E+00
  2.34238001E+03  1.94332692E-05  0.00000000E+00  0.00000000E+00  0.00000000E+00
  2.35238001E+03  1.94307081E-05  0.00000000E+00  0.00000000E+00  0.00000000E+00
  2.36238001E+03  1.94281428E-05  0.00000000E+00  0.00000000E+00  0.00000000E+00
  2.37238001E+03  1.94255734E-05  0.00000000E+00  0.00000000E+00  0.00000000E+00
  2.38238001E+03  1.94230000E-05  0.00000000E+00  0.00000000E+00  0.00000000E+00
  2.39238001E+03  1.94204227E-05  0.00000000E+00  0.00000000E+00  0.00000000E+00
  2.40238001E+03  1.94178416E-05  0.00000000E+00  0.00000000E+00  0.00000000E+00
  2.41238001E+03  1.94152570E-05  0.00000000E+00  0.00000000E+00  0.00000000E+00
  2.42238001E+03  1.94126687E-05  0.00000000E+00  0.00000000E+00  0.00000000E+00
  2.43238001E+03  1.94100771E-05  0.00000000E+00  0.00000000E+00  0.00000000E+00
  2.44238001E+03  1.94074822E-05  0.00000000E+00  0.00000000E+00  0.00000000E+00
  2.45238001E+03  1.94048840E-05  0.00000000E+00  0.00000000E+00  0.00000000E+00
  2.46238001E+03  1.94022827E-05  0.00000000E+00  0.00000000E+00  0.00000000E+00
  2.47238001E+03  1.93996784E-05  0.00000000E+00  0.00000000E+00  0.00000000E+00
  2.48238001E+03  1.93970712E-05  0.00000000E+00  0.00000000E+00  0.00000000E+00
  2.49238001E+03  1.93944611E-05  0.00000000E+00  0.00000000E+00  0.00000000E+00
  2.50238001E+03  1.93918482E-05  0.00000000E+00  0.00000000E+00  0.00000000E+00
  2.51238001E+03  1.93892327E-05  0.00000000E+00  0.00000000E+00  0.00000000E+00
  2.52238001E+03  1.93866146E-05  0.00000000E+00  0.00000000E+00  0.00000000E+00
  2.53238001E+03  1.93839939E-05  0.00000000E+00  0.00000000E+00  0.00000000E+00
  2.54238001E+03  1.93813708E-05  0.00000000E+00  0.00000000E+00  0.00000000E+00
  2.55238001E+03  1.93787454E-05  0.00000000E+00  0.00000000E+00  0.00000000E+00
  2.56238001E+03  1.93761176E-05  0.00000000E+00  0.00000000E+00  0.00000000E+00
  2.57238001E+03  1.93734876E-05  0.00000000E+00  0.00000000E+00  0.00000000E+00
  2.58238001E+03  1.93708554E-05  0.00000000E+00  0.00000000E+00  0.00000000E+00
  2.59238001E+03  1.93682210E-05  0.00000000E+00  0.00000000E+00  0.00000000E+00
  2.60238001E+03  1.93655847E-05  0.00000000E+00  0.00000000E+00  0.00000000E+00
  2.61238001E+03  1.93629463E-05  0.00000000E+00  0.00000000E+00  0.00000000E+00
  2.62238001E+03  1.93603060E-05  0.00000000E+00  0.00000000E+00  0.00000000E+00
  2.63238001E+03  1.93576638E-05  0.00000000E+00  0.00000000E+00  0.00000000E+00
  2.64238001E+03  1.93550198E-05  0.00000000E+00  0.00000000E+00  0.00000000E+00
  2.65238001E+03  1.93523739E-05  0.00000000E+00  0.00000000E+00  0.00000000E+00
  2.66238001E+03  1.93497264E-05  0.00000000E+00  0.00000000E+00  0.00000000E+00
  2.67238001E+03  1.93470772E-05  0.00000000E+00  0.00000000E+00  0.00000000E+00
  2.68238001E+03  1.93444264E-05  0.00000000E+00  0.00000000E+00  0.00000000E+00
  2.69238001E+03  1.93417740E-05  0.00000000E+00  0.00000000E+00  0.00000000E+00
  2.70238001E+03  1.93391201E-05  0.00000000E+00  0.00000000E+00  0.00000000E+00
  2.71238001E+03  1.93364646E-05  0.00000000E+00  0.00000000E+00  0.00000000E+00
  2.72238001E+03  1.93338078E-05  0.00000000E+00  0.00000000E+00  0.00000000E+00
  2.73238001E+03  1.93311495E-05  0.00000000E+00  0.00000000E+00  0.00000000E+00
  2.74238001E+03  1.93284899E-05  0.00000000E+00  0.00000000E+00  0.00000000E+00
  2.75238001E+03  1.93258289E-05  0.00000000E+00  0.00000000E+00  0.00000000E+00
  2.76238001E+03  1.93231666E-05  0.00000000E+00  0.00000000E+00  0.00000000E+00
  2.77238001E+03  1.93205031E-05  0.00000000E+00  0.00000000E+00  0.00000000E+00
  2.78238001E+03  1.93178384E-05  0.00000000E+00  0.00000000E+00  0.00000000E+00
  2.79238001E+03  1.93151724E-05  0.00000000E+00  0.00000000E+00  0.00000000E+00
  2.80238001E+03  1.93125053E-05  0.00000000E+00  0.00000000E+00  0.00000000E+00
  2.81238001E+03  1.93098371E-05  0.00000000E+00  0.00000000E+00  0.00000000E+00
  2.82238001E+03  1.93071678E-05  0.00000000E+00  0.00000000E+00  0.00000000E+00
  2.83238001E+03  1.93044974E-05  0.00000000E+00  0.00000000E+00  0.00000000E+00
  2.84238001E+03  1.93018260E-05  0.00000000E+00  0.00000000E+00  0.00000000E+00
  2.85238001E+03  1.92991536E-05  0.00000000E+00  0.00000000E+00  0.00000000E+00
  2.86238001E+03  1.92964802E-05  0.00000000E+00  0.00000000E+00  0.00000000E+00
  2.87238001E+03  1.92938058E-05  0.00000000E+00  0.00000000E+00  0.00000000E+00
  2.88238001E+03  1.92911305E-05  0.00000000E+00  0.00000000E+00  0.00000000E+00
  2.89238001E+03  1.92884543E-05  0.00000000E+00  0.00000000E+00  0.00000000E+00
  2.90238001E+03  1.92857772E-05  0.00000000E+00  0.00000000E+00  0.00000000E+00
  2.91238001E+03  1.92830992E-05  0.00000000E+00  0.00000000E+00  0.00000000E+00
  2.92238001E+03  1.92804204E-05  0.00000000E+00  0.00000000E+00  0.00000000E+00
  2.93238001E+03  1.92777408E-05  0.00000000E+00  0.00000000E+00  0.00000000E+00
  2.94238001E+03  1.92750604E-05  0.00000000E+00  0.00000000E+00  0.00000000E+00
  2.95238001E+03  1.92723793E-05  0.00000000E+00  0.00000000E+00  0.00000000E+00
  2.96238001E+03  1.92696973E-05  0.00000000E+00  0.00000000E+00  0.00000000E+00
  2.97238001E+03  1.92670147E-05  0.00000000E+00  0.00000000E+00  0.00000000E+00
  2.98238001E+03  1.92643313E-05  0.00000000E+00  0.00000000E+00  0.00000000E+00
  2.99238001E+03  1.92616472E-05  0.00000000E+00  0.00000000E+00  0.00000000E+00
  3.00238001E+03  1.92589625E-05  0.00000000E+00  0.00000000E+00  0.00000000E+00
  3.01238001E+03  1.92562771E-05  0.00000000E+00  0.00000000E+00  0.00000000E+00
  3.02238001E+03  1.92535910E-05  0.00000000E+00  0.00000000E+00  0.00000000E+00
  3.03238001E+03  1.92509044E-05  0.00000000E+00  0.00000000E+00  0.00000000E+00
  3.04238001E+03  1.92482171E-05  0.00000000E+00  0.00000000E+00  0.00000000E+00
  3.05238001E+03  1.92455292E-05  0.00000000E+00  0.00000000E+00  0.00000000E+00
  3.06238001E+03  1.92428407E-05  0.00000000E+00  0.00000000E+00  0.00000000E+00
  3.07238001E+03  1.92401517E-05  0.00000000E+00  0.00000000E+00  0.00000000E+00
  3.08238001E+03  1.92374621E-05  0.00000000E+00  0.00000000E+00  0.00000000E+00
  3.09238001E+03  1.92347720E-05  0.00000000E+00  0.00000000E+00  0.00000000E+00
  3.10238001E+03  1.92320814E-05  0.00000000E+00  0.00000000E+00  0.00000000E+00
  3.11238001E+03  1.92293902E-05  0.00000000E+00  0.00000000E+00  0.00000000E+00
  3.12238001E+03  1.92266986E-05  0.00000000E+00  0.00000000E+00  0.00000000E+00
  3.13238001E+03  1.92240065E-05  0.00000000E+00  0.00000000E+00  0.00000000E+00
  3.14238001E+03  1.92213139E-05  0.00000000E+00  0.00000000E+00  0.00000000E+00
  3.15238001E+03  1.92186208E-05  0.00000000E+00  0.00000000E+00  0.00000000E+00
  3.16238001E+03  1.92159273E-05  0.00000000E+00  0.00000000E+00  0.00000000E+00
  3.17238001E+03  1.92132334E-05  0.00000000E+00  0.00000000E+00  0.00000000E+00
  3.18238001E+03  1.92105390E-05  0.00000000E+00  0.00000000E+00  0.00000000E+00
  3.19238001E+03  1.92078442E-05  0.00000000E+00  0.00000000E+00  0.00000000E+00
  3.20238001E+03  1.92051491E-05  0.00000000E+00  0.00000000E+00  0.00000000E+00
  3.21238001E+03  1.92024535E-05  0.00000000E+00  0.00000000E+00  0.00000000E+00
  3.22238001E+03  1.91997575E-05  0.00000000E+00  0.00000000E+00  0.00000000E+00
  3.23238001E+03  1.91970612E-05  0.00000000E+00  0.00000000E+00  0.00000000E+00
  3.24238001E+03  1.91943645E-05  0.00000000E+00  0.00000000E+00  0.00000000E+00
  3.25238001E+03  1.91916675E-05  0.00000000E+00  0.00000000E+00  0.00000000E+00
  3.26238001E+03  1.91889701E-05  0.00000000E+00  0.00000000E+00  0.00000000E+00
  3.27238001E+03  1.91862724E-05  0.00000000E+00  0.00000000E+00  0.00000000E+00
  3.28238001E+03  1.91835743E-05  0.00000000E+00  0.00000000E+00  0.00000000E+00
  3.29238001E+03  1.91808759E-05  0.00000000E+00  0.00000000E+00  0.00000000E+00
  3.30238001E+03  1.91781772E-05  0.00000000E+00  0.00000000E+00  0.00000000E+00
  3.31238001E+03  1.91754783E-05  0.00000000E+00  0.00000000E+00  0.00000000E+00
  3.32238001E+03  1.91727790E-05  0.00000000E+00  0.00000000E+00  0.00000000E+00
  3.33238001E+03  1.91700794E-05  0.00000000E+00  0.00000000E+00  0.00000000E+00
  3.34238001E+03  1.91673796E-05  0.00000000E+00  0.00000000E+00  0.00000000E+00
  3.35238001E+03  1.91646795E-05  0.00000000E+00  0.00000000E+00  0.00000000E+00
  3.36238001E+03  1.91619791E-05  0.00000000E+00  0.00000000E+00  0.00000000E+00
  3.37238001E+03  1.91592785E-05  0.00000000E+00  0.00000000E+00  0.00000000E+00
  3.38238001E+03  1.91565776E-05  0.00000000E+00  0.00000000E+00  0.00000000E+00
  3.39238001E+03  1.91538765E-05  0.00000000E+00  0.00000000E+00  0.00000000E+00
  3.40238001E+03  1.91511751E-05  0.00000000E+00  0.00000000E+00  0.00000000E+00
  3.41238001E+03  1.91484735E-05  0.00000000E+00  0.00000000E+00  0.00000000E+00
  3.42238001E+03  1.91457717E-05  0.00000000E+00  0.00000000E+00  0.00000000E+00
  3.43238001E+03  1.91430697E-05  0.00000000E+00  0.00000000E+00  0.00000000E+00
  3.44238001E+03  1.91403674E-05  0.00000000E+00  0.00000000E+00  0.00000000E+00
  3.45238001E+03  1.91376649E-05  0.00000000E+00  0.00000000E+00  0.00000000E+00
  3.46238001E+03  1.91349622E-05  0.00000000E+00  0.00000000E+00  0.00000000E+00
  3.47238001E+03  1.91322593E-05  0.00000000E+00  0.00000000E+00  0.00000000E+00
  3.48238001E+03  1.91295562E-05  0.00000000E+00  0.00000000E+00  0.00000000E+00
  3.49238001E+03  1.91268529E-05  0.00000000E+00  0.00000000E+00  0.00000000E+00
  3.50238001E+03  1.91241495E-05  0.00000000E+00  0.00000000E+00  0.00000000E+00
  3.51238001E+03  1.91214459E-05  0.00000000E+00  0.00000000E+00  0.00000000E+00
  3.52238001E+03  1.91187422E-05  0.00000000E+00  0.00000000E+00  0.00000000E+00
  3.53238001E+03  1.91160383E-05  0.00000000E+00  0.00000000E+00  0.00000000E+00
  3.54238001E+03  1.91133342E-05  0.00000000E+00  0.00000000E+00  0.00000000E+00
  3.55238001E+03  1.91106300E-05  0.00000000E+00  0.00000000E+00  0.00000000E+00
  3.56238001E+03  1.91079256E-05  0.00000000E+00  0.00000000E+00  0.00000000E+00
  3.57238001E+03  1.91052210E-05  0.00000000E+00  0.00000000E+00  0.00000000E+00
  3.58238001E+03  1.91025164E-05  0.00000000E+00  0.00000000E+00  0.00000000E+00
  3.59238001E+03  1.90998117E-05  0.00000000E+00  0.00000000E+00  0.00000000E+00
  3.60238001E+03  1.90971068E-05  0.00000000E+00  0.00000000E+00  0.00000000E+00
  3.61238001E+03  1.90944019E-05  0.00000000E+00  0.00000000E+00  0.00000000E+00
  3.62238001E+03  1.90916969E-05  0.00000000E+00  0.00000000E+00  0.00000000E+00
  3.63238001E+03  1.90889919E-05  0.00000000E+00  0.00000000E+00  0.00000000E+00
  3.64238001E+03  1.90862867E-05  0.00000000E+00  0.00000000E+00  0.00000000E+00
  3.65238001E+03  1.90835815E-05  0.00000000E+00  0.00000000E+00  0.00000000E+00
  3.66238001E+03  1.90808763E-05  0.00000000E+00  0.00000000E+00  0.00000000E+00
  3.67238001E+03  1.90781709E-05  0.00000000E+00  0.00000000E+00  0.00000000E+00
  3.68238001E+03  1.90754656E-05  0.00000000E+00  0.00000000E+00  0.00000000E+00
  3.69238001E+03  1.90727602E-05  0.00000000E+00  0.00000000E+00  0.00000000E+00
  3.70238001E+03  1.90700547E-05  0.00000000E+00  0.00000000E+00  0.00000000E+00
  3.71238001E+03  1.90673492E-05  0.00000000E+00  0.00000000E+00  0.00000000E+00
  3.72238001E+03  1.90646437E-05  0.00000000E+00  0.00000000E+00  0.00000000E+00
  3.73238001E+03  1.90619381E-05  0.00000000E+00  0.00000000E+00  0.00000000E+00
  3.74238001E+03  1.90592325E-05  0.00000000E+00  0.00000000E+00  0.00000000E+00
  3.75238001E+03  1.90565269E-05  0.00000000E+00  0.00000000E+00  0.00000000E+00
  3.76238001E+03  1.90538213E-05  0.00000000E+00  0.00000000E+00  0.00000000E+00
  3.77238001E+03  1.90511157E-05  0.00000000E+00  0.00000000E+00  0.00000000E+00
  3.78238001E+03  1.90484100E-05  0.00000000E+00  0.00000000E+00  0.00000000E+00
  3.79238001E+03  1.90457044E-05  0.00000000E+00  0.00000000E+00  0.00000000E+00
  3.80238001E+03  1.90429987E-05  0.00000000E+00  0.00000000E+00  0.00000000E+00
  3.81238001E+03  1.90402930E-05  0.00000000E+00  0.00000000E+00  0.00000000E+00
  3.82238001E+03  1.90375873E-05  0.00000000E+00  0.00000000E+00  0.00000000E+00
  3.83238001E+03  1.90348817E-05  0.00000000E+00  0.00000000E+00  0.00000000E+00
  3.84238001E+03  1.90321759E-05  0.00000000E+00  0.00000000E+00  0.00000000E+00
  3.85238001E+03  1.90294701E-05  0.00000000E+00  0.00000000E+00  0.00000000E+00
  3.86238001E+03  1.90267643E-05  0.00000000E+00  0.00000000E+00  0.00000000E+00
  3.87238001E+03  1.90240585E-05  0.00000000E+00  0.00000000E+00  0.00000000E+00
  3.88238001E+03  1.90213527E-05  0.00000000E+00  0.00000000E+00  0.00000000E+00
  3.89238001E+03  1.90186470E-05  0.00000000E+00  0.00000000E+00  0.00000000E+00
  3.90238001E+03  1.90159413E-05  0.00000000E+00  0.00000000E+00  0.00000000E+00
  3.91238001E+03  1.90132356E-05  0.00000000E+00  0.00000000E+00  0.00000000E+00
  3.92238001E+03  1.90105300E-05  0.00000000E+00  0.00000000E+00  0.00000000E+00
  3.93238001E+03  1.90078244E-05  0.00000000E+00  0.00000000E+00  0.00000000E+00
  3.94238001E+03  1.90051189E-05  0.00000000E+00  0.00000000E+00  0.00000000E+00
  3.95238001E+03  1.90024134E-05  0.00000000E+00  0.00000000E+00  0.00000000E+00
  3.96238001E+03  1.89997080E-05  0.00000000E+00  0.00000000E+00  0.00000000E+00
  3.97238001E+03  1.89970026E-05  0.00000000E+00  0.00000000E+00  0.00000000E+00
  3.98238001E+03  1.89942973E-05  0.00000000E+00  0.00000000E+00  0.00000000E+00
  3.99238001E+03  1.89915920E-05  0.00000000E+00  0.00000000E+00  0.00000000E+00
  4.00238001E+03  1.89888868E-05  0.00000000E+00  0.00000000E+00  0.00000000E+00
  4.01238001E+03  1.89861817E-05  0.00000000E+00  0.00000000E+00  0.00000000E+00
  4.02238001E+03  1.89834767E-05  0.00000000E+00  0.00000000E+00  0.00000000E+00
  4.03238001E+03  1.89807717E-05  0.00000000E+00  0.00000000E+00  0.00000000E+00
  4.04238001E+03  1.89780668E-05  0.00000000E+00  0.00000000E+00  0.00000000E+00
  4.05238001E+03  1.89753619E-05  0.00000000E+00  0.00000000E+00  0.00000000E+00
  4.06238001E+03  1.89726572E-05  0.00000000E+00  0.00000000E+00  0.00000000E+00
  4.07238001E+03  1.89699525E-05  0.00000000E+00  0.00000000E+00  0.00000000E+00
  4.08238001E+03  1.89672479E-05  0.00000000E+00  0.00000000E+00  0.00000000E+00
  4.09238001E+03  1.89645434E-05  0.00000000E+00  0.00000000E+00  0.00000000E+00
  4.10238001E+03  1.89618390E-05  0.00000000E+00  0.00000000E+00  0.00000000E+00
  4.11238001E+03  1.89591347E-05  0.00000000E+00  0.00000000E+00  0.00000000E+00
  4.12238001E+03  1.89564305E-05  0.00000000E+00  0.00000000E+00  0.00000000E+00
  4.13238001E+03  1.89537264E-05  0.00000000E+00  0.00000000E+00  0.00000000E+00
  4.14238001E+03  1.89510223E-05  0.00000000E+00  0.00000000E+00  0.00000000E+00
  4.15238001E+03  1.89483184E-05  0.00000000E+00  0.00000000E+00  0.00000000E+00
  4.16238001E+03  1.89456146E-05  0.00000000E+00  0.00000000E+00  0.00000000E+00
  4.17238001E+03  1.89429109E-05  0.00000000E+00  0.00000000E+00  0.00000000E+00
  4.18238001E+03  1.89402074E-05  0.00000000E+00  0.00000000E+00  0.00000000E+00
  4.19238001E+03  1.89375039E-05  0.00000000E+00  0.00000000E+00  0.00000000E+00
  4.20238001E+03  1.89348005E-05  0.00000000E+00  0.00000000E+00  0.00000000E+00
  4.21238001E+03  1.89320973E-05  0.00000000E+00  0.00000000E+00  0.00000000E+00
  4.22238001E+03  1.89293942E-05  0.00000000E+00  0.00000000E+00  0.00000000E+00
  4.23238001E+03  1.89266912E-05  0.00000000E+00  0.00000000E+00  0.00000000E+00
  4.24238001E+03  1.89239884E-05  0.00000000E+00  0.00000000E+00  0.00000000E+00
  4.25238001E+03  1.89212856E-05  0.00000000E+00  0.00000000E+00  0.00000000E+00
  4.26238001E+03  1.89185831E-05  0.00000000E+00  0.00000000E+00  0.00000000E+00
  4.27238001E+03  1.89158806E-05  0.00000000E+00  0.00000000E+00  0.00000000E+00
  4.28238001E+03  1.89131783E-05  0.00000000E+00  0.00000000E+00  0.00000000E+00
  4.29238001E+03  1.89104762E-05  0.00000000E+00  0.00000000E+00  0.00000000E+00
  4.30238001E+03  1.89077742E-05  0.00000000E+00  0.00000000E+00  0.00000000E+00
  4.31238001E+03  1.89050723E-05  0.00000000E+00  0.00000000E+00  0.00000000E+00
  4.32238001E+03  1.89023706E-05  0.00000000E+00  0.00000000E+00  0.00000000E+00
  4.33238001E+03  1.88996690E-05  0.00000000E+00  0.00000000E+00  0.00000000E+00
  4.34238001E+03  1.88969676E-05  0.00000000E+00  0.00000000E+00  0.00000000E+00
  4.35238001E+03  1.88942663E-05  0.00000000E+00  0.00000000E+00  0.00000000E+00
  4.36238001E+03  1.88915652E-05  0.00000000E+00  0.00000000E+00  0.00000000E+00
  4.37238001E+03  1.88888643E-05  0.00000000E+00  0.00000000E+00  0.00000000E+00
  4.38238001E+03  1.88861635E-05  0.00000000E+00  0.00000000E+00  0.00000000E+00
  4.39238001E+03  1.88834628E-05  0.00000000E+00  0.00000000E+00  0.00000000E+00
  4.40238001E+03  1.88807623E-05  0.00000000E+00  0.00000000E+00  0.00000000E+00
  4.41238001E+03  1.88780620E-05  0.00000000E+00  0.00000000E+00  0.00000000E+00
  4.42238001E+03  1.88753618E-05  0.00000000E+00  0.00000000E+00  0.00000000E+00
  4.43238001E+03  1.88726618E-05  0.00000000E+00  0.00000000E+00  0.00000000E+00
  4.44238001E+03  1.88699620E-05  0.00000000E+00  0.00000000E+00  0.00000000E+00
  4.45238001E+03  1.88672623E-05  0.00000000E+00  0.00000000E+00  0.00000000E+00
  4.46238001E+03  1.88645628E-05  0.00000000E+00  0.00000000E+00  0.00000000E+00
  4.47238001E+03  1.88618635E-05  0.00000000E+00  0.00000000E+00  0.00000000E+00
  4.48238001E+03  1.88591643E-05  0.00000000E+00  0.00000000E+00  0.00000000E+00
  4.49238001E+03  1.88564653E-05  0.00000000E+00  0.00000000E+00  0.00000000E+00
  4.50238001E+03  1.88537665E-05  0.00000000E+00  0.00000000E+00  0.00000000E+00
  4.51238001E+03  1.88510677E-05  0.00000000E+00  0.00000000E+00  0.00000000E+00
  4.52238001E+03  1.88483690E-05  0.00000000E+00  0.00000000E+00  0.00000000E+00
  4.53238001E+03  1.88456705E-05  0.00000000E+00  0.00000000E+00  0.00000000E+00
  4.54238001E+03  1.88429722E-05  0.00000000E+00  0.00000000E+00  0.00000000E+00
  4.55238001E+03  1.88402741E-05  0.00000000E+00  0.00000000E+00  0.00000000E+00
  4.56238001E+03  1.88375761E-05  0.00000000E+00  0.00000000E+00  0.00000000E+00
  4.57238001E+03  1.88348784E-05  0.00000000E+00  0.00000000E+00  0.00000000E+00
  4.58238001E+03  1.88321809E-05  0.00000000E+00  0.00000000E+00  0.00000000E+00
  4.59238001E+03  1.88294835E-05  0.00000000E+00  0.00000000E+00  0.00000000E+00
  4.60238001E+03  1.88267864E-05  0.00000000E+00  0.00000000E+00  0.00000000E+00
  4.61238001E+03  1.88240895E-05  0.00000000E+00  0.00000000E+00  0.00000000E+00
  4.62238001E+03  1.88213928E-05  0.00000000E+00  0.00000000E+00  0.00000000E+00
  4.63238001E+03  1.88186964E-05  0.00000000E+00  0.00000000E+00  0.00000000E+00
  4.64238001E+03  1.88160001E-05  0.00000000E+00  0.00000000E+00  0.00000000E+00
  4.65238001E+03  1.88133041E-05  0.00000000E+00  0.00000000E+00  0.00000000E+00
  4.66238001E+03  1.88106082E-05  0.00000000E+00  0.00000000E+00  0.00000000E+00
  4.67238001E+03  1.88079126E-05  0.00000000E+00  0.00000000E+00  0.00000000E+00
  4.68238001E+03  1.88052172E-05  0.00000000E+00  0.00000000E+00  0.00000000E+00
  4.69238001E+03  1.88025220E-05  0.00000000E+00  0.00000000E+00  0.00000000E+00
  4.70238001E+03  1.87998271E-05  0.00000000E+00  0.00000000E+00  0.00000000E+00
  4.71238001E+03  1.87971324E-05  0.00000000E+00  0.00000000E+00  0.00000000E+00
  4.72238001E+03  1.87944379E-05  0.00000000E+00  0.00000000E+00  0.00000000E+00
  4.73238001E+03  1.87917436E-05  0.00000000E+00  0.00000000E+00  0.00000000E+00
  4.74238001E+03  1.87890496E-05  0.00000000E+00  0.00000000E+00  0.00000000E+00
  4.75238001E+03  1.87863558E-05  0.00000000E+00  0.00000000E+00  0.00000000E+00
  4.76238001E+03  1.87836622E-05  0.00000000E+00  0.00000000E+00  0.00000000E+00
  4.77238001E+03  1.87809689E-05  0.00000000E+00  0.00000000E+00  0.00000000E+00
  4.78238001E+03  1.87782758E-05  0.00000000E+00  0.00000000E+00  0.00000000E+00
  4.79238001E+03  1.87755829E-05  0.00000000E+00  0.00000000E+00  0.00000000E+00
  4.80238001E+03  1.87728903E-05  0.00000000E+00  0.00000000E+00  0.00000000E+00
  4.81238001E+03  1.87701979E-05  0.00000000E+00  0.00000000E+00  0.00000000E+00
  4.82238001E+03  1.87675057E-05  0.00000000E+00  0.00000000E+00  0.00000000E+00
  4.83238001E+03  1.87648138E-05  0.00000000E+00  0.00000000E+00  0.00000000E+00
  4.84238001E+03  1.87621221E-05  0.00000000E+00  0.00000000E+00  0.00000000E+00
  4.85238001E+03  1.87594306E-05  0.00000000E+00  0.00000000E+00  0.00000000E+00
  4.86238001E+03  1.87567394E-05  0.00000000E+00  0.00000000E+00  0.00000000E+00
  4.87238001E+03  1.87540485E-05  0.00000000E+00  0.00000000E+00  0.00000000E+00
  4.88238001E+03  1.87513577E-05  0.00000000E+00  0.00000000E+00  0.00000000E+00
  4.89238001E+03  1.87486672E-05  0.00000000E+00  0.00000000E+00  0.00000000E+00
  4.90238001E+03  1.87459770E-05  0.00000000E+00  0.00000000E+00  0.00000000E+00
  4.91238001E+03  1.87432870E-05  0.00000000E+00  0.00000000E+00  0.00000000E+00
  4.92238001E+03  1.87405972E-05  0.00000000E+00  0.00000000E+00  0.00000000E+00
  4.93238001E+03  1.87379077E-05  0.00000000E+00  0.00000000E+00  0.00000000E+00
  4.94238001E+03  1.87352184E-05  0.00000000E+00  0.00000000E+00  0.00000000E+00
  4.95238001E+03  1.87325293E-05  0.00000000E+00  0.00000000E+00  0.00000000E+00
  4.96238001E+03  1.87298405E-05  0.00000000E+00  0.00000000E+00  0.00000000E+00
  4.97238001E+03  1.87271520E-05  0.00000000E+00  0.00000000E+00  0.00000000E+00
  4.98238001E+03  1.87244637E-05  0.00000000E+00  0.00000000E+00  0.00000000E+00
  4.99238001E+03  1.87217756E-05  0.00000000E+00  0.00000000E+00  0.00000000E+00
  5.00238001E+03  1.87190878E-05  0.00000000E+00  0.00000000E+00  0.00000000E+00
  5.01238001E+03  1.87164002E-05  0.00000000E+00  0.00000000E+00  0.00000000E+00
  5.02238001E+03  1.87137129E-05  0.00000000E+00  0.00000000E+00  0.00000000E+00
  5.03238001E+03  1.87110258E-05  0.00000000E+00  0.00000000E+00  0.00000000E+00
  5.04238001E+03  1.87083388E-05  0.00000000E+00  0.00000000E+00  0.00000000E+00
  5.05238001E+03  1.87056521E-05  0.00000000E+00  0.00000000E+00  0.00000000E+00
  5.06238001E+03  1.87029655E-05  0.00000000E+00  0.00000000E+00  0.00000000E+00
  5.07238001E+03  1.87002792E-05  0.00000000E+00  0.00000000E+00  0.00000000E+00
  5.08238001E+03  1.86975932E-05  0.00000000E+00  0.00000000E+00  0.00000000E+00
  5.09238001E+03  1.86949075E-05  0.00000000E+00  0.00000000E+00  0.00000000E+00
  5.10238001E+03  1.86922220E-05  0.00000000E+00  0.00000000E+00  0.00000000E+00
  5.11238001E+03  1.86895368E-05  0.00000000E+00  0.00000000E+00  0.00000000E+00
  5.12238001E+03  1.86868519E-05  0.00000000E+00  0.00000000E+00  0.00000000E+00
  5.13238001E+03  1.86841673E-05  0.00000000E+00  0.00000000E+00  0.00000000E+00
  5.14238001E+03  1.86814830E-05  0.00000000E+00  0.00000000E+00  0.00000000E+00
  5.15238001E+03  1.86787989E-05  0.00000000E+00  0.00000000E+00  0.00000000E+00
  5.16238001E+03  1.86761152E-05  0.00000000E+00  0.00000000E+00  0.00000000E+00
  5.17238001E+03  1.86734317E-05  0.00000000E+00  0.00000000E+00  0.00000000E+00
  5.18238001E+03  1.86707485E-05  0.00000000E+00  0.00000000E+00  0.00000000E+00
  5.19238001E+03  1.86680657E-05  0.00000000E+00  0.00000000E+00  0.00000000E+00
  5.20238001E+03  1.86653831E-05  0.00000000E+00  0.00000000E+00  0.00000000E+00
  5.21238001E+03  1.86627008E-05  0.00000000E+00  0.00000000E+00  0.00000000E+00
  5.22238001E+03  1.86600187E-05  0.00000000E+00  0.00000000E+00  0.00000000E+00
  5.23238001E+03  1.86573370E-05  0.00000000E+00  0.00000000E+00  0.00000000E+00
  5.24238001E+03  1.86546556E-05  0.00000000E+00  0.00000000E+00  0.00000000E+00
  5.25238001E+03  1.86519744E-05  0.00000000E+00  0.00000000E+00  0.00000000E+00
  5.26238001E+03  1.86492935E-05  0.00000000E+00  0.00000000E+00  0.00000000E+00
  5.27238001E+03  1.86466130E-05  0.00000000E+00  0.00000000E+00  0.00000000E+00
  5.28238001E+03  1.86439327E-05  0.00000000E+00  0.00000000E+00  0.00000000E+00
  5.29238001E+03  1.86412527E-05  0.00000000E+00  0.00000000E+00  0.00000000E+00
  5.30238001E+03  1.86385730E-05  0.00000000E+00  0.00000000E+00  0.00000000E+00
  5.31238001E+03  1.86358936E-05  0.00000000E+00  0.00000000E+00  0.00000000E+00
  5.32238001E+03  1.86332144E-05  0.00000000E+00  0.00000000E+00  0.00000000E+00
  5.33238001E+03  1.86305356E-05  0.00000000E+00  0.00000000E+00  0.00000000E+00
  5.34238001E+03  1.86278571E-05  0.00000000E+00  0.00000000E+00  0.00000000E+00
  5.35238001E+03  1.86251788E-05  0.00000000E+00  0.00000000E+00  0.00000000E+00
  5.36238001E+03  1.86225008E-05  0.00000000E+00  0.00000000E+00  0.00000000E+00
  5.37238001E+03  1.86198231E-05  0.00000000E+00  0.00000000E+00  0.00000000E+00
  5.38238001E+03  1.86171456E-05  0.00000000E+00  0.00000000E+00  0.00000000E+00
  5.39238001E+03  1.86144684E-05  0.00000000E+00  0.00000000E+00  0.00000000E+00
  5.40238001E+03  1.86117915E-05  0.00000000E+00  0.00000000E+00  0.00000000E+00
  5.41238001E+03  1.86091150E-05  0.00000000E+00  0.00000000E+00  0.00000000E+00
  5.42238001E+03  1.86064387E-05  0.00000000E+00  0.00000000E+00  0.00000000E+00
  5.43238001E+03  1.86037627E-05  0.00000000E+00  0.00000000E+00  0.00000000E+00
  5.44238001E+03  1.86010871E-05  0.00000000E+00  0.00000000E+00  0.00000000E+00
  5.45238001E+03  1.85984117E-05  0.00000000E+00  0.00000000E+00  0.00000000E+00
  5.46238001E+03  1.85957367E-05  0.00000000E+00  0.00000000E+00  0.00000000E+00
  5.47238001E+03  1.85930620E-05  0.00000000E+00  0.00000000E+00  0.00000000E+00
  5.48238001E+03  1.85903875E-05  0.00000000E+00  0.00000000E+00  0.00000000E+00
  5.49238001E+03  1.85877134E-05  0.00000000E+00  0.00000000E+00  0.00000000E+00
  5.50238001E+03  1.85850396E-05  0.00000000E+00  0.00000000E+00  0.00000000E+00
  5.51238001E+03  1.85823660E-05  0.00000000E+00  0.00000000E+00  0.00000000E+00
  5.52238001E+03  1.85796927E-05  0.00000000E+00  0.00000000E+00  0.00000000E+00
  5.53238001E+03  1.85770197E-05  0.00000000E+00  0.00000000E+00  0.00000000E+00
  5.54238001E+03  1.85743471E-05  0.00000000E+00  0.00000000E+00  0.00000000E+00
  5.55238001E+03  1.85716747E-05  0.00000000E+00  0.00000000E+00  0.00000000E+00
  5.56238001E+03  1.85690027E-05  0.00000000E+00  0.00000000E+00  0.00000000E+00
  5.57238001E+03  1.85663311E-05  0.00000000E+00  0.00000000E+00  0.00000000E+00
  5.58238001E+03  1.85636598E-05  0.00000000E+00  0.00000000E+00  0.00000000E+00
  5.59238001E+03  1.85609888E-05  0.00000000E+00  0.00000000E+00  0.00000000E+00
  5.60238001E+03  1.85583182E-05  0.00000000E+00  0.00000000E+00  0.00000000E+00
  5.61238001E+03  1.85556479E-05  0.00000000E+00  0.00000000E+00  0.00000000E+00
  5.62238001E+03  1.85529779E-05  0.00000000E+00  0.00000000E+00  0.00000000E+00
  5.63238001E+03  1.85503083E-05  0.00000000E+00  0.00000000E+00  0.00000000E+00
  5.64238001E+03  1.85476390E-05  0.00000000E+00  0.00000000E+00  0.00000000E+00
  5.65238001E+03  1.85449701E-05  0.00000000E+00  0.00000000E+00  0.00000000E+00
  5.66238001E+03  1.85423015E-05  0.00000000E+00  0.00000000E+00  0.00000000E+00
  5.67238001E+03  1.85396333E-05  0.00000000E+00  0.00000000E+00  0.00000000E+00
  5.68238001E+03  1.85369654E-05  0.00000000E+00  0.00000000E+00  0.00000000E+00
  5.69238001E+03  1.85342979E-05  0.00000000E+00  0.00000000E+00  0.00000000E+00
  5.70238001E+03  1.85316307E-05  0.00000000E+00  0.00000000E+00  0.00000000E+00
  5.71238001E+03  1.85289638E-05  0.00000000E+00  0.00000000E+00  0.00000000E+00
  5.72238001E+03  1.85262973E-05  0.00000000E+00  0.00000000E+00  0.00000000E+00
  5.73238001E+03  1.85236311E-05  0.00000000E+00  0.00000000E+00  0.00000000E+00
  5.74238001E+03  1.85209652E-05  0.00000000E+00  0.00000000E+00  0.00000000E+00
  5.75238001E+03  1.85182997E-05  0.00000000E+00  0.00000000E+00  0.00000000E+00
  5.76238001E+03  1.85156346E-05  0.00000000E+00  0.00000000E+00  0.00000000E+00
  5.77238001E+03  1.85129698E-05  0.00000000E+00  0.00000000E+00  0.00000000E+00
  5.78238001E+03  1.85103053E-05  0.00000000E+00  0.00000000E+00  0.00000000E+00
  5.79238001E+03  1.85076411E-05  0.00000000E+00  0.00000000E+00  0.00000000E+00
  5.80238001E+03  1.85049774E-05  0.00000000E+00  0.00000000E+00  0.00000000E+00
  5.81238001E+03  1.85023139E-05  0.00000000E+00  0.00000000E+00  0.00000000E+00
  5.82238001E+03  1.84996508E-05  0.00000000E+00  0.00000000E+00  0.00000000E+00
  5.83238001E+03  1.84969880E-05  0.00000000E+00  0.00000000E+00  0.00000000E+00
  5.84238001E+03  1.84943256E-05  0.00000000E+00  0.00000000E+00  0.00000000E+00
  5.85238001E+03  1.84916635E-05  0.00000000E+00  0.00000000E+00  0.00000000E+00
  5.86238001E+03  1.84890018E-05  0.00000000E+00  0.00000000E+00  0.00000000E+00
  5.87238001E+03  1.84863404E-05  0.00000000E+00  0.00000000E+00  0.00000000E+00
  5.88238001E+03  1.84836793E-05  0.00000000E+00  0.00000000E+00  0.00000000E+00
  5.89238001E+03  1.84810186E-05  0.00000000E+00  0.00000000E+00  0.00000000E+00
  5.90238001E+03  1.84783582E-05  0.00000000E+00  0.00000000E+00  0.00000000E+00
  5.91238001E+03  1.84756982E-05  0.00000000E+00  0.00000000E+00  0.00000000E+00
  5.92238001E+03  1.84730385E-05  0.00000000E+00  0.00000000E+00  0.00000000E+00
  5.93238001E+03  1.84703791E-05  0.00000000E+00  0.00000000E+00  0.00000000E+00
  5.94238001E+03  1.84677201E-05  0.00000000E+00  0.00000000E+00  0.00000000E+00
  5.95238001E+03  1.84650614E-05  0.00000000E+00  0.00000000E+00  0.00000000E+00
  5.96238001E+03  1.84624031E-05  0.00000000E+00  0.00000000E+00  0.00000000E+00
  5.97238001E+03  1.84597450E-05  0.00000000E+00  0.00000000E+00  0.00000000E+00
  5.98238001E+03  1.84570874E-05  0.00000000E+00  0.00000000E+00  0.00000000E+00
  5.99238001E+03  1.84544300E-05  0.00000000E+00  0.00000000E+00  0.00000000E+00
  6.00238001E+03  1.84517730E-05  0.00000000E+00  0.00000000E+00  0.00000000E+00
  6.01238001E+03  1.84491164E-05  0.00000000E+00  0.00000000E+00  0.00000000E+00
  6.02238001E+03  1.84464529E-05  0.00000000E+00  0.00000000E+00  0.00000000E+00
  6.03238001E+03  1.84437706E-05  0.00000000E+00  0.00000000E+00  0.00000000E+00
  6.04238001E+03  1.84410848E-05  0.00000000E+00  0.00000000E+00  0.00000000E+00
  6.05238001E+03  1.84384004E-05  0.00000000E+00  0.00000000E+00  0.00000000E+00
  6.06238001E+03  1.84357180E-05  0.00000000E+00  0.00000000E+00  0.00000000E+00
  6.07238001E+03  1.84330375E-05  0.00000000E+00  0.00000000E+00  0.00000000E+00
  6.08238001E+03  1.84303589E-05  0.00000000E+00  0.00000000E+00  0.00000000E+00
  6.09238001E+03  1.84276817E-05  0.00000000E+00  0.00000000E+00  0.00000000E+00
  6.10238001E+03  1.84250058E-05  0.00000000E+00  0.00000000E+00  0.00000000E+00
  6.11238001E+03  1.84223310E-05  0.00000000E+00  0.00000000E+00  0.00000000E+00
  6.12238001E+03  1.84196572E-05  0.00000000E+00  0.00000000E+00  0.00000000E+00
  6.13238001E+03  1.84169843E-05  0.00000000E+00  0.00000000E+00  0.00000000E+00
  6.14238001E+03  1.84143121E-05  0.00000000E+00  0.00000000E+00  0.00000000E+00
  6.15238001E+03  1.84116407E-05  0.00000000E+00  0.00000000E+00  0.00000000E+00
  6.16238001E+03  1.84089700E-05  0.00000000E+00  0.00000000E+00  0.00000000E+00
  6.17238001E+03  1.84063000E-05  0.00000000E+00  0.00000000E+00  0.00000000E+00
  6.18238001E+03  1.84036306E-05  0.00000000E+00  0.00000000E+00  0.00000000E+00
  6.19238001E+03  1.84009618E-05  0.00000000E+00  0.00000000E+00  0.00000000E+00
  6.20238001E+03  1.83982936E-05  0.00000000E+00  0.00000000E+00  0.00000000E+00
  6.21238001E+03  1.83956260E-05  0.00000000E+00  0.00000000E+00  0.00000000E+00
  6.22238001E+03  1.83929590E-05  0.00000000E+00  0.00000000E+00  0.00000000E+00
  6.23238001E+03  1.83902926E-05  0.00000000E+00  0.00000000E+00  0.00000000E+00
  6.24238001E+03  1.83876268E-05  0.00000000E+00  0.00000000E+00  0.00000000E+00
  6.25238001E+03  1.83849615E-05  0.00000000E+00  0.00000000E+00  0.00000000E+00
  6.26238001E+03  1.83822968E-05  0.00000000E+00  0.00000000E+00  0.00000000E+00
  6.27238001E+03  1.83796327E-05  0.00000000E+00  0.00000000E+00  0.00000000E+00
  6.28238001E+03  1.83769691E-05  0.00000000E+00  0.00000000E+00  0.00000000E+00
  6.29238001E+03  1.83743061E-05  0.00000000E+00  0.00000000E+00  0.00000000E+00
  6.30238001E+03  1.83716436E-05  0.00000000E+00  0.00000000E+00  0.00000000E+00
  6.31238001E+03  1.83689817E-05  0.00000000E+00  0.00000000E+00  0.00000000E+00
  6.32238001E+03  1.83663204E-05  0.00000000E+00  0.00000000E+00  0.00000000E+00
  6.33238001E+03  1.83636596E-05  0.00000000E+00  0.00000000E+00  0.00000000E+00
  6.34238001E+03  1.83609991E-05  0.00000000E+00  0.00000000E+00  0.00000000E+00
  6.35238001E+03  1.83583390E-05  0.00000000E+00  0.00000000E+00  0.00000000E+00
  6.36238001E+03  1.83556795E-05  0.00000000E+00  0.00000000E+00  0.00000000E+00
  6.37238001E+03  1.83530204E-05  0.00000000E+00  0.00000000E+00  0.00000000E+00
  6.38238001E+03  1.83503619E-05  0.00000000E+00  0.00000000E+00  0.00000000E+00
  6.39238001E+03  1.83477039E-05  0.00000000E+00  0.00000000E+00  0.00000000E+00
  6.40238001E+03  1.83450465E-05  0.00000000E+00  0.00000000E+00  0.00000000E+00
  6.41238001E+03  1.83423896E-05  0.00000000E+00  0.00000000E+00  0.00000000E+00
  6.42238001E+03  1.83397332E-05  0.00000000E+00  0.00000000E+00  0.00000000E+00
  6.43238001E+03  1.83370773E-05  0.00000000E+00  0.00000000E+00  0.00000000E+00
  6.44238001E+03  1.83344220E-05  0.00000000E+00  0.00000000E+00  0.00000000E+00
  6.45238001E+03  1.83317672E-05  0.00000000E+00  0.00000000E+00  0.00000000E+00
  6.46238001E+03  1.83291129E-05  0.00000000E+00  0.00000000E+00  0.00000000E+00
  6.47238001E+03  1.83264591E-05  0.00000000E+00  0.00000000E+00  0.00000000E+00
  6.48238001E+03  1.83238058E-05  0.00000000E+00  0.00000000E+00  0.00000000E+00
  6.49238001E+03  1.83211530E-05  0.00000000E+00  0.00000000E+00  0.00000000E+00
  6.50238001E+03  1.83185008E-05  0.00000000E+00  0.00000000E+00  0.00000000E+00
  6.51238001E+03  1.83158490E-05  0.00000000E+00  0.00000000E+00  0.00000000E+00
  6.52238001E+03  1.83131978E-05  0.00000000E+00  0.00000000E+00  0.00000000E+00
  6.53238001E+03  1.83105471E-05  0.00000000E+00  0.00000000E+00  0.00000000E+00
  6.54238001E+03  1.83078969E-05  0.00000000E+00  0.00000000E+00  0.00000000E+00
  6.55238001E+03  1.83052472E-05  0.00000000E+00  0.00000000E+00  0.00000000E+00
  6.56238001E+03  1.83025980E-05  0.00000000E+00  0.00000000E+00  0.00000000E+00
  6.57238001E+03  1.82999494E-05  0.00000000E+00  0.00000000E+00  0.00000000E+00
  6.58238001E+03  1.82973012E-05  0.00000000E+00  0.00000000E+00  0.00000000E+00
  6.59238001E+03  1.82946535E-05  0.00000000E+00  0.00000000E+00  0.00000000E+00
  6.60238001E+03  1.82920064E-05  0.00000000E+00  0.00000000E+00  0.00000000E+00
  6.61238001E+03  1.82893597E-05  0.00000000E+00  0.00000000E+00  0.00000000E+00
  6.62238001E+03  1.82867135E-05  0.00000000E+00  0.00000000E+00  0.00000000E+00
  6.63238001E+03  1.82840678E-05  0.00000000E+00  0.00000000E+00  0.00000000E+00
  6.64238001E+03  1.82814226E-05  0.00000000E+00  0.00000000E+00  0.00000000E+00
  6.65238001E+03  1.82787719E-05  0.00000000E+00  0.00000000E+00  0.00000000E+00
  6.66238001E+03  1.82761203E-05  0.00000000E+00  0.00000000E+00  0.00000000E+00
  6.67238001E+03  1.82734691E-05  0.00000000E+00  0.00000000E+00  0.00000000E+00
  6.68238001E+03  1.82708184E-05  0.00000000E+00  0.00000000E+00  0.00000000E+00
  6.69238001E+03  1.82681683E-05  0.00000000E+00  0.00000000E+00  0.00000000E+00
  6.70238001E+03  1.82655186E-05  0.00000000E+00  0.00000000E+00  0.00000000E+00
  6.71238001E+03  1.82628693E-05  0.00000000E+00  0.00000000E+00  0.00000000E+00
  6.72238001E+03  1.82602204E-05  0.00000000E+00  0.00000000E+00  0.00000000E+00
  6.73238001E+03  1.82575719E-05  0.00000000E+00  0.00000000E+00  0.00000000E+00
  6.74238001E+03  1.82549238E-05  0.00000000E+00  0.00000000E+00  0.00000000E+00
  6.75238001E+03  1.82522761E-05  0.00000000E+00  0.00000000E+00  0.00000000E+00
  6.76238001E+03  1.82496288E-05  0.00000000E+00  0.00000000E+00  0.00000000E+00
  6.77238001E+03  1.82469818E-05  0.00000000E+00  0.00000000E+00  0.00000000E+00
  6.78238001E+03  1.82443353E-05  0.00000000E+00  0.00000000E+00  0.00000000E+00
  6.79238001E+03  1.82416893E-05  0.00000000E+00  0.00000000E+00  0.00000000E+00
  6.80238001E+03  1.82390437E-05  0.00000000E+00  0.00000000E+00  0.00000000E+00
  6.81238001E+03  1.82363985E-05  0.00000000E+00  0.00000000E+00  0.00000000E+00
  6.82238001E+03  1.82337538E-05  0.00000000E+00  0.00000000E+00  0.00000000E+00
  6.83238001E+03  1.82311096E-05  0.00000000E+00  0.00000000E+00  0.00000000E+00
  6.84238001E+03  1.82284659E-05  0.00000000E+00  0.00000000E+00  0.00000000E+00
  6.85238001E+03  1.82258226E-05  0.00000000E+00  0.00000000E+00  0.00000000E+00
  6.86238001E+03  1.82231798E-05  0.00000000E+00  0.00000000E+00  0.00000000E+00
  6.87238001E+03  1.82205375E-05  0.00000000E+00  0.00000000E+00  0.00000000E+00
  6.88238001E+03  1.82178957E-05  0.00000000E+00  0.00000000E+00  0.00000000E+00
  6.89238001E+03  1.82152544E-05  0.00000000E+00  0.00000000E+00  0.00000000E+00
  6.90238001E+03  1.82126136E-05  0.00000000E+00  0.00000000E+00  0.00000000E+00
  6.91238001E+03  1.82099733E-05  0.00000000E+00  0.00000000E+00  0.00000000E+00
  6.92238001E+03  1.82073335E-05  0.00000000E+00  0.00000000E+00  0.00000000E+00
  6.93238001E+03  1.82046942E-05  0.00000000E+00  0.00000000E+00  0.00000000E+00
  6.94238001E+03  1.82020553E-05  0.00000000E+00  0.00000000E+00  0.00000000E+00
  6.95238001E+03  1.81994170E-05  0.00000000E+00  0.00000000E+00  0.00000000E+00
  6.96238001E+03  1.81967792E-05  0.00000000E+00  0.00000000E+00  0.00000000E+00
  6.97238001E+03  1.81941419E-05  0.00000000E+00  0.00000000E+00  0.00000000E+00
  6.98238001E+03  1.81915051E-05  0.00000000E+00  0.00000000E+00  0.00000000E+00
  6.99238001E+03  1.81888689E-05  0.00000000E+00  0.00000000E+00  0.00000000E+00
  7.00238001E+03  1.81862331E-05  0.00000000E+00  0.00000000E+00  0.00000000E+00
  7.01238001E+03  1.81835978E-05  0.00000000E+00  0.00000000E+00  0.00000000E+00
  7.02238001E+03  1.81809630E-05  0.00000000E+00  0.00000000E+00  0.00000000E+00
  7.03238001E+03  1.81783287E-05  0.00000000E+00  0.00000000E+00  0.00000000E+00
  7.04238001E+03  1.81756950E-05  0.00000000E+00  0.00000000E+00  0.00000000E+00
  7.05238001E+03  1.81730617E-05  0.00000000E+00  0.00000000E+00  0.00000000E+00
  7.06238001E+03  1.81704289E-05  0.00000000E+00  0.00000000E+00  0.00000000E+00
  7.07238001E+03  1.81677966E-05  0.00000000E+00  0.00000000E+00  0.00000000E+00
  7.08238001E+03  1.81651649E-05  0.00000000E+00  0.00000000E+00  0.00000000E+00
  7.09238001E+03  1.81625336E-05  0.00000000E+00  0.00000000E+00  0.00000000E+00
  7.10238001E+03  1.81599028E-05  0.00000000E+00  0.00000000E+00  0.00000000E+00
  7.11238001E+03  1.81572725E-05  0.00000000E+00  0.00000000E+00  0.00000000E+00
  7.12238001E+03  1.81546427E-05  0.00000000E+00  0.00000000E+00  0.00000000E+00
  7.13238001E+03  1.81520134E-05  0.00000000E+00  0.00000000E+00  0.00000000E+00
  7.14238001E+03  1.81493845E-05  0.00000000E+00  0.00000000E+00  0.00000000E+00
  7.15238001E+03  1.81467562E-05  0.00000000E+00  0.00000000E+00  0.00000000E+00
  7.16238001E+03  1.81441283E-05  0.00000000E+00  0.00000000E+00  0.00000000E+00
  7.17238001E+03  1.81415010E-05  0.00000000E+00  0.00000000E+00  0.00000000E+00
  7.18238001E+03  1.81388741E-05  0.00000000E+00  0.00000000E+00  0.00000000E+00
  7.19238001E+03  1.81362476E-05  0.00000000E+00  0.00000000E+00  0.00000000E+00
  7.20238001E+03  1.81336214E-05  0.00000000E+00  0.00000000E+00  0.00000000E+00
  7.21238001E+03  1.81309958E-05  0.00000000E+00  0.00000000E+00  0.00000000E+00
  7.22238001E+03  1.81283706E-05  0.00000000E+00  0.00000000E+00  0.00000000E+00
  7.23238001E+03  1.81257459E-05  0.00000000E+00  0.00000000E+00  0.00000000E+00
  7.24238001E+03  1.81231217E-05  0.00000000E+00  0.00000000E+00  0.00000000E+00
  7.25238001E+03  1.81204979E-05  0.00000000E+00  0.00000000E+00  0.00000000E+00
  7.26238001E+03  1.81178747E-05  0.00000000E+00  0.00000000E+00  0.00000000E+00
  7.27238001E+03  1.81152519E-05  0.00000000E+00  0.00000000E+00  0.00000000E+00
  7.28238001E+03  1.81126297E-05  0.00000000E+00  0.00000000E+00  0.00000000E+00
  7.29238001E+03  1.81100079E-05  0.00000000E+00  0.00000000E+00  0.00000000E+00
  7.30238001E+03  1.81073866E-05  0.00000000E+00  0.00000000E+00  0.00000000E+00
  7.31238001E+03  1.81047658E-05  0.00000000E+00  0.00000000E+00  0.00000000E+00
  7.32238001E+03  1.81021454E-05  0.00000000E+00  0.00000000E+00  0.00000000E+00
  7.33238001E+03  1.80995256E-05  0.00000000E+00  0.00000000E+00  0.00000000E+00
  7.34238001E+03  1.80969062E-05  0.00000000E+00  0.00000000E+00  0.00000000E+00
  7.35238001E+03  1.80942873E-05  0.00000000E+00  0.00000000E+00  0.00000000E+00
  7.36238001E+03  1.80916688E-05  0.00000000E+00  0.00000000E+00  0.00000000E+00
  7.37238001E+03  1.80890509E-05  0.00000000E+00  0.00000000E+00  0.00000000E+00
  7.38238001E+03  1.80864334E-05  0.00000000E+00  0.00000000E+00  0.00000000E+00
  7.39238001E+03  1.80838164E-05  0.00000000E+00  0.00000000E+00  0.00000000E+00
  7.40238001E+03  1.80811998E-05  0.00000000E+00  0.00000000E+00  0.00000000E+00
  7.41238001E+03  1.80785837E-05  0.00000000E+00  0.00000000E+00  0.00000000E+00
  7.42238001E+03  1.80759681E-05  0.00000000E+00  0.00000000E+00  0.00000000E+00
  7.43238001E+03  1.80733530E-05  0.00000000E+00  0.00000000E+00  0.00000000E+00
  7.44238001E+03  1.80707383E-05  0.00000000E+00  0.00000000E+00  0.00000000E+00
  7.45238001E+03  1.80681241E-05  0.00000000E+00  0.00000000E+00  0.00000000E+00
  7.46238001E+03  1.80655103E-05  0.00000000E+00  0.00000000E+00  0.00000000E+00
  7.47238001E+03  1.80628970E-05  0.00000000E+00  0.00000000E+00  0.00000000E+00
  7.48238001E+03  1.80602842E-05  0.00000000E+00  0.00000000E+00  0.00000000E+00
  7.49238001E+03  1.80576718E-05  0.00000000E+00  0.00000000E+00  0.00000000E+00
  7.50238001E+03  1.80550599E-05  0.00000000E+00  0.00000000E+00  0.00000000E+00
  7.51238001E+03  1.80524484E-05  0.00000000E+00  0.00000000E+00  0.00000000E+00
  7.52238001E+03  1.80498374E-05  0.00000000E+00  0.00000000E+00  0.00000000E+00
  7.53238001E+03  1.80472268E-05  0.00000000E+00  0.00000000E+00  0.00000000E+00
  7.54238001E+03  1.80446166E-05  0.00000000E+00  0.00000000E+00  0.00000000E+00
  7.55238001E+03  1.80420070E-05  0.00000000E+00  0.00000000E+00  0.00000000E+00
  7.56238001E+03  1.80393977E-05  0.00000000E+00  0.00000000E+00  0.00000000E+00
  7.57238001E+03  1.80367889E-05  0.00000000E+00  0.00000000E+00  0.00000000E+00
  7.58238001E+03  1.80341805E-05  0.00000000E+00  0.00000000E+00  0.00000000E+00
  7.59238001E+03  1.80315726E-05  0.00000000E+00  0.00000000E+00  0.00000000E+00
  7.60238001E+03  1.80289651E-05  0.00000000E+00  0.00000000E+00  0.00000000E+00
  7.61238001E+03  1.80263581E-05  0.00000000E+00  0.00000000E+00  0.00000000E+00
  7.62238001E+03  1.80237546E-05  0.00000000E+00  0.00000000E+00  0.00000000E+00
  7.63238001E+03  1.80211786E-05  0.00000000E+00  0.00000000E+00  0.00000000E+00
  7.64238001E+03  1.80186131E-05  0.00000000E+00  0.00000000E+00  0.00000000E+00
  7.65238001E+03  1.80160593E-05  0.00000000E+00  0.00000000E+00  0.00000000E+00
  7.66238001E+03  1.80135095E-05  0.00000000E+00  0.00000000E+00  0.00000000E+00
  7.67238001E+03  1.80109614E-05  0.00000000E+00  0.00000000E+00  0.00000000E+00
  7.68238001E+03  1.80084131E-05  0.00000000E+00  0.00000000E+00  0.00000000E+00
  7.69238001E+03  1.80058634E-05  0.00000000E+00  0.00000000E+00  0.00000000E+00
  7.70238001E+03  1.80033116E-05  0.00000000E+00  0.00000000E+00  0.00000000E+00
  7.71238001E+03  1.80007574E-05  0.00000000E+00  0.00000000E+00  0.00000000E+00
  7.72238001E+03  1.79982006E-05  0.00000000E+00  0.00000000E+00  0.00000000E+00
  7.73238001E+03  1.79956412E-05  0.00000000E+00  0.00000000E+00  0.00000000E+00
  7.74238001E+03  1.79930790E-05  0.00000000E+00  0.00000000E+00  0.00000000E+00
  7.75238001E+03  1.79905141E-05  0.00000000E+00  0.00000000E+00  0.00000000E+00
  7.76238001E+03  1.79879466E-05  0.00000000E+00  0.00000000E+00  0.00000000E+00
  7.77238001E+03  1.79853766E-05  0.00000000E+00  0.00000000E+00  0.00000000E+00
  7.78238001E+03  1.79828042E-05  0.00000000E+00  0.00000000E+00  0.00000000E+00
  7.79238001E+03  1.79802293E-05  0.00000000E+00  0.00000000E+00  0.00000000E+00
  7.80238001E+03  1.79776522E-05  0.00000000E+00  0.00000000E+00  0.00000000E+00
  7.81238001E+03  1.79750728E-05  0.00000000E+00  0.00000000E+00  0.00000000E+00
  7.82238001E+03  1.79724913E-05  0.00000000E+00  0.00000000E+00  0.00000000E+00
  7.83238001E+03  1.79699078E-05  0.00000000E+00  0.00000000E+00  0.00000000E+00
  7.84238001E+03  1.79673222E-05  0.00000000E+00  0.00000000E+00  0.00000000E+00
  7.85238001E+03  1.79647348E-05  0.00000000E+00  0.00000000E+00  0.00000000E+00
  7.86238001E+03  1.79621455E-05  0.00000000E+00  0.00000000E+00  0.00000000E+00
  7.87238001E+03  1.79595544E-05  0.00000000E+00  0.00000000E+00  0.00000000E+00
  7.88238001E+03  1.79569616E-05  0.00000000E+00  0.00000000E+00  0.00000000E+00
  7.89238001E+03  1.79543671E-05  0.00000000E+00  0.00000000E+00  0.00000000E+00
  7.90238001E+03  1.79517709E-05  0.00000000E+00  0.00000000E+00  0.00000000E+00
  7.91238001E+03  1.79491733E-05  0.00000000E+00  0.00000000E+00  0.00000000E+00
  7.92238001E+03  1.79465740E-05  0.00000000E+00  0.00000000E+00  0.00000000E+00
  7.93238001E+03  1.79439733E-05  0.00000000E+00  0.00000000E+00  0.00000000E+00
  7.94238001E+03  1.79413712E-05  0.00000000E+00  0.00000000E+00  0.00000000E+00
  7.95238001E+03  1.79387677E-05  0.00000000E+00  0.00000000E+00  0.00000000E+00
  7.96238001E+03  1.79361628E-05  0.00000000E+00  0.00000000E+00  0.00000000E+00
  7.97238001E+03  1.79335566E-05  0.00000000E+00  0.00000000E+00  0.00000000E+00
  7.98238001E+03  1.79309492E-05  0.00000000E+00  0.00000000E+00  0.00000000E+00
  7.99238001E+03  1.79283405E-05  0.00000000E+00  0.00000000E+00  0.00000000E+00
  8.00238001E+03  1.79257306E-05  0.00000000E+00  0.00000000E+00  0.00000000E+00
  8.01238001E+03  1.79231196E-05  0.00000000E+00  0.00000000E+00  0.00000000E+00
  8.02238001E+03  1.79205074E-05  0.00000000E+00  0.00000000E+00  0.00000000E+00
  8.03238001E+03  1.79178941E-05  0.00000000E+00  0.00000000E+00  0.00000000E+00
  8.04238001E+03  1.79152798E-05  0.00000000E+00  0.00000000E+00  0.00000000E+00
  8.05238001E+03  1.79126644E-05  0.00000000E+00  0.00000000E+00  0.00000000E+00
  8.06238001E+03  1.79100479E-05  0.00000000E+00  0.00000000E+00  0.00000000E+00
  8.07238001E+03  1.79074305E-05  0.00000000E+00  0.00000000E+00  0.00000000E+00
  8.08238001E+03  1.79048120E-05  0.00000000E+00  0.00000000E+00  0.00000000E+00
  8.09238001E+03  1.79021926E-05  0.00000000E+00  0.00000000E+00  0.00000000E+00
  8.10238001E+03  1.78995723E-05  0.00000000E+00  0.00000000E+00  0.00000000E+00
  8.11238001E+03  1.78969512E-05  0.00000000E+00  0.00000000E+00  0.00000000E+00
  8.12238001E+03  1.78943292E-05  0.00000000E+00  0.00000000E+00  0.00000000E+00
  8.13238001E+03  1.78917063E-05  0.00000000E+00  0.00000000E+00  0.00000000E+00
  8.14238001E+03  1.78890826E-05  0.00000000E+00  0.00000000E+00  0.00000000E+00
  8.15238001E+03  1.78864582E-05  0.00000000E+00  0.00000000E+00  0.00000000E+00
  8.16238001E+03  1.78838329E-05  0.00000000E+00  0.00000000E+00  0.00000000E+00
  8.17238001E+03  1.78812068E-05  0.00000000E+00  0.00000000E+00  0.00000000E+00
  8.18238001E+03  1.78785800E-05  0.00000000E+00  0.00000000E+00  0.00000000E+00
  8.19238001E+03  1.78759525E-05  0.00000000E+00  0.00000000E+00  0.00000000E+00
  8.20238001E+03  1.78733243E-05  0.00000000E+00  0.00000000E+00  0.00000000E+00
  8.21238001E+03  1.78706954E-05  0.00000000E+00  0.00000000E+00  0.00000000E+00
  8.22238001E+03  1.78680658E-05  0.00000000E+00  0.00000000E+00  0.00000000E+00
  8.23238001E+03  1.78654356E-05  0.00000000E+00  0.00000000E+00  0.00000000E+00
  8.24238001E+03  1.78628048E-05  0.00000000E+00  0.00000000E+00  0.00000000E+00
  8.25238001E+03  1.78601734E-05  0.00000000E+00  0.00000000E+00  0.00000000E+00
  8.26238001E+03  1.78575414E-05  0.00000000E+00  0.00000000E+00  0.00000000E+00
  8.27238001E+03  1.78549088E-05  0.00000000E+00  0.00000000E+00  0.00000000E+00
  8.28238001E+03  1.78522757E-05  0.00000000E+00  0.00000000E+00  0.00000000E+00
  8.29238001E+03  1.78496420E-05  0.00000000E+00  0.00000000E+00  0.00000000E+00
  8.30238001E+03  1.78470078E-05  0.00000000E+00  0.00000000E+00  0.00000000E+00
  8.31238001E+03  1.78443731E-05  0.00000000E+00  0.00000000E+00  0.00000000E+00
  8.32238001E+03  1.78417379E-05  0.00000000E+00  0.00000000E+00  0.00000000E+00
  8.33238001E+03  1.78391023E-05  0.00000000E+00  0.00000000E+00  0.00000000E+00
  8.34238001E+03  1.78364662E-05  0.00000000E+00  0.00000000E+00  0.00000000E+00
  8.35238001E+03  1.78338296E-05  0.00000000E+00  0.00000000E+00  0.00000000E+00
  8.36238001E+03  1.78311926E-05  0.00000000E+00  0.00000000E+00  0.00000000E+00
  8.37238001E+03  1.78285552E-05  0.00000000E+00  0.00000000E+00  0.00000000E+00
  8.38238001E+03  1.78259173E-05  0.00000000E+00  0.00000000E+00  0.00000000E+00
  8.39238001E+03  1.78233733E-05  0.00000000E+00  0.00000000E+00  0.00000000E+00
  8.40238001E+03  1.78208370E-05  0.00000000E+00  0.00000000E+00  0.00000000E+00
  8.41238001E+03  1.78183024E-05  0.00000000E+00  0.00000000E+00  0.00000000E+00
  8.42238001E+03  1.78157695E-05  0.00000000E+00  0.00000000E+00  0.00000000E+00
  8.43238001E+03  1.78132381E-05  0.00000000E+00  0.00000000E+00  0.00000000E+00
  8.44238001E+03  1.78107079E-05  0.00000000E+00  0.00000000E+00  0.00000000E+00
  8.45238001E+03  1.78081787E-05  0.00000000E+00  0.00000000E+00  0.00000000E+00
  8.46238001E+03  1.78056504E-05  0.00000000E+00  0.00000000E+00  0.00000000E+00
  8.47238001E+03  1.78031226E-05  0.00000000E+00  0.00000000E+00  0.00000000E+00
  8.48238001E+03  1.78005953E-05  0.00000000E+00  0.00000000E+00  0.00000000E+00
  8.49238001E+03  1.77980683E-05  0.00000000E+00  0.00000000E+00  0.00000000E+00
  8.50238001E+03  1.77955414E-05  0.00000000E+00  0.00000000E+00  0.00000000E+00
  8.51238001E+03  1.77930145E-05  0.00000000E+00  0.00000000E+00  0.00000000E+00
  8.52238001E+03  1.77904874E-05  0.00000000E+00  0.00000000E+00  0.00000000E+00
  8.53238001E+03  1.77879600E-05  0.00000000E+00  0.00000000E+00  0.00000000E+00
  8.54238001E+03  1.77854322E-05  0.00000000E+00  0.00000000E+00  0.00000000E+00
  8.55238001E+03  1.77829039E-05  0.00000000E+00  0.00000000E+00  0.00000000E+00
  8.56238001E+03  1.77803749E-05  0.00000000E+00  0.00000000E+00  0.00000000E+00
  8.57238001E+03  1.77778451E-05  0.00000000E+00  0.00000000E+00  0.00000000E+00
  8.58238001E+03  1.77753144E-05  0.00000000E+00  0.00000000E+00  0.00000000E+00
  8.59238001E+03  1.77727827E-05  0.00000000E+00  0.00000000E+00  0.00000000E+00
  8.60238001E+03  1.77702500E-05  0.00000000E+00  0.00000000E+00  0.00000000E+00
  8.61238001E+03  1.77677161E-05  0.00000000E+00  0.00000000E+00  0.00000000E+00
  8.62238001E+03  1.77651810E-05  0.00000000E+00  0.00000000E+00  0.00000000E+00
  8.63238001E+03  1.77626446E-05  0.00000000E+00  0.00000000E+00  0.00000000E+00
  8.64238001E+03  1.77601067E-05  0.00000000E+00  0.00000000E+00  0.00000000E+00
  8.65238001E+03  1.77575674E-05  0.00000000E+00  0.00000000E+00  0.00000000E+00
  8.66238001E+03  1.77550265E-05  0.00000000E+00  0.00000000E+00  0.00000000E+00
  8.67238001E+03  1.77524841E-05  0.00000000E+00  0.00000000E+00  0.00000000E+00
  8.68238001E+03  1.77499400E-05  0.00000000E+00  0.00000000E+00  0.00000000E+00
  8.69238001E+03  1.77473942E-05  0.00000000E+00  0.00000000E+00  0.00000000E+00
  8.70238001E+03  1.77448466E-05  0.00000000E+00  0.00000000E+00  0.00000000E+00
  8.71238001E+03  1.77422972E-05  0.00000000E+00  0.00000000E+00  0.00000000E+00
  8.72238001E+03  1.77397460E-05  0.00000000E+00  0.00000000E+00  0.00000000E+00
  8.73238001E+03  1.77371929E-05  0.00000000E+00  0.00000000E+00  0.00000000E+00
  8.74238001E+03  1.77346379E-05  0.00000000E+00  0.00000000E+00  0.00000000E+00
  8.75238001E+03  1.77320810E-05  0.00000000E+00  0.00000000E+00  0.00000000E+00
  8.76238001E+03  1.77295220E-05  0.00000000E+00  0.00000000E+00  0.00000000E+00
  8.77238001E+03  1.77269611E-05  0.00000000E+00  0.00000000E+00  0.00000000E+00
  8.78238001E+03  1.77243981E-05  0.00000000E+00  0.00000000E+00  0.00000000E+00
  8.79238001E+03  1.77218330E-05  0.00000000E+00  0.00000000E+00  0.00000000E+00
  8.80238001E+03  1.77192659E-05  0.00000000E+00  0.00000000E+00  0.00000000E+00
  8.81238001E+03  1.77166966E-05  0.00000000E+00  0.00000000E+00  0.00000000E+00
  8.82238001E+03  1.77141252E-05  0.00000000E+00  0.00000000E+00  0.00000000E+00
  8.83238001E+03  1.77115517E-05  0.00000000E+00  0.00000000E+00  0.00000000E+00
  8.84238001E+03  1.77089760E-05  0.00000000E+00  0.00000000E+00  0.00000000E+00
  8.85238001E+03  1.77063982E-05  0.00000000E+00  0.00000000E+00  0.00000000E+00
  8.86238001E+03  1.77038181E-05  0.00000000E+00  0.00000000E+00  0.00000000E+00
  8.87238001E+03  1.77012358E-05  0.00000000E+00  0.00000000E+00  0.00000000E+00
  8.88238001E+03  1.76986514E-05  0.00000000E+00  0.00000000E+00  0.00000000E+00
  8.89238001E+03  1.76960647E-05  0.00000000E+00  0.00000000E+00  0.00000000E+00
  8.90238001E+03  1.76934758E-05  0.00000000E+00  0.00000000E+00  0.00000000E+00
  8.91238001E+03  1.76908847E-05  0.00000000E+00  0.00000000E+00  0.00000000E+00
  8.92238001E+03  1.76882913E-05  0.00000000E+00  0.00000000E+00  0.00000000E+00
  8.93238001E+03  1.76856958E-05  0.00000000E+00  0.00000000E+00  0.00000000E+00
  8.94238001E+03  1.76830980E-05  0.00000000E+00  0.00000000E+00  0.00000000E+00
  8.95238001E+03  1.76804979E-05  0.00000000E+00  0.00000000E+00  0.00000000E+00
  8.96238001E+03  1.76778956E-05  0.00000000E+00  0.00000000E+00  0.00000000E+00
  8.97238001E+03  1.76752911E-05  0.00000000E+00  0.00000000E+00  0.00000000E+00
  8.98238001E+03  1.76726844E-05  0.00000000E+00  0.00000000E+00  0.00000000E+00
  8.99238001E+03  1.76700754E-05  0.00000000E+00  0.00000000E+00  0.00000000E+00
  9.00238001E+03  1.76674643E-05  0.00000000E+00  0.00000000E+00  0.00000000E+00
  9.01238001E+03  1.76648509E-05  0.00000000E+00  0.00000000E+00  0.00000000E+00
  9.02238001E+03  1.76622353E-05  0.00000000E+00  0.00000000E+00  0.00000000E+00
  9.03238001E+03  1.76596175E-05  0.00000000E+00  0.00000000E+00  0.00000000E+00
  9.04238001E+03  1.76569975E-05  0.00000000E+00  0.00000000E+00  0.00000000E+00
  9.05238001E+03  1.76543753E-05  0.00000000E+00  0.00000000E+00  0.00000000E+00
  9.06238001E+03  1.76517509E-05  0.00000000E+00  0.00000000E+00  0.00000000E+00
  9.07238001E+03  1.76491244E-05  0.00000000E+00  0.00000000E+00  0.00000000E+00
  9.08238001E+03  1.76464957E-05  0.00000000E+00  0.00000000E+00  0.00000000E+00
  9.09238001E+03  1.76438648E-05  0.00000000E+00  0.00000000E+00  0.00000000E+00
  9.10238001E+03  1.76412319E-05  0.00000000E+00  0.00000000E+00  0.00000000E+00
  9.11238001E+03  1.76385967E-05  0.00000000E+00  0.00000000E+00  0.00000000E+00
  9.12238001E+03  1.76359595E-05  0.00000000E+00  0.00000000E+00  0.00000000E+00
  9.13238001E+03  1.76333202E-05  0.00000000E+00  0.00000000E+00  0.00000000E+00
  9.14238001E+03  1.76306787E-05  0.00000000E+00  0.00000000E+00  0.00000000E+00
  9.15238001E+03  1.76280352E-05  0.00000000E+00  0.00000000E+00  0.00000000E+00
  9.16238001E+03  1.76253896E-05  0.00000000E+00  0.00000000E+00  0.00000000E+00
  9.17238001E+03  1.76227420E-05  0.00000000E+00  0.00000000E+00  0.00000000E+00
  9.18238001E+03  1.76200923E-05  0.00000000E+00  0.00000000E+00  0.00000000E+00
  9.19238001E+03  1.76174406E-05  0.00000000E+00  0.00000000E+00  0.00000000E+00
  9.20238001E+03  1.76147868E-05  0.00000000E+00  0.00000000E+00  0.00000000E+00
  9.21238001E+03  1.76121311E-05  0.00000000E+00  0.00000000E+00  0.00000000E+00
  9.22238001E+03  1.76094734E-05  0.00000000E+00  0.00000000E+00  0.00000000E+00
  9.23238001E+03  1.76068136E-05  0.00000000E+00  0.00000000E+00  0.00000000E+00
  9.24238001E+03  1.76041520E-05  0.00000000E+00  0.00000000E+00  0.00000000E+00
  9.25238001E+03  1.76014884E-05  0.00000000E+00  0.00000000E+00  0.00000000E+00
  9.26238001E+03  1.75988228E-05  0.00000000E+00  0.00000000E+00  0.00000000E+00
  9.27238001E+03  1.75961553E-05  0.00000000E+00  0.00000000E+00  0.00000000E+00
  9.28238001E+03  1.75934860E-05  0.00000000E+00  0.00000000E+00  0.00000000E+00
  9.29238001E+03  1.75908147E-05  0.00000000E+00  0.00000000E+00  0.00000000E+00
  9.30238001E+03  1.75881242E-05  0.00000000E+00  0.00000000E+00  0.00000000E+00
  9.31238001E+03  1.75854229E-05  0.00000000E+00  0.00000000E+00  0.00000000E+00
  9.32238001E+03  1.75827119E-05  0.00000000E+00  0.00000000E+00  0.00000000E+00
  9.33238001E+03  1.75799921E-05  0.00000000E+00  0.00000000E+00  0.00000000E+00
  9.34238001E+03  1.75772645E-05  0.00000000E+00  0.00000000E+00  0.00000000E+00
  9.35238001E+03  1.75745302E-05  0.00000000E+00  0.00000000E+00  0.00000000E+00
  9.36238001E+03  1.75717898E-05  0.00000000E+00  0.00000000E+00  0.00000000E+00
  9.37238001E+03  1.75690444E-05  0.00000000E+00  0.00000000E+00  0.00000000E+00
  9.38238001E+03  1.75662947E-05  0.00000000E+00  0.00000000E+00  0.00000000E+00
  9.39238001E+03  1.75635413E-05  0.00000000E+00  0.00000000E+00  0.00000000E+00
  9.40238001E+03  1.75607849E-05  0.00000000E+00  0.00000000E+00  0.00000000E+00
  9.41238001E+03  1.75580259E-05  0.00000000E+00  0.00000000E+00  0.00000000E+00
  9.42238001E+03  1.75552651E-05  0.00000000E+00  0.00000000E+00  0.00000000E+00
  9.43238001E+03  1.75525028E-05  0.00000000E+00  0.00000000E+00  0.00000000E+00
  9.44238001E+03  1.75497396E-05  0.00000000E+00  0.00000000E+00  0.00000000E+00
  9.45238001E+03  1.75469758E-05  0.00000000E+00  0.00000000E+00  0.00000000E+00
  9.46238001E+03  1.75442116E-05  0.00000000E+00  0.00000000E+00  0.00000000E+00
  9.47238001E+03  1.75414476E-05  0.00000000E+00  0.00000000E+00  0.00000000E+00
  9.48238001E+03  1.75386840E-05  0.00000000E+00  0.00000000E+00  0.00000000E+00
  9.49238001E+03  1.75359213E-05  0.00000000E+00  0.00000000E+00  0.00000000E+00
  9.50238001E+03  1.75331596E-05  0.00000000E+00  0.00000000E+00  0.00000000E+00
  9.51238001E+03  1.75303992E-05  0.00000000E+00  0.00000000E+00  0.00000000E+00
  9.52238001E+03  1.75276403E-05  0.00000000E+00  0.00000000E+00  0.00000000E+00
  9.53238001E+03  1.75248831E-05  0.00000000E+00  0.00000000E+00  0.00000000E+00
  9.54238001E+03  1.75221278E-05  0.00000000E+00  0.00000000E+00  0.00000000E+00
  9.55238001E+03  1.75193745E-05  0.00000000E+00  0.00000000E+00  0.00000000E+00
  9.56238001E+03  1.75166233E-05  0.00000000E+00  0.00000000E+00  0.00000000E+00
  9.57238001E+03  1.75138743E-05  0.00000000E+00  0.00000000E+00  0.00000000E+00
  9.58238001E+03  1.75111278E-05  0.00000000E+00  0.00000000E+00  0.00000000E+00
  9.59119001E+03  1.75092801E-05  0.00000000E+00  0.00000000E+00  0.00000000E+00
  9.60000000E+03  1.74997254E-05  0.00000000E+00  0.00000000E+00  0.00000000E+00
