      0  0.00000000E+00     NSTEP   TIME
 SURFACE NODE =   441  X =   1.0000E+01  Y =   0.0000E+00
              Z  PRESSURE HEAD             SW           CKRW        QTRANIE
   3.350000E-01   3.728000E-03   1.000000E+00   1.000000E+00   0.000000E+00   0.000000E+00
   3.290000E-01   1.017000E-02   1.000000E+00   1.000000E+00   0.000000E+00   0.000000E+00
   3.170000E-01   2.304000E-02   1.000000E+00   1.000000E+00   0.000000E+00   0.000000E+00
   2.990000E-01   4.231000E-02   1.000000E+00   1.000000E+00   0.000000E+00   0.000000E+00
   2.750000E-01   6.794000E-02   1.000000E+00   1.000000E+00   0.000000E+00   0.000000E+00
   2.450000E-01   9.989000E-02   1.000000E+00   1.000000E+00   0.000000E+00   0.000000E+00
   2.150000E-01   1.317000E-01   1.000000E+00   1.000000E+00   0.000000E+00   0.000000E+00
   1.550000E-01   1.951000E-01   1.000000E+00   1.000000E+00   0.000000E+00   0.000000E+00
   9.500000E-02   2.582000E-01   1.000000E+00   1.000000E+00   0.000000E+00   0.000000E+00
  -5.500000E-02   4.146000E-01   1.000000E+00   1.000000E+00   0.000000E+00   0.000000E+00
  -2.050000E-01   5.697000E-01   1.000000E+00   1.000000E+00   0.000000E+00   0.000000E+00
  -5.050000E-01   8.767000E-01   1.000000E+00   1.000000E+00   0.000000E+00   0.000000E+00
  -8.050000E-01   1.181000E+00   1.000000E+00   1.000000E+00   0.000000E+00   0.000000E+00
  -1.405000E+00   1.786000E+00   1.000000E+00   1.000000E+00   0.000000E+00   0.000000E+00
  -2.005000E+00   2.389000E+00   1.000000E+00   1.000000E+00   0.000000E+00   0.000000E+00
  -2.665000E+00   3.049000E+00   1.000000E+00   1.000000E+00   0.000000E+00   0.000000E+00
      1  1.00000000E-02     NSTEP   TIME
 SURFACE NODE =   441  X =   1.0000E+01  Y =   0.0000E+00
              Z  PRESSURE HEAD             SW           CKRW        QTRANIE
   3.350000E-01   1.640281E-07   1.000000E+00   1.000000E+00   0.000000E+00   0.000000E+00
   3.290000E-01   6.513934E-03   1.000000E+00   1.000000E+00   0.000000E+00   0.000000E+00
   3.170000E-01   1.952184E-02   1.000000E+00   1.000000E+00   0.000000E+00   0.000000E+00
   2.990000E-01   3.898799E-02   1.000000E+00   1.000000E+00   0.000000E+00   0.000000E+00
   2.750000E-01   6.486282E-02   1.000000E+00   1.000000E+00   0.000000E+00   0.000000E+00
   2.450000E-01   9.708653E-02   1.000000E+00   1.000000E+00   0.000000E+00   0.000000E+00
   2.150000E-01   1.291910E-01   1.000000E+00   1.000000E+00   0.000000E+00   0.000000E+00
   1.550000E-01   1.930325E-01   1.000000E+00   1.000000E+00   0.000000E+00   0.000000E+00
   9.500000E-02   2.564917E-01   1.000000E+00   1.000000E+00   0.000000E+00   0.000000E+00
  -5.500000E-02   4.134902E-01   1.000000E+00   1.000000E+00   0.000000E+00   0.000000E+00
  -2.050000E-01   5.689886E-01   1.000000E+00   1.000000E+00   0.000000E+00   0.000000E+00
  -5.050000E-01   8.763776E-01   1.000000E+00   1.000000E+00   0.000000E+00   0.000000E+00
  -8.050000E-01   1.181203E+00   1.000000E+00   1.000000E+00   0.000000E+00   0.000000E+00
  -1.405000E+00   1.786205E+00   1.000000E+00   1.000000E+00   0.000000E+00   0.000000E+00
  -2.005000E+00   2.388656E+00   1.000000E+00   1.000000E+00   0.000000E+00   0.000000E+00
  -2.665000E+00   3.049187E+00   1.000000E+00   1.000000E+00   0.000000E+00   0.000000E+00
   1031  9.60000000E+03     NSTEP   TIME
 SURFACE NODE =   441  X =   1.0000E+01  Y =   0.0000E+00
              Z  PRESSURE HEAD             SW           CKRW        QTRANIE
   3.350000E-01   3.639874E-03   1.000000E+00   1.000000E+00   0.000000E+00   0.000000E+00
   3.290000E-01   1.007757E-02   1.000000E+00   1.000000E+00   0.000000E+00   0.000000E+00
   3.170000E-01   2.293769E-02   1.000000E+00   1.000000E+00   0.000000E+00   0.000000E+00
   2.990000E-01   4.219218E-02   1.000000E+00   1.000000E+00   0.000000E+00   0.000000E+00
   2.750000E-01   6.780195E-02   1.000000E+00   1.000000E+00   0.000000E+00   0.000000E+00
   2.450000E-01   9.971938E-02   1.000000E+00   1.000000E+00   0.000000E+00   0.000000E+00
   2.150000E-01   1.315417E-01   1.000000E+00   1.000000E+00   0.000000E+00   0.000000E+00
   1.550000E-01   1.948919E-01   1.000000E+00   1.000000E+00   0.000000E+00   0.000000E+00
   9.500000E-02   2.579298E-01   1.000000E+00   1.000000E+00   0.000000E+00   0.000000E+00
  -5.500000E-02   4.141679E-01   1.000000E+00   1.000000E+00   0.000000E+00   0.000000E+00
  -2.050000E-01   5.691321E-01   1.000000E+00   1.000000E+00   0.000000E+00   0.000000E+00
  -5.050000E-01   8.759434E-01   1.000000E+00   1.000000E+00   0.000000E+00   0.000000E+00
  -8.050000E-01   1.180494E+00   1.000000E+00   1.000000E+00   0.000000E+00   0.000000E+00
  -1.405000E+00   1.785196E+00   1.000000E+00   1.000000E+00   0.000000E+00   0.000000E+00
  -2.005000E+00   2.387332E+00   1.000000E+00   1.000000E+00   0.000000E+00   0.000000E+00
  -2.665000E+00   3.047903E+00   1.000000E+00   1.000000E+00   0.000000E+00   0.000000E+00
   1031  9.60000000E+03     NSTEP   TIME
 SURFACE NODE =   441  X =   1.0000E+01  Y =   0.0000E+00
              Z  PRESSURE HEAD             SW           CKRW        QTRANIE
   3.350000E-01   3.639874E-03   1.000000E+00   1.000000E+00   0.000000E+00   0.000000E+00
   3.290000E-01   1.007757E-02   1.000000E+00   1.000000E+00   0.000000E+00   0.000000E+00
   3.170000E-01   2.293769E-02   1.000000E+00   1.000000E+00   0.000000E+00   0.000000E+00
   2.990000E-01   4.219218E-02   1.000000E+00   1.000000E+00   0.000000E+00   0.000000E+00
   2.750000E-01   6.780195E-02   1.000000E+00   1.000000E+00   0.000000E+00   0.000000E+00
   2.450000E-01   9.971938E-02   1.000000E+00   1.000000E+00   0.000000E+00   0.000000E+00
   2.150000E-01   1.315417E-01   1.000000E+00   1.000000E+00   0.000000E+00   0.000000E+00
   1.550000E-01   1.948919E-01   1.000000E+00   1.000000E+00   0.000000E+00   0.000000E+00
   9.500000E-02   2.579298E-01   1.000000E+00   1.000000E+00   0.000000E+00   0.000000E+00
  -5.500000E-02   4.141679E-01   1.000000E+00   1.000000E+00   0.000000E+00   0.000000E+00
  -2.050000E-01   5.691321E-01   1.000000E+00   1.000000E+00   0.000000E+00   0.000000E+00
  -5.050000E-01   8.759434E-01   1.000000E+00   1.000000E+00   0.000000E+00   0.000000E+00
  -8.050000E-01   1.180494E+00   1.000000E+00   1.000000E+00   0.000000E+00   0.000000E+00
  -1.405000E+00   1.785196E+00   1.000000E+00   1.000000E+00   0.000000E+00   0.000000E+00
  -2.005000E+00   2.387332E+00   1.000000E+00   1.000000E+00   0.000000E+00   0.000000E+00
  -2.665000E+00   3.047903E+00   1.000000E+00   1.000000E+00   0.000000E+00   0.000000E+00
