#TIME      <--- WTDEPTH(NODVP(I)), I=1,2,...,NUMVP --->
   1.000000E-02   3.350002E-01
   1.500000E-02   3.350002E-01
   2.050000E-02   3.350003E-01
   2.655000E-02   3.350004E-01
   3.320500E-02   3.350005E-01
   4.052550E-02   3.350006E-01
   4.857805E-02   3.350007E-01
   5.743586E-02   3.350009E-01
   6.717944E-02   3.350010E-01
   7.789738E-02   3.350012E-01
   8.968712E-02   3.350014E-01
   1.026558E-01   3.350016E-01
   1.169214E-01   3.350018E-01
   1.326136E-01   3.350021E-01
   1.498749E-01   3.350023E-01
   1.688624E-01   3.350026E-01
   1.897486E-01   3.350030E-01
   2.127235E-01   3.350033E-01
   2.379959E-01   3.350037E-01
   2.657955E-01   3.350042E-01
   2.963750E-01   3.350047E-01
   3.300125E-01   3.350052E-01
   3.670137E-01   3.350058E-01
   4.077151E-01   3.350064E-01
   4.524866E-01   3.350072E-01
   5.017353E-01   3.350079E-01
   5.559088E-01   3.350088E-01
   6.154997E-01   3.350097E-01
   6.810497E-01   3.350108E-01
   7.531546E-01   3.350119E-01
   8.324701E-01   3.350132E-01
   9.197171E-01   3.350146E-01
   1.015689E+00   3.350161E-01
   1.121258E+00   3.350178E-01
   1.237383E+00   3.350196E-01
   1.365122E+00   3.350217E-01
   1.505634E+00   3.350239E-01
   1.660197E+00   3.350264E-01
   1.830217E+00   3.350291E-01
   2.017239E+00   3.350321E-01
   2.222963E+00   3.350353E-01
   2.449259E+00   3.350389E-01
   2.698185E+00   3.350429E-01
   2.972003E+00   3.350472E-01
   3.273204E+00   3.350520E-01
   3.604524E+00   3.350573E-01
   3.968977E+00   3.350630E-01
   4.369874E+00   3.350694E-01
   4.810862E+00   3.350764E-01
   5.295948E+00   3.350841E-01
   5.829543E+00   3.350925E-01
   6.416497E+00   3.351018E-01
   7.062147E+00   3.351120E-01
   7.772361E+00   3.351232E-01
   8.553597E+00   3.351355E-01
   9.412957E+00   3.351491E-01
   1.035825E+01   3.351639E-01
   1.139808E+01   3.351803E-01
   1.254189E+01   3.351982E-01
   1.380007E+01   3.352179E-01
   1.518408E+01   3.352396E-01
   1.670649E+01   3.352633E-01
   1.838114E+01   3.352894E-01
   2.022325E+01   3.353180E-01
   2.224958E+01   3.353494E-01
   2.447854E+01   3.353839E-01
   2.693039E+01   3.354216E-01
   2.962743E+01   3.354630E-01
   3.259417E+01   3.355083E-01
   3.585759E+01   3.355579E-01
   3.944735E+01   3.356122E-01
   4.339608E+01   3.356716E-01
   4.773969E+01   3.357366E-01
   5.251766E+01   3.358075E-01
   5.777343E+01   3.358848E-01
   6.355477E+01   3.359691E-01
   6.991425E+01   3.360610E-01
   7.690967E+01   3.361609E-01
   8.460464E+01   3.362691E-01
   9.306910E+01   3.363860E-01
   1.023800E+02   3.365124E-01
   1.123800E+02   3.366409E-01
   1.223800E+02   3.367543E-01
   1.323800E+02   3.368646E-01
   1.423800E+02   3.369720E-01
   1.523800E+02   3.370762E-01
   1.623800E+02   3.371774E-01
   1.723800E+02   3.372756E-01
   1.823800E+02   3.373708E-01
   1.923800E+02   3.374630E-01
   2.023800E+02   3.375523E-01
   2.123800E+02   3.376389E-01
   2.223800E+02   3.377226E-01
   2.323800E+02   3.378037E-01
   2.423800E+02   3.378819E-01
   2.523800E+02   3.379572E-01
   2.623800E+02   3.380297E-01
   2.723800E+02   3.380995E-01
   2.823800E+02   3.381664E-01
   2.923800E+02   3.382303E-01
   3.023800E+02   3.382913E-01
   3.123800E+02   3.383496E-01
   3.223800E+02   3.384050E-01
   3.323800E+02   3.384577E-01
   3.423800E+02   3.385077E-01
   3.523800E+02   3.385552E-01
   3.623800E+02   3.386001E-01
   3.723800E+02   3.386425E-01
   3.823800E+02   3.386826E-01
   3.923800E+02   3.387203E-01
   4.023800E+02   3.387559E-01
   4.123800E+02   3.387894E-01
   4.223800E+02   3.388208E-01
   4.323800E+02   3.388503E-01
   4.423800E+02   3.388780E-01
   4.523800E+02   3.389039E-01
   4.623800E+02   3.389281E-01
   4.723800E+02   3.389508E-01
   4.823800E+02   3.389720E-01
   4.923800E+02   3.389918E-01
   5.023800E+02   3.390102E-01
   5.123800E+02   3.390275E-01
   5.223800E+02   3.390435E-01
   5.323800E+02   3.390585E-01
   5.423800E+02   3.390724E-01
   5.523800E+02   3.390854E-01
   5.623800E+02   3.390975E-01
   5.723800E+02   3.391088E-01
   5.823800E+02   3.391193E-01
   5.923800E+02   3.391290E-01
   6.023800E+02   3.391381E-01
   6.123800E+02   3.391466E-01
   6.223800E+02   3.391545E-01
   6.323800E+02   3.391619E-01
   6.423800E+02   3.391687E-01
   6.523800E+02   3.391751E-01
   6.623800E+02   3.391811E-01
   6.723800E+02   3.391867E-01
   6.823800E+02   3.391919E-01
   6.923800E+02   3.391968E-01
   7.023800E+02   3.392013E-01
   7.123800E+02   3.392056E-01
   7.223800E+02   3.392096E-01
   7.323800E+02   3.392134E-01
   7.423800E+02   3.392169E-01
   7.523800E+02   3.392202E-01
   7.623800E+02   3.392233E-01
   7.723800E+02   3.392262E-01
   7.823800E+02   3.392290E-01
   7.923800E+02   3.392315E-01
   8.023800E+02   3.392340E-01
   8.123800E+02   3.392363E-01
   8.223800E+02   3.392384E-01
   8.323800E+02   3.392405E-01
   8.423800E+02   3.392424E-01
   8.523800E+02   3.392443E-01
   8.623800E+02   3.392460E-01
   8.723800E+02   3.392476E-01
   8.823800E+02   3.392492E-01
   8.923800E+02   3.392506E-01
   9.023800E+02   3.392520E-01
   9.123800E+02   3.392533E-01
   9.223800E+02   3.392546E-01
   9.323800E+02   3.392558E-01
   9.423800E+02   3.392569E-01
   9.523800E+02   3.392580E-01
   9.623800E+02   3.392590E-01
   9.723800E+02   3.392599E-01
   9.823800E+02   3.392608E-01
   9.923800E+02   3.392617E-01
   1.002380E+03   3.392625E-01
   1.012380E+03   3.392633E-01
   1.022380E+03   3.392641E-01
   1.032380E+03   3.392648E-01
   1.042380E+03   3.392654E-01
   1.052380E+03   3.392661E-01
   1.062380E+03   3.392667E-01
   1.072380E+03   3.392672E-01
   1.082380E+03   3.392678E-01
   1.092380E+03   3.392683E-01
   1.102380E+03   3.392688E-01
   1.112380E+03   3.392692E-01
   1.122380E+03   3.392697E-01
   1.132380E+03   3.392701E-01
   1.142380E+03   3.392705E-01
   1.152380E+03   3.392708E-01
   1.162380E+03   3.392712E-01
   1.172380E+03   3.392715E-01
   1.182380E+03   3.392718E-01
   1.192380E+03   3.392721E-01
   1.202380E+03   3.392724E-01
   1.212380E+03   3.392726E-01
   1.222380E+03   3.392729E-01
   1.232380E+03   3.392731E-01
   1.242380E+03   3.392733E-01
   1.252380E+03   3.392735E-01
   1.262380E+03   3.392737E-01
   1.272380E+03   3.392739E-01
   1.282380E+03   3.392740E-01
   1.292380E+03   3.392742E-01
   1.302380E+03   3.392743E-01
   1.312380E+03   3.392744E-01
   1.322380E+03   3.392746E-01
   1.332380E+03   3.392747E-01
   1.342380E+03   3.392748E-01
   1.352380E+03   3.392748E-01
   1.362380E+03   3.392749E-01
   1.372380E+03   3.392750E-01
   1.382380E+03   3.392750E-01
   1.392380E+03   3.392751E-01
   1.402380E+03   3.392751E-01
   1.412380E+03   3.392752E-01
   1.422380E+03   3.392752E-01
   1.432380E+03   3.392752E-01
   1.442380E+03   3.392752E-01
   1.452380E+03   3.392753E-01
   1.462380E+03   3.392753E-01
   1.472380E+03   3.392753E-01
   1.482380E+03   3.392752E-01
   1.492380E+03   3.392752E-01
   1.502380E+03   3.392752E-01
   1.512380E+03   3.392752E-01
   1.522380E+03   3.392752E-01
   1.532380E+03   3.392751E-01
   1.542380E+03   3.392751E-01
   1.552380E+03   3.392750E-01
   1.562380E+03   3.392750E-01
   1.572380E+03   3.392749E-01
   1.582380E+03   3.392749E-01
   1.592380E+03   3.392748E-01
   1.602380E+03   3.392748E-01
   1.612380E+03   3.392747E-01
   1.622380E+03   3.392746E-01
   1.632380E+03   3.392746E-01
   1.642380E+03   3.392745E-01
   1.652380E+03   3.392744E-01
   1.662380E+03   3.392743E-01
   1.672380E+03   3.392742E-01
   1.682380E+03   3.392742E-01
   1.692380E+03   3.392741E-01
   1.702380E+03   3.392740E-01
   1.712380E+03   3.392739E-01
   1.722380E+03   3.392738E-01
   1.732380E+03   3.392737E-01
   1.742380E+03   3.392736E-01
   1.752380E+03   3.392735E-01
   1.762380E+03   3.392734E-01
   1.772380E+03   3.392733E-01
   1.782380E+03   3.392732E-01
   1.792380E+03   3.392731E-01
   1.802380E+03   3.392729E-01
   1.812380E+03   3.392728E-01
   1.822380E+03   3.392727E-01
   1.832380E+03   3.392726E-01
   1.842380E+03   3.392725E-01
   1.852380E+03   3.392723E-01
   1.862380E+03   3.392722E-01
   1.872380E+03   3.392721E-01
   1.882380E+03   3.392720E-01
   1.892380E+03   3.392719E-01
   1.902380E+03   3.392717E-01
   1.912380E+03   3.392716E-01
   1.922380E+03   3.392715E-01
   1.932380E+03   3.392713E-01
   1.942380E+03   3.392712E-01
   1.952380E+03   3.392711E-01
   1.962380E+03   3.392709E-01
   1.972380E+03   3.392708E-01
   1.982380E+03   3.392707E-01
   1.992380E+03   3.392705E-01
   2.002380E+03   3.392704E-01
   2.012380E+03   3.392703E-01
   2.022380E+03   3.392701E-01
   2.032380E+03   3.392700E-01
   2.042380E+03   3.392698E-01
   2.052380E+03   3.392697E-01
   2.062380E+03   3.392695E-01
   2.072380E+03   3.392694E-01
   2.082380E+03   3.392693E-01
   2.092380E+03   3.392691E-01
   2.102380E+03   3.392690E-01
   2.112380E+03   3.392688E-01
   2.122380E+03   3.392687E-01
   2.132380E+03   3.392685E-01
   2.142380E+03   3.392684E-01
   2.152380E+03   3.392682E-01
   2.162380E+03   3.392681E-01
   2.172380E+03   3.392679E-01
   2.182380E+03   3.392678E-01
   2.192380E+03   3.392676E-01
   2.202380E+03   3.392675E-01
   2.212380E+03   3.392673E-01
   2.222380E+03   3.392672E-01
   2.232380E+03   3.392670E-01
   2.242380E+03   3.392669E-01
   2.252380E+03   3.392667E-01
   2.262380E+03   3.392666E-01
   2.272380E+03   3.392664E-01
   2.282380E+03   3.392663E-01
   2.292380E+03   3.392661E-01
   2.302380E+03   3.392660E-01
   2.312380E+03   3.392658E-01
   2.322380E+03   3.392657E-01
   2.332380E+03   3.392655E-01
   2.342380E+03   3.392653E-01
   2.352380E+03   3.392652E-01
   2.362380E+03   3.392650E-01
   2.372380E+03   3.392649E-01
   2.382380E+03   3.392647E-01
   2.392380E+03   3.392646E-01
   2.402380E+03   3.392644E-01
   2.412380E+03   3.392642E-01
   2.422380E+03   3.392641E-01
   2.432380E+03   3.392639E-01
   2.442380E+03   3.392638E-01
   2.452380E+03   3.392636E-01
   2.462380E+03   3.392635E-01
   2.472380E+03   3.392633E-01
   2.482380E+03   3.392631E-01
   2.492380E+03   3.392630E-01
   2.502380E+03   3.392628E-01
   2.512380E+03   3.392627E-01
   2.522380E+03   3.392625E-01
   2.532380E+03   3.392623E-01
   2.542380E+03   3.392622E-01
   2.552380E+03   3.392620E-01
   2.562380E+03   3.392619E-01
   2.572380E+03   3.392617E-01
   2.582380E+03   3.392615E-01
   2.592380E+03   3.392614E-01
   2.602380E+03   3.392612E-01
   2.612380E+03   3.392611E-01
   2.622380E+03   3.392609E-01
   2.632380E+03   3.392607E-01
   2.642380E+03   3.392606E-01
   2.652380E+03   3.392604E-01
   2.662380E+03   3.392602E-01
   2.672380E+03   3.392601E-01
   2.682380E+03   3.392599E-01
   2.692380E+03   3.392598E-01
   2.702380E+03   3.392596E-01
   2.712380E+03   3.392594E-01
   2.722380E+03   3.392593E-01
   2.732380E+03   3.392591E-01
   2.742380E+03   3.392589E-01
   2.752380E+03   3.392588E-01
   2.762380E+03   3.392586E-01
   2.772380E+03   3.392585E-01
   2.782380E+03   3.392583E-01
   2.792380E+03   3.392581E-01
   2.802380E+03   3.392580E-01
   2.812380E+03   3.392578E-01
   2.822380E+03   3.392576E-01
   2.832380E+03   3.392575E-01
   2.842380E+03   3.392573E-01
   2.852380E+03   3.392571E-01
   2.862380E+03   3.392570E-01
   2.872380E+03   3.392568E-01
   2.882380E+03   3.392567E-01
   2.892380E+03   3.392565E-01
   2.902380E+03   3.392563E-01
   2.912380E+03   3.392562E-01
   2.922380E+03   3.392560E-01
   2.932380E+03   3.392558E-01
   2.942380E+03   3.392557E-01
   2.952380E+03   3.392555E-01
   2.962380E+03   3.392553E-01
   2.972380E+03   3.392552E-01
   2.982380E+03   3.392550E-01
   2.992380E+03   3.392548E-01
   3.002380E+03   3.392547E-01
   3.012380E+03   3.392545E-01
   3.022380E+03   3.392544E-01
   3.032380E+03   3.392542E-01
   3.042380E+03   3.392540E-01
   3.052380E+03   3.392539E-01
   3.062380E+03   3.392537E-01
   3.072380E+03   3.392535E-01
   3.082380E+03   3.392534E-01
   3.092380E+03   3.392532E-01
   3.102380E+03   3.392530E-01
   3.112380E+03   3.392529E-01
   3.122380E+03   3.392527E-01
   3.132380E+03   3.392525E-01
   3.142380E+03   3.392524E-01
   3.152380E+03   3.392522E-01
   3.162380E+03   3.392520E-01
   3.172380E+03   3.392519E-01
   3.182380E+03   3.392517E-01
   3.192380E+03   3.392515E-01
   3.202380E+03   3.392514E-01
   3.212380E+03   3.392512E-01
   3.222380E+03   3.392510E-01
   3.232380E+03   3.392509E-01
   3.242380E+03   3.392507E-01
   3.252380E+03   3.392505E-01
   3.262380E+03   3.392504E-01
   3.272380E+03   3.392502E-01
   3.282380E+03   3.392500E-01
   3.292380E+03   3.392499E-01
   3.302380E+03   3.392497E-01
   3.312380E+03   3.392495E-01
   3.322380E+03   3.392494E-01
   3.332380E+03   3.392492E-01
   3.342380E+03   3.392490E-01
   3.352380E+03   3.392489E-01
   3.362380E+03   3.392487E-01
   3.372380E+03   3.392485E-01
   3.382380E+03   3.392484E-01
   3.392380E+03   3.392482E-01
   3.402380E+03   3.392480E-01
   3.412380E+03   3.392479E-01
   3.422380E+03   3.392477E-01
   3.432380E+03   3.392475E-01
   3.442380E+03   3.392474E-01
   3.452380E+03   3.392472E-01
   3.462380E+03   3.392470E-01
   3.472380E+03   3.392469E-01
   3.482380E+03   3.392467E-01
   3.492380E+03   3.392465E-01
   3.502380E+03   3.392464E-01
   3.512380E+03   3.392462E-01
   3.522380E+03   3.392460E-01
   3.532380E+03   3.392459E-01
   3.542380E+03   3.392457E-01
   3.552380E+03   3.392455E-01
   3.562380E+03   3.392454E-01
   3.572380E+03   3.392452E-01
   3.582380E+03   3.392450E-01
   3.592380E+03   3.392449E-01
   3.602380E+03   3.392447E-01
   3.612380E+03   3.392445E-01
   3.622380E+03   3.392443E-01
   3.632380E+03   3.392442E-01
   3.642380E+03   3.392440E-01
   3.652380E+03   3.392438E-01
   3.662380E+03   3.392437E-01
   3.672380E+03   3.392435E-01
   3.682380E+03   3.392433E-01
   3.692380E+03   3.392432E-01
   3.702380E+03   3.392430E-01
   3.712380E+03   3.392428E-01
   3.722380E+03   3.392427E-01
   3.732380E+03   3.392425E-01
   3.742380E+03   3.392423E-01
   3.752380E+03   3.392422E-01
   3.762380E+03   3.392420E-01
   3.772380E+03   3.392418E-01
   3.782380E+03   3.392417E-01
   3.792380E+03   3.392415E-01
   3.802380E+03   3.392413E-01
   3.812380E+03   3.392412E-01
   3.822380E+03   3.392410E-01
   3.832380E+03   3.392408E-01
   3.842380E+03   3.392406E-01
   3.852380E+03   3.392405E-01
   3.862380E+03   3.392403E-01
   3.872380E+03   3.392401E-01
   3.882380E+03   3.392400E-01
   3.892380E+03   3.392398E-01
   3.902380E+03   3.392396E-01
   3.912380E+03   3.392395E-01
   3.922380E+03   3.392393E-01
   3.932380E+03   3.392391E-01
   3.942380E+03   3.392390E-01
   3.952380E+03   3.392388E-01
   3.962380E+03   3.392386E-01
   3.972380E+03   3.392385E-01
   3.982380E+03   3.392383E-01
   3.992380E+03   3.392381E-01
   4.002380E+03   3.392380E-01
   4.012380E+03   3.392378E-01
   4.022380E+03   3.392376E-01
   4.032380E+03   3.392374E-01
   4.042380E+03   3.392373E-01
   4.052380E+03   3.392371E-01
   4.062380E+03   3.392369E-01
   4.072380E+03   3.392368E-01
   4.082380E+03   3.392366E-01
   4.092380E+03   3.392364E-01
   4.102380E+03   3.392363E-01
   4.112380E+03   3.392361E-01
   4.122380E+03   3.392359E-01
   4.132380E+03   3.392358E-01
   4.142380E+03   3.392356E-01
   4.152380E+03   3.392354E-01
   4.162380E+03   3.392352E-01
   4.172380E+03   3.392351E-01
   4.182380E+03   3.392349E-01
   4.192380E+03   3.392347E-01
   4.202380E+03   3.392346E-01
   4.212380E+03   3.392344E-01
   4.222380E+03   3.392342E-01
   4.232380E+03   3.392341E-01
   4.242380E+03   3.392339E-01
   4.252380E+03   3.392337E-01
   4.262380E+03   3.392336E-01
   4.272380E+03   3.392334E-01
   4.282380E+03   3.392332E-01
   4.292380E+03   3.392330E-01
   4.302380E+03   3.392329E-01
   4.312380E+03   3.392327E-01
   4.322380E+03   3.392325E-01
   4.332380E+03   3.392324E-01
   4.342380E+03   3.392322E-01
   4.352380E+03   3.392320E-01
   4.362380E+03   3.392319E-01
   4.372380E+03   3.392317E-01
   4.382380E+03   3.392315E-01
   4.392380E+03   3.392313E-01
   4.402380E+03   3.392312E-01
   4.412380E+03   3.392310E-01
   4.422380E+03   3.392308E-01
   4.432380E+03   3.392307E-01
   4.442380E+03   3.392305E-01
   4.452380E+03   3.392303E-01
   4.462380E+03   3.392302E-01
   4.472380E+03   3.392300E-01
   4.482380E+03   3.392298E-01
   4.492380E+03   3.392297E-01
   4.502380E+03   3.392295E-01
   4.512380E+03   3.392293E-01
   4.522380E+03   3.392291E-01
   4.532380E+03   3.392290E-01
   4.542380E+03   3.392288E-01
   4.552380E+03   3.392286E-01
   4.562380E+03   3.392285E-01
   4.572380E+03   3.392283E-01
   4.582380E+03   3.392281E-01
   4.592380E+03   3.392280E-01
   4.602380E+03   3.392278E-01
   4.612380E+03   3.392276E-01
   4.622380E+03   3.392274E-01
   4.632380E+03   3.392273E-01
   4.642380E+03   3.392271E-01
   4.652380E+03   3.392269E-01
   4.662380E+03   3.392268E-01
   4.672380E+03   3.392266E-01
   4.682380E+03   3.392264E-01
   4.692380E+03   3.392263E-01
   4.702380E+03   3.392261E-01
   4.712380E+03   3.392259E-01
   4.722380E+03   3.392257E-01
   4.732380E+03   3.392256E-01
   4.742380E+03   3.392254E-01
   4.752380E+03   3.392252E-01
   4.762380E+03   3.392251E-01
   4.772380E+03   3.392249E-01
   4.782380E+03   3.392247E-01
   4.792380E+03   3.392245E-01
   4.802380E+03   3.392244E-01
   4.812380E+03   3.392242E-01
   4.822380E+03   3.392240E-01
   4.832380E+03   3.392239E-01
   4.842380E+03   3.392237E-01
   4.852380E+03   3.392235E-01
   4.862380E+03   3.392234E-01
   4.872380E+03   3.392232E-01
   4.882380E+03   3.392230E-01
   4.892380E+03   3.392228E-01
   4.902380E+03   3.392227E-01
   4.912380E+03   3.392225E-01
   4.922380E+03   3.392223E-01
   4.932380E+03   3.392222E-01
   4.942380E+03   3.392220E-01
   4.952380E+03   3.392218E-01
   4.962380E+03   3.392217E-01
   4.972380E+03   3.392215E-01
   4.982380E+03   3.392213E-01
   4.992380E+03   3.392211E-01
   5.002380E+03   3.392210E-01
   5.012380E+03   3.392208E-01
   5.022380E+03   3.392206E-01
   5.032380E+03   3.392205E-01
   5.042380E+03   3.392203E-01
   5.052380E+03   3.392201E-01
   5.062380E+03   3.392199E-01
   5.072380E+03   3.392198E-01
   5.082380E+03   3.392196E-01
   5.092380E+03   3.392194E-01
   5.102380E+03   3.392193E-01
   5.112380E+03   3.392191E-01
   5.122380E+03   3.392189E-01
   5.132380E+03   3.392188E-01
   5.142380E+03   3.392186E-01
   5.152380E+03   3.392184E-01
   5.162380E+03   3.392182E-01
   5.172380E+03   3.392181E-01
   5.182380E+03   3.392179E-01
   5.192380E+03   3.392177E-01
   5.202380E+03   3.392176E-01
   5.212380E+03   3.392174E-01
   5.222380E+03   3.392172E-01
   5.232380E+03   3.392170E-01
   5.242380E+03   3.392169E-01
   5.252380E+03   3.392167E-01
   5.262380E+03   3.392165E-01
   5.272380E+03   3.392164E-01
   5.282380E+03   3.392162E-01
   5.292380E+03   3.392160E-01
   5.302380E+03   3.392159E-01
   5.312380E+03   3.392157E-01
   5.322380E+03   3.392155E-01
   5.332380E+03   3.392153E-01
   5.342380E+03   3.392152E-01
   5.352380E+03   3.392150E-01
   5.362380E+03   3.392148E-01
   5.372380E+03   3.392147E-01
   5.382380E+03   3.392145E-01
   5.392380E+03   3.392143E-01
   5.402380E+03   3.392141E-01
   5.412380E+03   3.392140E-01
   5.422380E+03   3.392138E-01
   5.432380E+03   3.392136E-01
   5.442380E+03   3.392135E-01
   5.452380E+03   3.392133E-01
   5.462380E+03   3.392131E-01
   5.472380E+03   3.392129E-01
   5.482380E+03   3.392128E-01
   5.492380E+03   3.392126E-01
   5.502380E+03   3.392124E-01
   5.512380E+03   3.392123E-01
   5.522380E+03   3.392121E-01
   5.532380E+03   3.392119E-01
   5.542380E+03   3.392118E-01
   5.552380E+03   3.392116E-01
   5.562380E+03   3.392114E-01
   5.572380E+03   3.392112E-01
   5.582380E+03   3.392111E-01
   5.592380E+03   3.392109E-01
   5.602380E+03   3.392107E-01
   5.612380E+03   3.392106E-01
   5.622380E+03   3.392104E-01
   5.632380E+03   3.392102E-01
   5.642380E+03   3.392100E-01
   5.652380E+03   3.392099E-01
   5.662380E+03   3.392097E-01
   5.672380E+03   3.392095E-01
   5.682380E+03   3.392094E-01
   5.692380E+03   3.392092E-01
   5.702380E+03   3.392090E-01
   5.712380E+03   3.392088E-01
   5.722380E+03   3.392087E-01
   5.732380E+03   3.392085E-01
   5.742380E+03   3.392083E-01
   5.752380E+03   3.392082E-01
   5.762380E+03   3.392080E-01
   5.772380E+03   3.392078E-01
   5.782380E+03   3.392076E-01
   5.792380E+03   3.392075E-01
   5.802380E+03   3.392073E-01
   5.812380E+03   3.392071E-01
   5.822380E+03   3.392070E-01
   5.832380E+03   3.392068E-01
   5.842380E+03   3.392066E-01
   5.852380E+03   3.392064E-01
   5.862380E+03   3.392063E-01
   5.872380E+03   3.392061E-01
   5.882380E+03   3.392059E-01
   5.892380E+03   3.392058E-01
   5.902380E+03   3.392056E-01
   5.912380E+03   3.392054E-01
   5.922380E+03   3.392052E-01
   5.932380E+03   3.392051E-01
   5.942380E+03   3.392049E-01
   5.952380E+03   3.392047E-01
   5.962380E+03   3.392046E-01
   5.972380E+03   3.392044E-01
   5.982380E+03   3.392042E-01
   5.992380E+03   3.392041E-01
   6.002380E+03   3.392039E-01
   6.012380E+03   3.392037E-01
   6.022380E+03   3.392035E-01
   6.032380E+03   3.392034E-01
   6.042380E+03   3.392032E-01
   6.052380E+03   3.392030E-01
   6.062380E+03   3.392029E-01
   6.072380E+03   3.392027E-01
   6.082380E+03   3.392025E-01
   6.092380E+03   3.392023E-01
   6.102380E+03   3.392022E-01
   6.112380E+03   3.392020E-01
   6.122380E+03   3.392018E-01
   6.132380E+03   3.392016E-01
   6.142380E+03   3.392015E-01
   6.152380E+03   3.392013E-01
   6.162380E+03   3.392011E-01
   6.172380E+03   3.392010E-01
   6.182380E+03   3.392008E-01
   6.192380E+03   3.392006E-01
   6.202380E+03   3.392004E-01
   6.212380E+03   3.392003E-01
   6.222380E+03   3.392001E-01
   6.232380E+03   3.391999E-01
   6.242380E+03   3.391998E-01
   6.252380E+03   3.391996E-01
   6.262380E+03   3.391994E-01
   6.272380E+03   3.391992E-01
   6.282380E+03   3.391991E-01
   6.292380E+03   3.391989E-01
   6.302380E+03   3.391987E-01
   6.312380E+03   3.391985E-01
   6.322380E+03   3.391984E-01
   6.332380E+03   3.391982E-01
   6.342380E+03   3.391980E-01
   6.352380E+03   3.391979E-01
   6.362380E+03   3.391977E-01
   6.372380E+03   3.391975E-01
   6.382380E+03   3.391973E-01
   6.392380E+03   3.391972E-01
   6.402380E+03   3.391970E-01
   6.412380E+03   3.391968E-01
   6.422380E+03   3.391967E-01
   6.432380E+03   3.391965E-01
   6.442380E+03   3.391963E-01
   6.452380E+03   3.391961E-01
   6.462380E+03   3.391960E-01
   6.472380E+03   3.391958E-01
   6.482380E+03   3.391956E-01
   6.492380E+03   3.391954E-01
   6.502380E+03   3.391953E-01
   6.512380E+03   3.391951E-01
   6.522380E+03   3.391949E-01
   6.532380E+03   3.391948E-01
   6.542380E+03   3.391946E-01
   6.552380E+03   3.391944E-01
   6.562380E+03   3.391942E-01
   6.572380E+03   3.391941E-01
   6.582380E+03   3.391939E-01
   6.592380E+03   3.391937E-01
   6.602380E+03   3.391936E-01
   6.612380E+03   3.391934E-01
   6.622380E+03   3.391932E-01
   6.632380E+03   3.391930E-01
   6.642380E+03   3.391929E-01
   6.652380E+03   3.391927E-01
   6.662380E+03   3.391925E-01
   6.672380E+03   3.391923E-01
   6.682380E+03   3.391922E-01
   6.692380E+03   3.391920E-01
   6.702380E+03   3.391918E-01
   6.712380E+03   3.391917E-01
   6.722380E+03   3.391915E-01
   6.732380E+03   3.391913E-01
   6.742380E+03   3.391911E-01
   6.752380E+03   3.391910E-01
   6.762380E+03   3.391908E-01
   6.772380E+03   3.391906E-01
   6.782380E+03   3.391905E-01
   6.792380E+03   3.391903E-01
   6.802380E+03   3.391901E-01
   6.812380E+03   3.391899E-01
   6.822380E+03   3.391898E-01
   6.832380E+03   3.391896E-01
   6.842380E+03   3.391894E-01
   6.852380E+03   3.391892E-01
   6.862380E+03   3.391891E-01
   6.872380E+03   3.391889E-01
   6.882380E+03   3.391887E-01
   6.892380E+03   3.391886E-01
   6.902380E+03   3.391884E-01
   6.912380E+03   3.391882E-01
   6.922380E+03   3.391880E-01
   6.932380E+03   3.391879E-01
   6.942380E+03   3.391877E-01
   6.952380E+03   3.391875E-01
   6.962380E+03   3.391874E-01
   6.972380E+03   3.391872E-01
   6.982380E+03   3.391870E-01
   6.992380E+03   3.391868E-01
   7.002380E+03   3.391867E-01
   7.012380E+03   3.391865E-01
   7.022380E+03   3.391863E-01
   7.032380E+03   3.391861E-01
   7.042380E+03   3.391860E-01
   7.052380E+03   3.391858E-01
   7.062380E+03   3.391856E-01
   7.072380E+03   3.391855E-01
   7.082380E+03   3.391853E-01
   7.092380E+03   3.391851E-01
   7.102380E+03   3.391849E-01
   7.112380E+03   3.391848E-01
   7.122380E+03   3.391846E-01
   7.132380E+03   3.391844E-01
   7.142380E+03   3.391842E-01
   7.152380E+03   3.391841E-01
   7.162380E+03   3.391839E-01
   7.172380E+03   3.391837E-01
   7.182380E+03   3.391836E-01
   7.192380E+03   3.391834E-01
   7.202380E+03   3.391832E-01
   7.212380E+03   3.391830E-01
   7.222380E+03   3.391829E-01
   7.232380E+03   3.391827E-01
   7.242380E+03   3.391825E-01
   7.252380E+03   3.391824E-01
   7.262380E+03   3.391822E-01
   7.272380E+03   3.391820E-01
   7.282380E+03   3.391818E-01
   7.292380E+03   3.391817E-01
   7.302380E+03   3.391815E-01
   7.312380E+03   3.391813E-01
   7.322380E+03   3.391811E-01
   7.332380E+03   3.391810E-01
   7.342380E+03   3.391808E-01
   7.352380E+03   3.391806E-01
   7.362380E+03   3.391805E-01
   7.372380E+03   3.391803E-01
   7.382380E+03   3.391801E-01
   7.392380E+03   3.391799E-01
   7.402380E+03   3.391798E-01
   7.412380E+03   3.391796E-01
   7.422380E+03   3.391794E-01
   7.432380E+03   3.391792E-01
   7.442380E+03   3.391791E-01
   7.452380E+03   3.391789E-01
   7.462380E+03   3.391787E-01
   7.472380E+03   3.391786E-01
   7.482380E+03   3.391784E-01
   7.492380E+03   3.391782E-01
   7.502380E+03   3.391780E-01
   7.512380E+03   3.391779E-01
   7.522380E+03   3.391777E-01
   7.532380E+03   3.391775E-01
   7.542380E+03   3.391774E-01
   7.552380E+03   3.391772E-01
   7.562380E+03   3.391770E-01
   7.572380E+03   3.391768E-01
   7.582380E+03   3.391767E-01
   7.592380E+03   3.391765E-01
   7.602380E+03   3.391763E-01
   7.612380E+03   3.391761E-01
   7.622380E+03   3.391760E-01
   7.632380E+03   3.391758E-01
   7.642380E+03   3.391756E-01
   7.652380E+03   3.391755E-01
   7.662380E+03   3.391753E-01
   7.672380E+03   3.391751E-01
   7.682380E+03   3.391749E-01
   7.692380E+03   3.391748E-01
   7.702380E+03   3.391746E-01
   7.712380E+03   3.391744E-01
   7.722380E+03   3.391742E-01
   7.732380E+03   3.391741E-01
   7.742380E+03   3.391739E-01
   7.752380E+03   3.391737E-01
   7.762380E+03   3.391736E-01
   7.772380E+03   3.391734E-01
   7.782380E+03   3.391732E-01
   7.792380E+03   3.391730E-01
   7.802380E+03   3.391729E-01
   7.812380E+03   3.391727E-01
   7.822380E+03   3.391725E-01
   7.832380E+03   3.391723E-01
   7.842380E+03   3.391722E-01
   7.852380E+03   3.391720E-01
   7.862380E+03   3.391718E-01
   7.872380E+03   3.391717E-01
   7.882380E+03   3.391715E-01
   7.892380E+03   3.391713E-01
   7.902380E+03   3.391711E-01
   7.912380E+03   3.391710E-01
   7.922380E+03   3.391708E-01
   7.932380E+03   3.391706E-01
   7.942380E+03   3.391704E-01
   7.952380E+03   3.391703E-01
   7.962380E+03   3.391701E-01
   7.972380E+03   3.391699E-01
   7.982380E+03   3.391697E-01
   7.992380E+03   3.391696E-01
   8.002380E+03   3.391694E-01
   8.012380E+03   3.391692E-01
   8.022380E+03   3.391690E-01
   8.032380E+03   3.391689E-01
   8.042380E+03   3.391687E-01
   8.052380E+03   3.391685E-01
   8.062380E+03   3.391683E-01
   8.072380E+03   3.391682E-01
   8.082380E+03   3.391680E-01
   8.092380E+03   3.391678E-01
   8.102380E+03   3.391676E-01
   8.112380E+03   3.391674E-01
   8.122380E+03   3.391673E-01
   8.132380E+03   3.391671E-01
   8.142380E+03   3.391669E-01
   8.152380E+03   3.391667E-01
   8.162380E+03   3.391666E-01
   8.172380E+03   3.391664E-01
   8.182380E+03   3.391662E-01
   8.192380E+03   3.391660E-01
   8.202380E+03   3.391659E-01
   8.212380E+03   3.391657E-01
   8.222380E+03   3.391655E-01
   8.232380E+03   3.391653E-01
   8.242380E+03   3.391652E-01
   8.252380E+03   3.391650E-01
   8.262380E+03   3.391648E-01
   8.272380E+03   3.391646E-01
   8.282380E+03   3.391644E-01
   8.292380E+03   3.391643E-01
   8.302380E+03   3.391641E-01
   8.312380E+03   3.391639E-01
   8.322380E+03   3.391637E-01
   8.332380E+03   3.391636E-01
   8.342380E+03   3.391634E-01
   8.352380E+03   3.391632E-01
   8.362380E+03   3.391630E-01
   8.372380E+03   3.391628E-01
   8.382380E+03   3.391627E-01
   8.392380E+03   3.391625E-01
   8.402380E+03   3.391623E-01
   8.412380E+03   3.391621E-01
   8.422380E+03   3.391620E-01
   8.432380E+03   3.391618E-01
   8.442380E+03   3.391616E-01
   8.452380E+03   3.391614E-01
   8.462380E+03   3.391612E-01
   8.472380E+03   3.391611E-01
   8.482380E+03   3.391609E-01
   8.492380E+03   3.391607E-01
   8.502380E+03   3.391605E-01
   8.512380E+03   3.391604E-01
   8.522380E+03   3.391602E-01
   8.532380E+03   3.391600E-01
   8.542380E+03   3.391598E-01
   8.552380E+03   3.391597E-01
   8.562380E+03   3.391595E-01
   8.572380E+03   3.391593E-01
   8.582380E+03   3.391592E-01
   8.592380E+03   3.391590E-01
   8.602380E+03   3.391588E-01
   8.612380E+03   3.391586E-01
   8.622380E+03   3.391585E-01
   8.632380E+03   3.391583E-01
   8.642380E+03   3.391581E-01
   8.652380E+03   3.391579E-01
   8.662380E+03   3.391578E-01
   8.672380E+03   3.391576E-01
   8.682380E+03   3.391574E-01
   8.692380E+03   3.391572E-01
   8.702380E+03   3.391571E-01
   8.712380E+03   3.391569E-01
   8.722380E+03   3.391567E-01
   8.732380E+03   3.391565E-01
   8.742380E+03   3.391564E-01
   8.752380E+03   3.391562E-01
   8.762380E+03   3.391560E-01
   8.772380E+03   3.391558E-01
   8.782380E+03   3.391556E-01
   8.792380E+03   3.391555E-01
   8.802380E+03   3.391553E-01
   8.812380E+03   3.391551E-01
   8.822380E+03   3.391549E-01
   8.832380E+03   3.391548E-01
   8.842380E+03   3.391546E-01
   8.852380E+03   3.391544E-01
   8.862380E+03   3.391542E-01
   8.872380E+03   3.391541E-01
   8.882380E+03   3.391539E-01
   8.892380E+03   3.391537E-01
   8.902380E+03   3.391535E-01
   8.912380E+03   3.391533E-01
   8.922380E+03   3.391532E-01
   8.932380E+03   3.391530E-01
   8.942380E+03   3.391528E-01
   8.952380E+03   3.391526E-01
   8.962380E+03   3.391525E-01
   8.972380E+03   3.391523E-01
   8.982380E+03   3.391521E-01
   8.992380E+03   3.391519E-01
   9.002380E+03   3.391517E-01
   9.012380E+03   3.391516E-01
   9.022380E+03   3.391514E-01
   9.032380E+03   3.391512E-01
   9.042380E+03   3.391510E-01
   9.052380E+03   3.391508E-01
   9.062380E+03   3.391507E-01
   9.072380E+03   3.391505E-01
   9.082380E+03   3.391503E-01
   9.092380E+03   3.391501E-01
   9.102380E+03   3.391499E-01
   9.112380E+03   3.391498E-01
   9.122380E+03   3.391496E-01
   9.132380E+03   3.391494E-01
   9.142380E+03   3.391492E-01
   9.152380E+03   3.391490E-01
   9.162380E+03   3.391489E-01
   9.172380E+03   3.391487E-01
   9.182380E+03   3.391485E-01
   9.192380E+03   3.391483E-01
   9.202380E+03   3.391481E-01
   9.212380E+03   3.391479E-01
   9.222380E+03   3.391478E-01
   9.232380E+03   3.391476E-01
   9.242380E+03   3.391474E-01
   9.252380E+03   3.391472E-01
   9.262380E+03   3.391470E-01
   9.272380E+03   3.391468E-01
   9.282380E+03   3.391467E-01
   9.292380E+03   3.391465E-01
   9.302380E+03   3.391463E-01
   9.312380E+03   3.391461E-01
   9.322380E+03   3.391459E-01
   9.332380E+03   3.391457E-01
   9.342380E+03   3.391456E-01
   9.352380E+03   3.391454E-01
   9.362380E+03   3.391452E-01
   9.372380E+03   3.391450E-01
   9.382380E+03   3.391448E-01
   9.392380E+03   3.391446E-01
   9.402380E+03   3.391444E-01
   9.412380E+03   3.391443E-01
   9.422380E+03   3.391441E-01
   9.432380E+03   3.391439E-01
   9.442380E+03   3.391437E-01
   9.452380E+03   3.391435E-01
   9.462380E+03   3.391433E-01
   9.472380E+03   3.391431E-01
   9.482380E+03   3.391429E-01
   9.492380E+03   3.391427E-01
   9.502380E+03   3.391426E-01
   9.512380E+03   3.391424E-01
   9.522380E+03   3.391422E-01
   9.532380E+03   3.391420E-01
   9.542380E+03   3.391418E-01
   9.552380E+03   3.391416E-01
   9.562380E+03   3.391414E-01
   9.572380E+03   3.391412E-01
   9.582380E+03   3.391410E-01
   9.591190E+03   3.391213E-01
   9.600000E+03   3.391213E-01
