                     #***** Cumulative flow volumes ***** 
# Nstep    Deltat      Time  SeepageF  nansfDir  nansfNeu   Nudging  net (VTOT)
      1  1.00E-02  1.00E-02  0.00E+00  0.00E+00  0.00E+00  0.00E+00 -1.3060E-07
      2  5.00E-03  1.50E-02  0.00E+00  0.00E+00  0.00E+00  0.00E+00 -2.5196E-07
      3  5.50E-03  2.05E-02  0.00E+00  0.00E+00  0.00E+00  0.00E+00 -3.7013E-07
      4  6.05E-03  2.66E-02  0.00E+00  0.00E+00  0.00E+00  0.00E+00 -3.4337E-07
      5  6.66E-03  3.32E-02  0.00E+00  0.00E+00  0.00E+00  0.00E+00 -2.0577E-07
      6  7.32E-03  4.05E-02  0.00E+00  0.00E+00  0.00E+00  0.00E+00 -1.5024E-07
      7  8.05E-03  4.86E-02  0.00E+00  0.00E+00  0.00E+00  0.00E+00 -1.4991E-07
      8  8.86E-03  5.74E-02  0.00E+00  0.00E+00  0.00E+00  0.00E+00 -1.9793E-07
      9  9.74E-03  6.72E-02  0.00E+00  0.00E+00  0.00E+00  0.00E+00 -2.8927E-07
     10  1.07E-02  7.79E-02  0.00E+00  0.00E+00  0.00E+00  0.00E+00 -4.2034E-07
     11  1.18E-02  8.97E-02  0.00E+00  0.00E+00  0.00E+00  0.00E+00 -5.8885E-07
     12  1.30E-02  1.03E-01  0.00E+00  0.00E+00  0.00E+00  0.00E+00 -7.9350E-07
     13  1.43E-02  1.17E-01  0.00E+00  0.00E+00  0.00E+00  0.00E+00 -1.0312E-06
     14  1.57E-02  1.33E-01  0.00E+00  0.00E+00  0.00E+00  0.00E+00 -1.2996E-06
     15  1.73E-02  1.50E-01  0.00E+00  0.00E+00  0.00E+00  0.00E+00 -1.6005E-06
     16  1.90E-02  1.69E-01  0.00E+00  0.00E+00  0.00E+00  0.00E+00 -1.9362E-06
     17  2.09E-02  1.90E-01  0.00E+00  0.00E+00  0.00E+00  0.00E+00 -2.3094E-06
     18  2.30E-02  2.13E-01  0.00E+00  0.00E+00  0.00E+00  0.00E+00 -2.7232E-06
     19  2.53E-02  2.38E-01  0.00E+00  0.00E+00  0.00E+00  0.00E+00 -3.1810E-06
     20  2.78E-02  2.66E-01  0.00E+00  0.00E+00  0.00E+00  0.00E+00 -3.6869E-06
     21  3.06E-02  2.96E-01  0.00E+00  0.00E+00  0.00E+00  0.00E+00 -4.2453E-06
     22  3.36E-02  3.30E-01  0.00E+00  0.00E+00  0.00E+00  0.00E+00 -3.8245E-06
     23  3.70E-02  3.67E-01  0.00E+00  0.00E+00  0.00E+00  0.00E+00 -2.6075E-06
     24  4.07E-02  4.08E-01  0.00E+00  0.00E+00  0.00E+00  0.00E+00 -1.9770E-06
     25  4.48E-02  4.52E-01  0.00E+00  0.00E+00  0.00E+00  0.00E+00 -1.8080E-06
     26  4.92E-02  5.02E-01  0.00E+00  0.00E+00  0.00E+00  0.00E+00 -2.0056E-06
     27  5.42E-02  5.56E-01  0.00E+00  0.00E+00  0.00E+00  0.00E+00 -2.4570E-06
     28  5.96E-02  6.15E-01  0.00E+00  0.00E+00  0.00E+00  0.00E+00 -3.0908E-06
     29  6.55E-02  6.81E-01  0.00E+00  0.00E+00  0.00E+00  0.00E+00 -3.9091E-06
     30  7.21E-02  7.53E-01  0.00E+00  0.00E+00  0.00E+00  0.00E+00 -4.9169E-06
     31  7.93E-02  8.32E-01  0.00E+00  0.00E+00  0.00E+00  0.00E+00 -6.1206E-06
     32  8.72E-02  9.20E-01  0.00E+00  0.00E+00  0.00E+00  0.00E+00 -7.5271E-06
     33  9.60E-02  1.02E+00  0.00E+00  0.00E+00  0.00E+00  0.00E+00 -9.1471E-06
     34  1.06E-01  1.12E+00  0.00E+00  0.00E+00  0.00E+00  0.00E+00 -1.0991E-05
     35  1.16E-01  1.24E+00  0.00E+00  0.00E+00  0.00E+00  0.00E+00 -1.3060E-05
     36  1.28E-01  1.37E+00  0.00E+00  0.00E+00  0.00E+00  0.00E+00 -1.5361E-05
     37  1.41E-01  1.51E+00  0.00E+00  0.00E+00  0.00E+00  0.00E+00 -1.7914E-05
     38  1.55E-01  1.66E+00  0.00E+00  0.00E+00  0.00E+00  0.00E+00 -2.0749E-05
     39  1.70E-01  1.83E+00  0.00E+00  0.00E+00  0.00E+00  0.00E+00 -2.3895E-05
     40  1.87E-01  2.02E+00  0.00E+00  0.00E+00  0.00E+00  0.00E+00 -2.7374E-05
     41  2.06E-01  2.22E+00  0.00E+00  0.00E+00  0.00E+00  0.00E+00 -3.1217E-05
     42  2.26E-01  2.45E+00  0.00E+00  0.00E+00  0.00E+00  0.00E+00 -3.5456E-05
     43  2.49E-01  2.70E+00  0.00E+00  0.00E+00  0.00E+00  0.00E+00 -4.0129E-05
     44  2.74E-01  2.97E+00  0.00E+00  0.00E+00  0.00E+00  0.00E+00 -4.5278E-05
     45  3.01E-01  3.27E+00  0.00E+00  0.00E+00  0.00E+00  0.00E+00 -5.0946E-05
     46  3.31E-01  3.60E+00  0.00E+00  0.00E+00  0.00E+00  0.00E+00 -5.7183E-05
     47  3.64E-01  3.97E+00  0.00E+00  0.00E+00  0.00E+00  0.00E+00 -6.4043E-05
     48  4.01E-01  4.37E+00  0.00E+00  0.00E+00  0.00E+00  0.00E+00 -7.1589E-05
     49  4.41E-01  4.81E+00  0.00E+00  0.00E+00  0.00E+00  0.00E+00 -7.9886E-05
     50  4.85E-01  5.30E+00  0.00E+00  0.00E+00  0.00E+00  0.00E+00 -8.9009E-05
     51  5.34E-01  5.83E+00  0.00E+00  0.00E+00  0.00E+00  0.00E+00 -9.9038E-05
     52  5.87E-01  6.42E+00  0.00E+00  0.00E+00  0.00E+00  0.00E+00 -1.1006E-04
     53  6.46E-01  7.06E+00  0.00E+00  0.00E+00  0.00E+00  0.00E+00 -1.2219E-04
     54  7.10E-01  7.77E+00  0.00E+00  0.00E+00  0.00E+00  0.00E+00 -1.3552E-04
     55  7.81E-01  8.55E+00  0.00E+00  0.00E+00  0.00E+00  0.00E+00 -1.5017E-04
     56  8.59E-01  9.41E+00  0.00E+00  0.00E+00  0.00E+00  0.00E+00 -1.6628E-04
     57  9.45E-01  1.04E+01  0.00E+00  0.00E+00  0.00E+00  0.00E+00 -1.8399E-04
     58  1.04E+00  1.14E+01  0.00E+00  0.00E+00  0.00E+00  0.00E+00 -2.0346E-04
     59  1.14E+00  1.25E+01  0.00E+00  0.00E+00  0.00E+00  0.00E+00 -2.2486E-04
     60  1.26E+00  1.38E+01  0.00E+00  0.00E+00  0.00E+00  0.00E+00 -2.4838E-04
     61  1.38E+00  1.52E+01  0.00E+00  0.00E+00  0.00E+00  0.00E+00 -2.7424E-04
     62  1.52E+00  1.67E+01  0.00E+00  0.00E+00  0.00E+00  0.00E+00 -3.0266E-04
     63  1.67E+00  1.84E+01  0.00E+00  0.00E+00  0.00E+00  0.00E+00 -3.3391E-04
     64  1.84E+00  2.02E+01  0.00E+00  0.00E+00  0.00E+00  0.00E+00 -3.6825E-04
     65  2.03E+00  2.22E+01  0.00E+00  0.00E+00  0.00E+00  0.00E+00 -4.0600E-04
     66  2.23E+00  2.45E+01  0.00E+00  0.00E+00  0.00E+00  0.00E+00 -4.4748E-04
     67  2.45E+00  2.69E+01  0.00E+00  0.00E+00  0.00E+00  0.00E+00 -4.9306E-04
     68  2.70E+00  2.96E+01  0.00E+00  0.00E+00  0.00E+00  0.00E+00 -5.4316E-04
     69  2.97E+00  3.26E+01  0.00E+00  0.00E+00  0.00E+00  0.00E+00 -5.9821E-04
     70  3.26E+00  3.59E+01  0.00E+00  0.00E+00  0.00E+00  0.00E+00 -6.5872E-04
     71  3.59E+00  3.94E+01  0.00E+00  0.00E+00  0.00E+00  0.00E+00 -7.2520E-04
     72  3.95E+00  4.34E+01  0.00E+00  0.00E+00  0.00E+00  0.00E+00 -7.9827E-04
     73  4.34E+00  4.77E+01  0.00E+00  0.00E+00  0.00E+00  0.00E+00 -8.7855E-04
     74  4.78E+00  5.25E+01  0.00E+00  0.00E+00  0.00E+00  0.00E+00 -9.6677E-04
     75  5.26E+00  5.78E+01  0.00E+00  0.00E+00  0.00E+00  0.00E+00 -1.0637E-03
     76  5.78E+00  6.36E+01  0.00E+00  0.00E+00  0.00E+00  0.00E+00 -1.1702E-03
     77  6.36E+00  6.99E+01  0.00E+00  0.00E+00  0.00E+00  0.00E+00 -1.2873E-03
     78  7.00E+00  7.69E+01  0.00E+00  0.00E+00  0.00E+00  0.00E+00 -1.4160E-03
     79  7.69E+00  8.46E+01  0.00E+00  0.00E+00  0.00E+00  0.00E+00 -1.5575E-03
     80  8.46E+00  9.31E+01  0.00E+00  0.00E+00  0.00E+00  0.00E+00 -1.7128E-03
     81  9.31E+00  1.02E+02  0.00E+00  0.00E+00  0.00E+00  0.00E+00 -1.8836E-03
     82  1.00E+01  1.12E+02  0.00E+00  0.00E+00  0.00E+00  0.00E+00 -2.0666E-03
     83  1.00E+01  1.22E+02  0.00E+00  0.00E+00  0.00E+00  0.00E+00 -2.2483E-03
     84  1.00E+01  1.32E+02  0.00E+00  0.00E+00  0.00E+00  0.00E+00 -2.4285E-03
     85  1.00E+01  1.42E+02  0.00E+00  0.00E+00  0.00E+00  0.00E+00 -2.6075E-03
     86  1.00E+01  1.52E+02  0.00E+00  0.00E+00  0.00E+00  0.00E+00 -2.7856E-03
     87  1.00E+01  1.62E+02  0.00E+00  0.00E+00  0.00E+00  0.00E+00 -2.9631E-03
     88  1.00E+01  1.72E+02  0.00E+00  0.00E+00  0.00E+00  0.00E+00 -3.1400E-03
     89  1.00E+01  1.82E+02  0.00E+00  0.00E+00  0.00E+00  0.00E+00 -3.3165E-03
     90  1.00E+01  1.92E+02  0.00E+00  0.00E+00  0.00E+00  0.00E+00 -3.4924E-03
     91  1.00E+01  2.02E+02  0.00E+00  0.00E+00  0.00E+00  0.00E+00 -3.6680E-03
     92  1.00E+01  2.12E+02  0.00E+00  0.00E+00  0.00E+00  0.00E+00 -3.8433E-03
     93  1.00E+01  2.22E+02  0.00E+00  0.00E+00  0.00E+00  0.00E+00 -4.0182E-03
     94  1.00E+01  2.32E+02  0.00E+00  0.00E+00  0.00E+00  0.00E+00 -4.1928E-03
     95  1.00E+01  2.42E+02  0.00E+00  0.00E+00  0.00E+00  0.00E+00 -4.3671E-03
     96  1.00E+01  2.52E+02  0.00E+00  0.00E+00  0.00E+00  0.00E+00 -4.5411E-03
     97  1.00E+01  2.62E+02  0.00E+00  0.00E+00  0.00E+00  0.00E+00 -4.7149E-03
     98  1.00E+01  2.72E+02  0.00E+00  0.00E+00  0.00E+00  0.00E+00 -4.8886E-03
     99  1.00E+01  2.82E+02  0.00E+00  0.00E+00  0.00E+00  0.00E+00 -5.0620E-03
    100  1.00E+01  2.92E+02  0.00E+00  0.00E+00  0.00E+00  0.00E+00 -5.2352E-03
    101  1.00E+01  3.02E+02  0.00E+00  0.00E+00  0.00E+00  0.00E+00 -5.4082E-03
    102  1.00E+01  3.12E+02  0.00E+00  0.00E+00  0.00E+00  0.00E+00 -5.5811E-03
    103  1.00E+01  3.22E+02  0.00E+00  0.00E+00  0.00E+00  0.00E+00 -5.7537E-03
    104  1.00E+01  3.32E+02  0.00E+00  0.00E+00  0.00E+00  0.00E+00 -5.9262E-03
    105  1.00E+01  3.42E+02  0.00E+00  0.00E+00  0.00E+00  0.00E+00 -6.0985E-03
    106  1.00E+01  3.52E+02  0.00E+00  0.00E+00  0.00E+00  0.00E+00 -6.2706E-03
    107  1.00E+01  3.62E+02  0.00E+00  0.00E+00  0.00E+00  0.00E+00 -6.4426E-03
    108  1.00E+01  3.72E+02  0.00E+00  0.00E+00  0.00E+00  0.00E+00 -6.6145E-03
    109  1.00E+01  3.82E+02  0.00E+00  0.00E+00  0.00E+00  0.00E+00 -6.7863E-03
    110  1.00E+01  3.92E+02  0.00E+00  0.00E+00  0.00E+00  0.00E+00 -6.9580E-03
    111  1.00E+01  4.02E+02  0.00E+00  0.00E+00  0.00E+00  0.00E+00 -7.1296E-03
    112  1.00E+01  4.12E+02  0.00E+00  0.00E+00  0.00E+00  0.00E+00 -7.3011E-03
    113  1.00E+01  4.22E+02  0.00E+00  0.00E+00  0.00E+00  0.00E+00 -7.4726E-03
    114  1.00E+01  4.32E+02  0.00E+00  0.00E+00  0.00E+00  0.00E+00 -7.6439E-03
    115  1.00E+01  4.42E+02  0.00E+00  0.00E+00  0.00E+00  0.00E+00 -7.8152E-03
    116  1.00E+01  4.52E+02  0.00E+00  0.00E+00  0.00E+00  0.00E+00 -7.9864E-03
    117  1.00E+01  4.62E+02  0.00E+00  0.00E+00  0.00E+00  0.00E+00 -8.1576E-03
    118  1.00E+01  4.72E+02  0.00E+00  0.00E+00  0.00E+00  0.00E+00 -8.3286E-03
    119  1.00E+01  4.82E+02  0.00E+00  0.00E+00  0.00E+00  0.00E+00 -8.4996E-03
    120  1.00E+01  4.92E+02  0.00E+00  0.00E+00  0.00E+00  0.00E+00 -8.6705E-03
    121  1.00E+01  5.02E+02  0.00E+00  0.00E+00  0.00E+00  0.00E+00 -8.8414E-03
    122  1.00E+01  5.12E+02  0.00E+00  0.00E+00  0.00E+00  0.00E+00 -9.0122E-03
    123  1.00E+01  5.22E+02  0.00E+00  0.00E+00  0.00E+00  0.00E+00 -9.1829E-03
    124  1.00E+01  5.32E+02  0.00E+00  0.00E+00  0.00E+00  0.00E+00 -9.3536E-03
    125  1.00E+01  5.42E+02  0.00E+00  0.00E+00  0.00E+00  0.00E+00 -9.5242E-03
    126  1.00E+01  5.52E+02  0.00E+00  0.00E+00  0.00E+00  0.00E+00 -9.6947E-03
    127  1.00E+01  5.62E+02  0.00E+00  0.00E+00  0.00E+00  0.00E+00 -9.8652E-03
    128  1.00E+01  5.72E+02  0.00E+00  0.00E+00  0.00E+00  0.00E+00 -1.0036E-02
    129  1.00E+01  5.82E+02  0.00E+00  0.00E+00  0.00E+00  0.00E+00 -1.0206E-02
    130  1.00E+01  5.92E+02  0.00E+00  0.00E+00  0.00E+00  0.00E+00 -1.0376E-02
    131  1.00E+01  6.02E+02  0.00E+00  0.00E+00  0.00E+00  0.00E+00 -1.0547E-02
    132  1.00E+01  6.12E+02  0.00E+00  0.00E+00  0.00E+00  0.00E+00 -1.0717E-02
    133  1.00E+01  6.22E+02  0.00E+00  0.00E+00  0.00E+00  0.00E+00 -1.0887E-02
    134  1.00E+01  6.32E+02  0.00E+00  0.00E+00  0.00E+00  0.00E+00 -1.1057E-02
    135  1.00E+01  6.42E+02  0.00E+00  0.00E+00  0.00E+00  0.00E+00 -1.1227E-02
    136  1.00E+01  6.52E+02  0.00E+00  0.00E+00  0.00E+00  0.00E+00 -1.1397E-02
    137  1.00E+01  6.62E+02  0.00E+00  0.00E+00  0.00E+00  0.00E+00 -1.1567E-02
    138  1.00E+01  6.72E+02  0.00E+00  0.00E+00  0.00E+00  0.00E+00 -1.1737E-02
    139  1.00E+01  6.82E+02  0.00E+00  0.00E+00  0.00E+00  0.00E+00 -1.1907E-02
    140  1.00E+01  6.92E+02  0.00E+00  0.00E+00  0.00E+00  0.00E+00 -1.2077E-02
    141  1.00E+01  7.02E+02  0.00E+00  0.00E+00  0.00E+00  0.00E+00 -1.2247E-02
    142  1.00E+01  7.12E+02  0.00E+00  0.00E+00  0.00E+00  0.00E+00 -1.2417E-02
    143  1.00E+01  7.22E+02  0.00E+00  0.00E+00  0.00E+00  0.00E+00 -1.2586E-02
    144  1.00E+01  7.32E+02  0.00E+00  0.00E+00  0.00E+00  0.00E+00 -1.2756E-02
    145  1.00E+01  7.42E+02  0.00E+00  0.00E+00  0.00E+00  0.00E+00 -1.2926E-02
    146  1.00E+01  7.52E+02  0.00E+00  0.00E+00  0.00E+00  0.00E+00 -1.3095E-02
    147  1.00E+01  7.62E+02  0.00E+00  0.00E+00  0.00E+00  0.00E+00 -1.3265E-02
    148  1.00E+01  7.72E+02  0.00E+00  0.00E+00  0.00E+00  0.00E+00 -1.3434E-02
    149  1.00E+01  7.82E+02  0.00E+00  0.00E+00  0.00E+00  0.00E+00 -1.3604E-02
    150  1.00E+01  7.92E+02  0.00E+00  0.00E+00  0.00E+00  0.00E+00 -1.3773E-02
    151  1.00E+01  8.02E+02  0.00E+00  0.00E+00  0.00E+00  0.00E+00 -1.3943E-02
    152  1.00E+01  8.12E+02  0.00E+00  0.00E+00  0.00E+00  0.00E+00 -1.4112E-02
    153  1.00E+01  8.22E+02  0.00E+00  0.00E+00  0.00E+00  0.00E+00 -1.4281E-02
    154  1.00E+01  8.32E+02  0.00E+00  0.00E+00  0.00E+00  0.00E+00 -1.4451E-02
    155  1.00E+01  8.42E+02  0.00E+00  0.00E+00  0.00E+00  0.00E+00 -1.4620E-02
    156  1.00E+01  8.52E+02  0.00E+00  0.00E+00  0.00E+00  0.00E+00 -1.4789E-02
    157  1.00E+01  8.62E+02  0.00E+00  0.00E+00  0.00E+00  0.00E+00 -1.4958E-02
    158  1.00E+01  8.72E+02  0.00E+00  0.00E+00  0.00E+00  0.00E+00 -1.5127E-02
    159  1.00E+01  8.82E+02  0.00E+00  0.00E+00  0.00E+00  0.00E+00 -1.5296E-02
    160  1.00E+01  8.92E+02  0.00E+00  0.00E+00  0.00E+00  0.00E+00 -1.5465E-02
    161  1.00E+01  9.02E+02  0.00E+00  0.00E+00  0.00E+00  0.00E+00 -1.5635E-02
    162  1.00E+01  9.12E+02  0.00E+00  0.00E+00  0.00E+00  0.00E+00 -1.5804E-02
    163  1.00E+01  9.22E+02  0.00E+00  0.00E+00  0.00E+00  0.00E+00 -1.5972E-02
    164  1.00E+01  9.32E+02  0.00E+00  0.00E+00  0.00E+00  0.00E+00 -1.6141E-02
    165  1.00E+01  9.42E+02  0.00E+00  0.00E+00  0.00E+00  0.00E+00 -1.6310E-02
    166  1.00E+01  9.52E+02  0.00E+00  0.00E+00  0.00E+00  0.00E+00 -1.6479E-02
    167  1.00E+01  9.62E+02  0.00E+00  0.00E+00  0.00E+00  0.00E+00 -1.6648E-02
    168  1.00E+01  9.72E+02  0.00E+00  0.00E+00  0.00E+00  0.00E+00 -1.6817E-02
    169  1.00E+01  9.82E+02  0.00E+00  0.00E+00  0.00E+00  0.00E+00 -1.6986E-02
    170  1.00E+01  9.92E+02  0.00E+00  0.00E+00  0.00E+00  0.00E+00 -1.7154E-02
    171  1.00E+01  1.00E+03  0.00E+00  0.00E+00  0.00E+00  0.00E+00 -1.7323E-02
    172  1.00E+01  1.01E+03  0.00E+00  0.00E+00  0.00E+00  0.00E+00 -1.7492E-02
    173  1.00E+01  1.02E+03  0.00E+00  0.00E+00  0.00E+00  0.00E+00 -1.7660E-02
    174  1.00E+01  1.03E+03  0.00E+00  0.00E+00  0.00E+00  0.00E+00 -1.7829E-02
    175  1.00E+01  1.04E+03  0.00E+00  0.00E+00  0.00E+00  0.00E+00 -1.7997E-02
    176  1.00E+01  1.05E+03  0.00E+00  0.00E+00  0.00E+00  0.00E+00 -1.8166E-02
    177  1.00E+01  1.06E+03  0.00E+00  0.00E+00  0.00E+00  0.00E+00 -1.8334E-02
    178  1.00E+01  1.07E+03  0.00E+00  0.00E+00  0.00E+00  0.00E+00 -1.8503E-02
    179  1.00E+01  1.08E+03  0.00E+00  0.00E+00  0.00E+00  0.00E+00 -1.8671E-02
    180  1.00E+01  1.09E+03  0.00E+00  0.00E+00  0.00E+00  0.00E+00 -1.8840E-02
    181  1.00E+01  1.10E+03  0.00E+00  0.00E+00  0.00E+00  0.00E+00 -1.9008E-02
    182  1.00E+01  1.11E+03  0.00E+00  0.00E+00  0.00E+00  0.00E+00 -1.9176E-02
    183  1.00E+01  1.12E+03  0.00E+00  0.00E+00  0.00E+00  0.00E+00 -1.9345E-02
    184  1.00E+01  1.13E+03  0.00E+00  0.00E+00  0.00E+00  0.00E+00 -1.9513E-02
    185  1.00E+01  1.14E+03  0.00E+00  0.00E+00  0.00E+00  0.00E+00 -1.9681E-02
    186  1.00E+01  1.15E+03  0.00E+00  0.00E+00  0.00E+00  0.00E+00 -1.9849E-02
    187  1.00E+01  1.16E+03  0.00E+00  0.00E+00  0.00E+00  0.00E+00 -2.0018E-02
    188  1.00E+01  1.17E+03  0.00E+00  0.00E+00  0.00E+00  0.00E+00 -2.0186E-02
    189  1.00E+01  1.18E+03  0.00E+00  0.00E+00  0.00E+00  0.00E+00 -2.0354E-02
    190  1.00E+01  1.19E+03  0.00E+00  0.00E+00  0.00E+00  0.00E+00 -2.0522E-02
    191  1.00E+01  1.20E+03  0.00E+00  0.00E+00  0.00E+00  0.00E+00 -2.0690E-02
    192  1.00E+01  1.21E+03  0.00E+00  0.00E+00  0.00E+00  0.00E+00 -2.0858E-02
    193  1.00E+01  1.22E+03  0.00E+00  0.00E+00  0.00E+00  0.00E+00 -2.1026E-02
    194  1.00E+01  1.23E+03  0.00E+00  0.00E+00  0.00E+00  0.00E+00 -2.1194E-02
    195  1.00E+01  1.24E+03  0.00E+00  0.00E+00  0.00E+00  0.00E+00 -2.1362E-02
    196  1.00E+01  1.25E+03  0.00E+00  0.00E+00  0.00E+00  0.00E+00 -2.1530E-02
    197  1.00E+01  1.26E+03  0.00E+00  0.00E+00  0.00E+00  0.00E+00 -2.1698E-02
    198  1.00E+01  1.27E+03  0.00E+00  0.00E+00  0.00E+00  0.00E+00 -2.1866E-02
    199  1.00E+01  1.28E+03  0.00E+00  0.00E+00  0.00E+00  0.00E+00 -2.2033E-02
    200  1.00E+01  1.29E+03  0.00E+00  0.00E+00  0.00E+00  0.00E+00 -2.2201E-02
    201  1.00E+01  1.30E+03  0.00E+00  0.00E+00  0.00E+00  0.00E+00 -2.2369E-02
    202  1.00E+01  1.31E+03  0.00E+00  0.00E+00  0.00E+00  0.00E+00 -2.2537E-02
    203  1.00E+01  1.32E+03  0.00E+00  0.00E+00  0.00E+00  0.00E+00 -2.2704E-02
    204  1.00E+01  1.33E+03  0.00E+00  0.00E+00  0.00E+00  0.00E+00 -2.2872E-02
    205  1.00E+01  1.34E+03  0.00E+00  0.00E+00  0.00E+00  0.00E+00 -2.3040E-02
    206  1.00E+01  1.35E+03  0.00E+00  0.00E+00  0.00E+00  0.00E+00 -2.3207E-02
    207  1.00E+01  1.36E+03  0.00E+00  0.00E+00  0.00E+00  0.00E+00 -2.3375E-02
    208  1.00E+01  1.37E+03  0.00E+00  0.00E+00  0.00E+00  0.00E+00 -2.3542E-02
    209  1.00E+01  1.38E+03  0.00E+00  0.00E+00  0.00E+00  0.00E+00 -2.3710E-02
    210  1.00E+01  1.39E+03  0.00E+00  0.00E+00  0.00E+00  0.00E+00 -2.3877E-02
    211  1.00E+01  1.40E+03  0.00E+00  0.00E+00  0.00E+00  0.00E+00 -2.4045E-02
    212  1.00E+01  1.41E+03  0.00E+00  0.00E+00  0.00E+00  0.00E+00 -2.4212E-02
    213  1.00E+01  1.42E+03  0.00E+00  0.00E+00  0.00E+00  0.00E+00 -2.4379E-02
    214  1.00E+01  1.43E+03  0.00E+00  0.00E+00  0.00E+00  0.00E+00 -2.4547E-02
    215  1.00E+01  1.44E+03  0.00E+00  0.00E+00  0.00E+00  0.00E+00 -2.4714E-02
    216  1.00E+01  1.45E+03  0.00E+00  0.00E+00  0.00E+00  0.00E+00 -2.4881E-02
    217  1.00E+01  1.46E+03  0.00E+00  0.00E+00  0.00E+00  0.00E+00 -2.5049E-02
    218  1.00E+01  1.47E+03  0.00E+00  0.00E+00  0.00E+00  0.00E+00 -2.5216E-02
    219  1.00E+01  1.48E+03  0.00E+00  0.00E+00  0.00E+00  0.00E+00 -2.5383E-02
    220  1.00E+01  1.49E+03  0.00E+00  0.00E+00  0.00E+00  0.00E+00 -2.5550E-02
    221  1.00E+01  1.50E+03  0.00E+00  0.00E+00  0.00E+00  0.00E+00 -2.5717E-02
    222  1.00E+01  1.51E+03  0.00E+00  0.00E+00  0.00E+00  0.00E+00 -2.5885E-02
    223  1.00E+01  1.52E+03  0.00E+00  0.00E+00  0.00E+00  0.00E+00 -2.6052E-02
    224  1.00E+01  1.53E+03  0.00E+00  0.00E+00  0.00E+00  0.00E+00 -2.6219E-02
    225  1.00E+01  1.54E+03  0.00E+00  0.00E+00  0.00E+00  0.00E+00 -2.6386E-02
    226  1.00E+01  1.55E+03  0.00E+00  0.00E+00  0.00E+00  0.00E+00 -2.6553E-02
    227  1.00E+01  1.56E+03  0.00E+00  0.00E+00  0.00E+00  0.00E+00 -2.6720E-02
    228  1.00E+01  1.57E+03  0.00E+00  0.00E+00  0.00E+00  0.00E+00 -2.6887E-02
    229  1.00E+01  1.58E+03  0.00E+00  0.00E+00  0.00E+00  0.00E+00 -2.7054E-02
    230  1.00E+01  1.59E+03  0.00E+00  0.00E+00  0.00E+00  0.00E+00 -2.7221E-02
    231  1.00E+01  1.60E+03  0.00E+00  0.00E+00  0.00E+00  0.00E+00 -2.7388E-02
    232  1.00E+01  1.61E+03  0.00E+00  0.00E+00  0.00E+00  0.00E+00 -2.7555E-02
    233  1.00E+01  1.62E+03  0.00E+00  0.00E+00  0.00E+00  0.00E+00 -2.7722E-02
    234  1.00E+01  1.63E+03  0.00E+00  0.00E+00  0.00E+00  0.00E+00 -2.7889E-02
    235  1.00E+01  1.64E+03  0.00E+00  0.00E+00  0.00E+00  0.00E+00 -2.8056E-02
    236  1.00E+01  1.65E+03  0.00E+00  0.00E+00  0.00E+00  0.00E+00 -2.8223E-02
    237  1.00E+01  1.66E+03  0.00E+00  0.00E+00  0.00E+00  0.00E+00 -2.8390E-02
    238  1.00E+01  1.67E+03  0.00E+00  0.00E+00  0.00E+00  0.00E+00 -2.8557E-02
    239  1.00E+01  1.68E+03  0.00E+00  0.00E+00  0.00E+00  0.00E+00 -2.8724E-02
    240  1.00E+01  1.69E+03  0.00E+00  0.00E+00  0.00E+00  0.00E+00 -2.8890E-02
    241  1.00E+01  1.70E+03  0.00E+00  0.00E+00  0.00E+00  0.00E+00 -2.9057E-02
    242  1.00E+01  1.71E+03  0.00E+00  0.00E+00  0.00E+00  0.00E+00 -2.9224E-02
    243  1.00E+01  1.72E+03  0.00E+00  0.00E+00  0.00E+00  0.00E+00 -2.9391E-02
    244  1.00E+01  1.73E+03  0.00E+00  0.00E+00  0.00E+00  0.00E+00 -2.9557E-02
    245  1.00E+01  1.74E+03  0.00E+00  0.00E+00  0.00E+00  0.00E+00 -2.9724E-02
    246  1.00E+01  1.75E+03  0.00E+00  0.00E+00  0.00E+00  0.00E+00 -2.9891E-02
    247  1.00E+01  1.76E+03  0.00E+00  0.00E+00  0.00E+00  0.00E+00 -3.0058E-02
    248  1.00E+01  1.77E+03  0.00E+00  0.00E+00  0.00E+00  0.00E+00 -3.0224E-02
    249  1.00E+01  1.78E+03  0.00E+00  0.00E+00  0.00E+00  0.00E+00 -3.0391E-02
    250  1.00E+01  1.79E+03  0.00E+00  0.00E+00  0.00E+00  0.00E+00 -3.0557E-02
    251  1.00E+01  1.80E+03  0.00E+00  0.00E+00  0.00E+00  0.00E+00 -3.0724E-02
    252  1.00E+01  1.81E+03  0.00E+00  0.00E+00  0.00E+00  0.00E+00 -3.0891E-02
    253  1.00E+01  1.82E+03  0.00E+00  0.00E+00  0.00E+00  0.00E+00 -3.1057E-02
    254  1.00E+01  1.83E+03  0.00E+00  0.00E+00  0.00E+00  0.00E+00 -3.1224E-02
    255  1.00E+01  1.84E+03  0.00E+00  0.00E+00  0.00E+00  0.00E+00 -3.1390E-02
    256  1.00E+01  1.85E+03  0.00E+00  0.00E+00  0.00E+00  0.00E+00 -3.1557E-02
    257  1.00E+01  1.86E+03  0.00E+00  0.00E+00  0.00E+00  0.00E+00 -3.1723E-02
    258  1.00E+01  1.87E+03  0.00E+00  0.00E+00  0.00E+00  0.00E+00 -3.1890E-02
    259  1.00E+01  1.88E+03  0.00E+00  0.00E+00  0.00E+00  0.00E+00 -3.2056E-02
    260  1.00E+01  1.89E+03  0.00E+00  0.00E+00  0.00E+00  0.00E+00 -3.2223E-02
    261  1.00E+01  1.90E+03  0.00E+00  0.00E+00  0.00E+00  0.00E+00 -3.2389E-02
    262  1.00E+01  1.91E+03  0.00E+00  0.00E+00  0.00E+00  0.00E+00 -3.2555E-02
    263  1.00E+01  1.92E+03  0.00E+00  0.00E+00  0.00E+00  0.00E+00 -3.2722E-02
    264  1.00E+01  1.93E+03  0.00E+00  0.00E+00  0.00E+00  0.00E+00 -3.2888E-02
    265  1.00E+01  1.94E+03  0.00E+00  0.00E+00  0.00E+00  0.00E+00 -3.3054E-02
    266  1.00E+01  1.95E+03  0.00E+00  0.00E+00  0.00E+00  0.00E+00 -3.3221E-02
    267  1.00E+01  1.96E+03  0.00E+00  0.00E+00  0.00E+00  0.00E+00 -3.3387E-02
    268  1.00E+01  1.97E+03  0.00E+00  0.00E+00  0.00E+00  0.00E+00 -3.3553E-02
    269  1.00E+01  1.98E+03  0.00E+00  0.00E+00  0.00E+00  0.00E+00 -3.3719E-02
    270  1.00E+01  1.99E+03  0.00E+00  0.00E+00  0.00E+00  0.00E+00 -3.3885E-02
    271  1.00E+01  2.00E+03  0.00E+00  0.00E+00  0.00E+00  0.00E+00 -3.4052E-02
    272  1.00E+01  2.01E+03  0.00E+00  0.00E+00  0.00E+00  0.00E+00 -3.4218E-02
    273  1.00E+01  2.02E+03  0.00E+00  0.00E+00  0.00E+00  0.00E+00 -3.4384E-02
    274  1.00E+01  2.03E+03  0.00E+00  0.00E+00  0.00E+00  0.00E+00 -3.4550E-02
    275  1.00E+01  2.04E+03  0.00E+00  0.00E+00  0.00E+00  0.00E+00 -3.4716E-02
    276  1.00E+01  2.05E+03  0.00E+00  0.00E+00  0.00E+00  0.00E+00 -3.4882E-02
    277  1.00E+01  2.06E+03  0.00E+00  0.00E+00  0.00E+00  0.00E+00 -3.5048E-02
    278  1.00E+01  2.07E+03  0.00E+00  0.00E+00  0.00E+00  0.00E+00 -3.5214E-02
    279  1.00E+01  2.08E+03  0.00E+00  0.00E+00  0.00E+00  0.00E+00 -3.5380E-02
    280  1.00E+01  2.09E+03  0.00E+00  0.00E+00  0.00E+00  0.00E+00 -3.5546E-02
    281  1.00E+01  2.10E+03  0.00E+00  0.00E+00  0.00E+00  0.00E+00 -3.5712E-02
    282  1.00E+01  2.11E+03  0.00E+00  0.00E+00  0.00E+00  0.00E+00 -3.5878E-02
    283  1.00E+01  2.12E+03  0.00E+00  0.00E+00  0.00E+00  0.00E+00 -3.6044E-02
    284  1.00E+01  2.13E+03  0.00E+00  0.00E+00  0.00E+00  0.00E+00 -3.6210E-02
    285  1.00E+01  2.14E+03  0.00E+00  0.00E+00  0.00E+00  0.00E+00 -3.6376E-02
    286  1.00E+01  2.15E+03  0.00E+00  0.00E+00  0.00E+00  0.00E+00 -3.6542E-02
    287  1.00E+01  2.16E+03  0.00E+00  0.00E+00  0.00E+00  0.00E+00 -3.6707E-02
    288  1.00E+01  2.17E+03  0.00E+00  0.00E+00  0.00E+00  0.00E+00 -3.6873E-02
    289  1.00E+01  2.18E+03  0.00E+00  0.00E+00  0.00E+00  0.00E+00 -3.7039E-02
    290  1.00E+01  2.19E+03  0.00E+00  0.00E+00  0.00E+00  0.00E+00 -3.7205E-02
    291  1.00E+01  2.20E+03  0.00E+00  0.00E+00  0.00E+00  0.00E+00 -3.7370E-02
    292  1.00E+01  2.21E+03  0.00E+00  0.00E+00  0.00E+00  0.00E+00 -3.7536E-02
    293  1.00E+01  2.22E+03  0.00E+00  0.00E+00  0.00E+00  0.00E+00 -3.7702E-02
    294  1.00E+01  2.23E+03  0.00E+00  0.00E+00  0.00E+00  0.00E+00 -3.7868E-02
    295  1.00E+01  2.24E+03  0.00E+00  0.00E+00  0.00E+00  0.00E+00 -3.8033E-02
    296  1.00E+01  2.25E+03  0.00E+00  0.00E+00  0.00E+00  0.00E+00 -3.8199E-02
    297  1.00E+01  2.26E+03  0.00E+00  0.00E+00  0.00E+00  0.00E+00 -3.8364E-02
    298  1.00E+01  2.27E+03  0.00E+00  0.00E+00  0.00E+00  0.00E+00 -3.8530E-02
    299  1.00E+01  2.28E+03  0.00E+00  0.00E+00  0.00E+00  0.00E+00 -3.8696E-02
    300  1.00E+01  2.29E+03  0.00E+00  0.00E+00  0.00E+00  0.00E+00 -3.8861E-02
    301  1.00E+01  2.30E+03  0.00E+00  0.00E+00  0.00E+00  0.00E+00 -3.9027E-02
    302  1.00E+01  2.31E+03  0.00E+00  0.00E+00  0.00E+00  0.00E+00 -3.9192E-02
    303  1.00E+01  2.32E+03  0.00E+00  0.00E+00  0.00E+00  0.00E+00 -3.9358E-02
    304  1.00E+01  2.33E+03  0.00E+00  0.00E+00  0.00E+00  0.00E+00 -3.9523E-02
    305  1.00E+01  2.34E+03  0.00E+00  0.00E+00  0.00E+00  0.00E+00 -3.9689E-02
    306  1.00E+01  2.35E+03  0.00E+00  0.00E+00  0.00E+00  0.00E+00 -3.9854E-02
    307  1.00E+01  2.36E+03  0.00E+00  0.00E+00  0.00E+00  0.00E+00 -4.0019E-02
    308  1.00E+01  2.37E+03  0.00E+00  0.00E+00  0.00E+00  0.00E+00 -4.0185E-02
    309  1.00E+01  2.38E+03  0.00E+00  0.00E+00  0.00E+00  0.00E+00 -4.0350E-02
    310  1.00E+01  2.39E+03  0.00E+00  0.00E+00  0.00E+00  0.00E+00 -4.0515E-02
    311  1.00E+01  2.40E+03  0.00E+00  0.00E+00  0.00E+00  0.00E+00 -4.0681E-02
    312  1.00E+01  2.41E+03  0.00E+00  0.00E+00  0.00E+00  0.00E+00 -4.0846E-02
    313  1.00E+01  2.42E+03  0.00E+00  0.00E+00  0.00E+00  0.00E+00 -4.1011E-02
    314  1.00E+01  2.43E+03  0.00E+00  0.00E+00  0.00E+00  0.00E+00 -4.1177E-02
    315  1.00E+01  2.44E+03  0.00E+00  0.00E+00  0.00E+00  0.00E+00 -4.1342E-02
    316  1.00E+01  2.45E+03  0.00E+00  0.00E+00  0.00E+00  0.00E+00 -4.1507E-02
    317  1.00E+01  2.46E+03  0.00E+00  0.00E+00  0.00E+00  0.00E+00 -4.1672E-02
    318  1.00E+01  2.47E+03  0.00E+00  0.00E+00  0.00E+00  0.00E+00 -4.1837E-02
    319  1.00E+01  2.48E+03  0.00E+00  0.00E+00  0.00E+00  0.00E+00 -4.2002E-02
    320  1.00E+01  2.49E+03  0.00E+00  0.00E+00  0.00E+00  0.00E+00 -4.2168E-02
    321  1.00E+01  2.50E+03  0.00E+00  0.00E+00  0.00E+00  0.00E+00 -4.2333E-02
    322  1.00E+01  2.51E+03  0.00E+00  0.00E+00  0.00E+00  0.00E+00 -4.2498E-02
    323  1.00E+01  2.52E+03  0.00E+00  0.00E+00  0.00E+00  0.00E+00 -4.2663E-02
    324  1.00E+01  2.53E+03  0.00E+00  0.00E+00  0.00E+00  0.00E+00 -4.2828E-02
    325  1.00E+01  2.54E+03  0.00E+00  0.00E+00  0.00E+00  0.00E+00 -4.2993E-02
    326  1.00E+01  2.55E+03  0.00E+00  0.00E+00  0.00E+00  0.00E+00 -4.3158E-02
    327  1.00E+01  2.56E+03  0.00E+00  0.00E+00  0.00E+00  0.00E+00 -4.3323E-02
    328  1.00E+01  2.57E+03  0.00E+00  0.00E+00  0.00E+00  0.00E+00 -4.3488E-02
    329  1.00E+01  2.58E+03  0.00E+00  0.00E+00  0.00E+00  0.00E+00 -4.3653E-02
    330  1.00E+01  2.59E+03  0.00E+00  0.00E+00  0.00E+00  0.00E+00 -4.3817E-02
    331  1.00E+01  2.60E+03  0.00E+00  0.00E+00  0.00E+00  0.00E+00 -4.3982E-02
    332  1.00E+01  2.61E+03  0.00E+00  0.00E+00  0.00E+00  0.00E+00 -4.4147E-02
    333  1.00E+01  2.62E+03  0.00E+00  0.00E+00  0.00E+00  0.00E+00 -4.4312E-02
    334  1.00E+01  2.63E+03  0.00E+00  0.00E+00  0.00E+00  0.00E+00 -4.4477E-02
    335  1.00E+01  2.64E+03  0.00E+00  0.00E+00  0.00E+00  0.00E+00 -4.4642E-02
    336  1.00E+01  2.65E+03  0.00E+00  0.00E+00  0.00E+00  0.00E+00 -4.4806E-02
    337  1.00E+01  2.66E+03  0.00E+00  0.00E+00  0.00E+00  0.00E+00 -4.4971E-02
    338  1.00E+01  2.67E+03  0.00E+00  0.00E+00  0.00E+00  0.00E+00 -4.5136E-02
    339  1.00E+01  2.68E+03  0.00E+00  0.00E+00  0.00E+00  0.00E+00 -4.5300E-02
    340  1.00E+01  2.69E+03  0.00E+00  0.00E+00  0.00E+00  0.00E+00 -4.5465E-02
    341  1.00E+01  2.70E+03  0.00E+00  0.00E+00  0.00E+00  0.00E+00 -4.5630E-02
    342  1.00E+01  2.71E+03  0.00E+00  0.00E+00  0.00E+00  0.00E+00 -4.5794E-02
    343  1.00E+01  2.72E+03  0.00E+00  0.00E+00  0.00E+00  0.00E+00 -4.5959E-02
    344  1.00E+01  2.73E+03  0.00E+00  0.00E+00  0.00E+00  0.00E+00 -4.6124E-02
    345  1.00E+01  2.74E+03  0.00E+00  0.00E+00  0.00E+00  0.00E+00 -4.6288E-02
    346  1.00E+01  2.75E+03  0.00E+00  0.00E+00  0.00E+00  0.00E+00 -4.6453E-02
    347  1.00E+01  2.76E+03  0.00E+00  0.00E+00  0.00E+00  0.00E+00 -4.6617E-02
    348  1.00E+01  2.77E+03  0.00E+00  0.00E+00  0.00E+00  0.00E+00 -4.6782E-02
    349  1.00E+01  2.78E+03  0.00E+00  0.00E+00  0.00E+00  0.00E+00 -4.6946E-02
    350  1.00E+01  2.79E+03  0.00E+00  0.00E+00  0.00E+00  0.00E+00 -4.7111E-02
    351  1.00E+01  2.80E+03  0.00E+00  0.00E+00  0.00E+00  0.00E+00 -4.7275E-02
    352  1.00E+01  2.81E+03  0.00E+00  0.00E+00  0.00E+00  0.00E+00 -4.7440E-02
    353  1.00E+01  2.82E+03  0.00E+00  0.00E+00  0.00E+00  0.00E+00 -4.7604E-02
    354  1.00E+01  2.83E+03  0.00E+00  0.00E+00  0.00E+00  0.00E+00 -4.7768E-02
    355  1.00E+01  2.84E+03  0.00E+00  0.00E+00  0.00E+00  0.00E+00 -4.7933E-02
    356  1.00E+01  2.85E+03  0.00E+00  0.00E+00  0.00E+00  0.00E+00 -4.8097E-02
    357  1.00E+01  2.86E+03  0.00E+00  0.00E+00  0.00E+00  0.00E+00 -4.8261E-02
    358  1.00E+01  2.87E+03  0.00E+00  0.00E+00  0.00E+00  0.00E+00 -4.8426E-02
    359  1.00E+01  2.88E+03  0.00E+00  0.00E+00  0.00E+00  0.00E+00 -4.8590E-02
    360  1.00E+01  2.89E+03  0.00E+00  0.00E+00  0.00E+00  0.00E+00 -4.8754E-02
    361  1.00E+01  2.90E+03  0.00E+00  0.00E+00  0.00E+00  0.00E+00 -4.8918E-02
    362  1.00E+01  2.91E+03  0.00E+00  0.00E+00  0.00E+00  0.00E+00 -4.9082E-02
    363  1.00E+01  2.92E+03  0.00E+00  0.00E+00  0.00E+00  0.00E+00 -4.9247E-02
    364  1.00E+01  2.93E+03  0.00E+00  0.00E+00  0.00E+00  0.00E+00 -4.9411E-02
    365  1.00E+01  2.94E+03  0.00E+00  0.00E+00  0.00E+00  0.00E+00 -4.9575E-02
    366  1.00E+01  2.95E+03  0.00E+00  0.00E+00  0.00E+00  0.00E+00 -4.9739E-02
    367  1.00E+01  2.96E+03  0.00E+00  0.00E+00  0.00E+00  0.00E+00 -4.9903E-02
    368  1.00E+01  2.97E+03  0.00E+00  0.00E+00  0.00E+00  0.00E+00 -5.0067E-02
    369  1.00E+01  2.98E+03  0.00E+00  0.00E+00  0.00E+00  0.00E+00 -5.0231E-02
    370  1.00E+01  2.99E+03  0.00E+00  0.00E+00  0.00E+00  0.00E+00 -5.0395E-02
    371  1.00E+01  3.00E+03  0.00E+00  0.00E+00  0.00E+00  0.00E+00 -5.0559E-02
    372  1.00E+01  3.01E+03  0.00E+00  0.00E+00  0.00E+00  0.00E+00 -5.0723E-02
    373  1.00E+01  3.02E+03  0.00E+00  0.00E+00  0.00E+00  0.00E+00 -5.0887E-02
    374  1.00E+01  3.03E+03  0.00E+00  0.00E+00  0.00E+00  0.00E+00 -5.1051E-02
    375  1.00E+01  3.04E+03  0.00E+00  0.00E+00  0.00E+00  0.00E+00 -5.1215E-02
    376  1.00E+01  3.05E+03  0.00E+00  0.00E+00  0.00E+00  0.00E+00 -5.1379E-02
    377  1.00E+01  3.06E+03  0.00E+00  0.00E+00  0.00E+00  0.00E+00 -5.1543E-02
    378  1.00E+01  3.07E+03  0.00E+00  0.00E+00  0.00E+00  0.00E+00 -5.1707E-02
    379  1.00E+01  3.08E+03  0.00E+00  0.00E+00  0.00E+00  0.00E+00 -5.1870E-02
    380  1.00E+01  3.09E+03  0.00E+00  0.00E+00  0.00E+00  0.00E+00 -5.2034E-02
    381  1.00E+01  3.10E+03  0.00E+00  0.00E+00  0.00E+00  0.00E+00 -5.2198E-02
    382  1.00E+01  3.11E+03  0.00E+00  0.00E+00  0.00E+00  0.00E+00 -5.2362E-02
    383  1.00E+01  3.12E+03  0.00E+00  0.00E+00  0.00E+00  0.00E+00 -5.2526E-02
    384  1.00E+01  3.13E+03  0.00E+00  0.00E+00  0.00E+00  0.00E+00 -5.2689E-02
    385  1.00E+01  3.14E+03  0.00E+00  0.00E+00  0.00E+00  0.00E+00 -5.2853E-02
    386  1.00E+01  3.15E+03  0.00E+00  0.00E+00  0.00E+00  0.00E+00 -5.3017E-02
    387  1.00E+01  3.16E+03  0.00E+00  0.00E+00  0.00E+00  0.00E+00 -5.3180E-02
    388  1.00E+01  3.17E+03  0.00E+00  0.00E+00  0.00E+00  0.00E+00 -5.3344E-02
    389  1.00E+01  3.18E+03  0.00E+00  0.00E+00  0.00E+00  0.00E+00 -5.3507E-02
    390  1.00E+01  3.19E+03  0.00E+00  0.00E+00  0.00E+00  0.00E+00 -5.3671E-02
    391  1.00E+01  3.20E+03  0.00E+00  0.00E+00  0.00E+00  0.00E+00 -5.3835E-02
    392  1.00E+01  3.21E+03  0.00E+00  0.00E+00  0.00E+00  0.00E+00 -5.3998E-02
    393  1.00E+01  3.22E+03  0.00E+00  0.00E+00  0.00E+00  0.00E+00 -5.4162E-02
    394  1.00E+01  3.23E+03  0.00E+00  0.00E+00  0.00E+00  0.00E+00 -5.4325E-02
    395  1.00E+01  3.24E+03  0.00E+00  0.00E+00  0.00E+00  0.00E+00 -5.4489E-02
    396  1.00E+01  3.25E+03  0.00E+00  0.00E+00  0.00E+00  0.00E+00 -5.4652E-02
    397  1.00E+01  3.26E+03  0.00E+00  0.00E+00  0.00E+00  0.00E+00 -5.4816E-02
    398  1.00E+01  3.27E+03  0.00E+00  0.00E+00  0.00E+00  0.00E+00 -5.4979E-02
    399  1.00E+01  3.28E+03  0.00E+00  0.00E+00  0.00E+00  0.00E+00 -5.5142E-02
    400  1.00E+01  3.29E+03  0.00E+00  0.00E+00  0.00E+00  0.00E+00 -5.5306E-02
    401  1.00E+01  3.30E+03  0.00E+00  0.00E+00  0.00E+00  0.00E+00 -5.5469E-02
    402  1.00E+01  3.31E+03  0.00E+00  0.00E+00  0.00E+00  0.00E+00 -5.5632E-02
    403  1.00E+01  3.32E+03  0.00E+00  0.00E+00  0.00E+00  0.00E+00 -5.5796E-02
    404  1.00E+01  3.33E+03  0.00E+00  0.00E+00  0.00E+00  0.00E+00 -5.5959E-02
    405  1.00E+01  3.34E+03  0.00E+00  0.00E+00  0.00E+00  0.00E+00 -5.6122E-02
    406  1.00E+01  3.35E+03  0.00E+00  0.00E+00  0.00E+00  0.00E+00 -5.6285E-02
    407  1.00E+01  3.36E+03  0.00E+00  0.00E+00  0.00E+00  0.00E+00 -5.6449E-02
    408  1.00E+01  3.37E+03  0.00E+00  0.00E+00  0.00E+00  0.00E+00 -5.6612E-02
    409  1.00E+01  3.38E+03  0.00E+00  0.00E+00  0.00E+00  0.00E+00 -5.6775E-02
    410  1.00E+01  3.39E+03  0.00E+00  0.00E+00  0.00E+00  0.00E+00 -5.6938E-02
    411  1.00E+01  3.40E+03  0.00E+00  0.00E+00  0.00E+00  0.00E+00 -5.7101E-02
    412  1.00E+01  3.41E+03  0.00E+00  0.00E+00  0.00E+00  0.00E+00 -5.7264E-02
    413  1.00E+01  3.42E+03  0.00E+00  0.00E+00  0.00E+00  0.00E+00 -5.7427E-02
    414  1.00E+01  3.43E+03  0.00E+00  0.00E+00  0.00E+00  0.00E+00 -5.7590E-02
    415  1.00E+01  3.44E+03  0.00E+00  0.00E+00  0.00E+00  0.00E+00 -5.7754E-02
    416  1.00E+01  3.45E+03  0.00E+00  0.00E+00  0.00E+00  0.00E+00 -5.7917E-02
    417  1.00E+01  3.46E+03  0.00E+00  0.00E+00  0.00E+00  0.00E+00 -5.8080E-02
    418  1.00E+01  3.47E+03  0.00E+00  0.00E+00  0.00E+00  0.00E+00 -5.8242E-02
    419  1.00E+01  3.48E+03  0.00E+00  0.00E+00  0.00E+00  0.00E+00 -5.8405E-02
    420  1.00E+01  3.49E+03  0.00E+00  0.00E+00  0.00E+00  0.00E+00 -5.8568E-02
    421  1.00E+01  3.50E+03  0.00E+00  0.00E+00  0.00E+00  0.00E+00 -5.8731E-02
    422  1.00E+01  3.51E+03  0.00E+00  0.00E+00  0.00E+00  0.00E+00 -5.8894E-02
    423  1.00E+01  3.52E+03  0.00E+00  0.00E+00  0.00E+00  0.00E+00 -5.9057E-02
    424  1.00E+01  3.53E+03  0.00E+00  0.00E+00  0.00E+00  0.00E+00 -5.9220E-02
    425  1.00E+01  3.54E+03  0.00E+00  0.00E+00  0.00E+00  0.00E+00 -5.9383E-02
    426  1.00E+01  3.55E+03  0.00E+00  0.00E+00  0.00E+00  0.00E+00 -5.9545E-02
    427  1.00E+01  3.56E+03  0.00E+00  0.00E+00  0.00E+00  0.00E+00 -5.9708E-02
    428  1.00E+01  3.57E+03  0.00E+00  0.00E+00  0.00E+00  0.00E+00 -5.9871E-02
    429  1.00E+01  3.58E+03  0.00E+00  0.00E+00  0.00E+00  0.00E+00 -6.0034E-02
    430  1.00E+01  3.59E+03  0.00E+00  0.00E+00  0.00E+00  0.00E+00 -6.0196E-02
    431  1.00E+01  3.60E+03  0.00E+00  0.00E+00  0.00E+00  0.00E+00 -6.0359E-02
    432  1.00E+01  3.61E+03  0.00E+00  0.00E+00  0.00E+00  0.00E+00 -6.0522E-02
    433  1.00E+01  3.62E+03  0.00E+00  0.00E+00  0.00E+00  0.00E+00 -6.0684E-02
    434  1.00E+01  3.63E+03  0.00E+00  0.00E+00  0.00E+00  0.00E+00 -6.0847E-02
    435  1.00E+01  3.64E+03  0.00E+00  0.00E+00  0.00E+00  0.00E+00 -6.1010E-02
    436  1.00E+01  3.65E+03  0.00E+00  0.00E+00  0.00E+00  0.00E+00 -6.1172E-02
    437  1.00E+01  3.66E+03  0.00E+00  0.00E+00  0.00E+00  0.00E+00 -6.1335E-02
    438  1.00E+01  3.67E+03  0.00E+00  0.00E+00  0.00E+00  0.00E+00 -6.1497E-02
    439  1.00E+01  3.68E+03  0.00E+00  0.00E+00  0.00E+00  0.00E+00 -6.1660E-02
    440  1.00E+01  3.69E+03  0.00E+00  0.00E+00  0.00E+00  0.00E+00 -6.1822E-02
    441  1.00E+01  3.70E+03  0.00E+00  0.00E+00  0.00E+00  0.00E+00 -6.1985E-02
    442  1.00E+01  3.71E+03  0.00E+00  0.00E+00  0.00E+00  0.00E+00 -6.2147E-02
    443  1.00E+01  3.72E+03  0.00E+00  0.00E+00  0.00E+00  0.00E+00 -6.2310E-02
    444  1.00E+01  3.73E+03  0.00E+00  0.00E+00  0.00E+00  0.00E+00 -6.2472E-02
    445  1.00E+01  3.74E+03  0.00E+00  0.00E+00  0.00E+00  0.00E+00 -6.2634E-02
    446  1.00E+01  3.75E+03  0.00E+00  0.00E+00  0.00E+00  0.00E+00 -6.2797E-02
    447  1.00E+01  3.76E+03  0.00E+00  0.00E+00  0.00E+00  0.00E+00 -6.2959E-02
    448  1.00E+01  3.77E+03  0.00E+00  0.00E+00  0.00E+00  0.00E+00 -6.3121E-02
    449  1.00E+01  3.78E+03  0.00E+00  0.00E+00  0.00E+00  0.00E+00 -6.3284E-02
    450  1.00E+01  3.79E+03  0.00E+00  0.00E+00  0.00E+00  0.00E+00 -6.3446E-02
    451  1.00E+01  3.80E+03  0.00E+00  0.00E+00  0.00E+00  0.00E+00 -6.3608E-02
    452  1.00E+01  3.81E+03  0.00E+00  0.00E+00  0.00E+00  0.00E+00 -6.3770E-02
    453  1.00E+01  3.82E+03  0.00E+00  0.00E+00  0.00E+00  0.00E+00 -6.3933E-02
    454  1.00E+01  3.83E+03  0.00E+00  0.00E+00  0.00E+00  0.00E+00 -6.4095E-02
    455  1.00E+01  3.84E+03  0.00E+00  0.00E+00  0.00E+00  0.00E+00 -6.4257E-02
    456  1.00E+01  3.85E+03  0.00E+00  0.00E+00  0.00E+00  0.00E+00 -6.4419E-02
    457  1.00E+01  3.86E+03  0.00E+00  0.00E+00  0.00E+00  0.00E+00 -6.4581E-02
    458  1.00E+01  3.87E+03  0.00E+00  0.00E+00  0.00E+00  0.00E+00 -6.4743E-02
    459  1.00E+01  3.88E+03  0.00E+00  0.00E+00  0.00E+00  0.00E+00 -6.4905E-02
    460  1.00E+01  3.89E+03  0.00E+00  0.00E+00  0.00E+00  0.00E+00 -6.5067E-02
    461  1.00E+01  3.90E+03  0.00E+00  0.00E+00  0.00E+00  0.00E+00 -6.5229E-02
    462  1.00E+01  3.91E+03  0.00E+00  0.00E+00  0.00E+00  0.00E+00 -6.5391E-02
    463  1.00E+01  3.92E+03  0.00E+00  0.00E+00  0.00E+00  0.00E+00 -6.5553E-02
    464  1.00E+01  3.93E+03  0.00E+00  0.00E+00  0.00E+00  0.00E+00 -6.5715E-02
    465  1.00E+01  3.94E+03  0.00E+00  0.00E+00  0.00E+00  0.00E+00 -6.5877E-02
    466  1.00E+01  3.95E+03  0.00E+00  0.00E+00  0.00E+00  0.00E+00 -6.6039E-02
    467  1.00E+01  3.96E+03  0.00E+00  0.00E+00  0.00E+00  0.00E+00 -6.6201E-02
    468  1.00E+01  3.97E+03  0.00E+00  0.00E+00  0.00E+00  0.00E+00 -6.6363E-02
    469  1.00E+01  3.98E+03  0.00E+00  0.00E+00  0.00E+00  0.00E+00 -6.6525E-02
    470  1.00E+01  3.99E+03  0.00E+00  0.00E+00  0.00E+00  0.00E+00 -6.6687E-02
    471  1.00E+01  4.00E+03  0.00E+00  0.00E+00  0.00E+00  0.00E+00 -6.6849E-02
    472  1.00E+01  4.01E+03  0.00E+00  0.00E+00  0.00E+00  0.00E+00 -6.7010E-02
    473  1.00E+01  4.02E+03  0.00E+00  0.00E+00  0.00E+00  0.00E+00 -6.7172E-02
    474  1.00E+01  4.03E+03  0.00E+00  0.00E+00  0.00E+00  0.00E+00 -6.7334E-02
    475  1.00E+01  4.04E+03  0.00E+00  0.00E+00  0.00E+00  0.00E+00 -6.7496E-02
    476  1.00E+01  4.05E+03  0.00E+00  0.00E+00  0.00E+00  0.00E+00 -6.7657E-02
    477  1.00E+01  4.06E+03  0.00E+00  0.00E+00  0.00E+00  0.00E+00 -6.7819E-02
    478  1.00E+01  4.07E+03  0.00E+00  0.00E+00  0.00E+00  0.00E+00 -6.7981E-02
    479  1.00E+01  4.08E+03  0.00E+00  0.00E+00  0.00E+00  0.00E+00 -6.8142E-02
    480  1.00E+01  4.09E+03  0.00E+00  0.00E+00  0.00E+00  0.00E+00 -6.8304E-02
    481  1.00E+01  4.10E+03  0.00E+00  0.00E+00  0.00E+00  0.00E+00 -6.8465E-02
    482  1.00E+01  4.11E+03  0.00E+00  0.00E+00  0.00E+00  0.00E+00 -6.8627E-02
    483  1.00E+01  4.12E+03  0.00E+00  0.00E+00  0.00E+00  0.00E+00 -6.8789E-02
    484  1.00E+01  4.13E+03  0.00E+00  0.00E+00  0.00E+00  0.00E+00 -6.8950E-02
    485  1.00E+01  4.14E+03  0.00E+00  0.00E+00  0.00E+00  0.00E+00 -6.9112E-02
    486  1.00E+01  4.15E+03  0.00E+00  0.00E+00  0.00E+00  0.00E+00 -6.9273E-02
    487  1.00E+01  4.16E+03  0.00E+00  0.00E+00  0.00E+00  0.00E+00 -6.9435E-02
    488  1.00E+01  4.17E+03  0.00E+00  0.00E+00  0.00E+00  0.00E+00 -6.9596E-02
    489  1.00E+01  4.18E+03  0.00E+00  0.00E+00  0.00E+00  0.00E+00 -6.9757E-02
    490  1.00E+01  4.19E+03  0.00E+00  0.00E+00  0.00E+00  0.00E+00 -6.9919E-02
    491  1.00E+01  4.20E+03  0.00E+00  0.00E+00  0.00E+00  0.00E+00 -7.0080E-02
    492  1.00E+01  4.21E+03  0.00E+00  0.00E+00  0.00E+00  0.00E+00 -7.0242E-02
    493  1.00E+01  4.22E+03  0.00E+00  0.00E+00  0.00E+00  0.00E+00 -7.0403E-02
    494  1.00E+01  4.23E+03  0.00E+00  0.00E+00  0.00E+00  0.00E+00 -7.0564E-02
    495  1.00E+01  4.24E+03  0.00E+00  0.00E+00  0.00E+00  0.00E+00 -7.0725E-02
    496  1.00E+01  4.25E+03  0.00E+00  0.00E+00  0.00E+00  0.00E+00 -7.0887E-02
    497  1.00E+01  4.26E+03  0.00E+00  0.00E+00  0.00E+00  0.00E+00 -7.1048E-02
    498  1.00E+01  4.27E+03  0.00E+00  0.00E+00  0.00E+00  0.00E+00 -7.1209E-02
    499  1.00E+01  4.28E+03  0.00E+00  0.00E+00  0.00E+00  0.00E+00 -7.1370E-02
    500  1.00E+01  4.29E+03  0.00E+00  0.00E+00  0.00E+00  0.00E+00 -7.1532E-02
    501  1.00E+01  4.30E+03  0.00E+00  0.00E+00  0.00E+00  0.00E+00 -7.1693E-02
    502  1.00E+01  4.31E+03  0.00E+00  0.00E+00  0.00E+00  0.00E+00 -7.1854E-02
    503  1.00E+01  4.32E+03  0.00E+00  0.00E+00  0.00E+00  0.00E+00 -7.2015E-02
    504  1.00E+01  4.33E+03  0.00E+00  0.00E+00  0.00E+00  0.00E+00 -7.2176E-02
    505  1.00E+01  4.34E+03  0.00E+00  0.00E+00  0.00E+00  0.00E+00 -7.2337E-02
    506  1.00E+01  4.35E+03  0.00E+00  0.00E+00  0.00E+00  0.00E+00 -7.2498E-02
    507  1.00E+01  4.36E+03  0.00E+00  0.00E+00  0.00E+00  0.00E+00 -7.2659E-02
    508  1.00E+01  4.37E+03  0.00E+00  0.00E+00  0.00E+00  0.00E+00 -7.2820E-02
    509  1.00E+01  4.38E+03  0.00E+00  0.00E+00  0.00E+00  0.00E+00 -7.2981E-02
    510  1.00E+01  4.39E+03  0.00E+00  0.00E+00  0.00E+00  0.00E+00 -7.3142E-02
    511  1.00E+01  4.40E+03  0.00E+00  0.00E+00  0.00E+00  0.00E+00 -7.3303E-02
    512  1.00E+01  4.41E+03  0.00E+00  0.00E+00  0.00E+00  0.00E+00 -7.3464E-02
    513  1.00E+01  4.42E+03  0.00E+00  0.00E+00  0.00E+00  0.00E+00 -7.3625E-02
    514  1.00E+01  4.43E+03  0.00E+00  0.00E+00  0.00E+00  0.00E+00 -7.3786E-02
    515  1.00E+01  4.44E+03  0.00E+00  0.00E+00  0.00E+00  0.00E+00 -7.3947E-02
    516  1.00E+01  4.45E+03  0.00E+00  0.00E+00  0.00E+00  0.00E+00 -7.4107E-02
    517  1.00E+01  4.46E+03  0.00E+00  0.00E+00  0.00E+00  0.00E+00 -7.4268E-02
    518  1.00E+01  4.47E+03  0.00E+00  0.00E+00  0.00E+00  0.00E+00 -7.4429E-02
    519  1.00E+01  4.48E+03  0.00E+00  0.00E+00  0.00E+00  0.00E+00 -7.4590E-02
    520  1.00E+01  4.49E+03  0.00E+00  0.00E+00  0.00E+00  0.00E+00 -7.4751E-02
    521  1.00E+01  4.50E+03  0.00E+00  0.00E+00  0.00E+00  0.00E+00 -7.4911E-02
    522  1.00E+01  4.51E+03  0.00E+00  0.00E+00  0.00E+00  0.00E+00 -7.5072E-02
    523  1.00E+01  4.52E+03  0.00E+00  0.00E+00  0.00E+00  0.00E+00 -7.5233E-02
    524  1.00E+01  4.53E+03  0.00E+00  0.00E+00  0.00E+00  0.00E+00 -7.5393E-02
    525  1.00E+01  4.54E+03  0.00E+00  0.00E+00  0.00E+00  0.00E+00 -7.5554E-02
    526  1.00E+01  4.55E+03  0.00E+00  0.00E+00  0.00E+00  0.00E+00 -7.5715E-02
    527  1.00E+01  4.56E+03  0.00E+00  0.00E+00  0.00E+00  0.00E+00 -7.5875E-02
    528  1.00E+01  4.57E+03  0.00E+00  0.00E+00  0.00E+00  0.00E+00 -7.6036E-02
    529  1.00E+01  4.58E+03  0.00E+00  0.00E+00  0.00E+00  0.00E+00 -7.6196E-02
    530  1.00E+01  4.59E+03  0.00E+00  0.00E+00  0.00E+00  0.00E+00 -7.6357E-02
    531  1.00E+01  4.60E+03  0.00E+00  0.00E+00  0.00E+00  0.00E+00 -7.6517E-02
    532  1.00E+01  4.61E+03  0.00E+00  0.00E+00  0.00E+00  0.00E+00 -7.6678E-02
    533  1.00E+01  4.62E+03  0.00E+00  0.00E+00  0.00E+00  0.00E+00 -7.6838E-02
    534  1.00E+01  4.63E+03  0.00E+00  0.00E+00  0.00E+00  0.00E+00 -7.6999E-02
    535  1.00E+01  4.64E+03  0.00E+00  0.00E+00  0.00E+00  0.00E+00 -7.7159E-02
    536  1.00E+01  4.65E+03  0.00E+00  0.00E+00  0.00E+00  0.00E+00 -7.7319E-02
    537  1.00E+01  4.66E+03  0.00E+00  0.00E+00  0.00E+00  0.00E+00 -7.7480E-02
    538  1.00E+01  4.67E+03  0.00E+00  0.00E+00  0.00E+00  0.00E+00 -7.7640E-02
    539  1.00E+01  4.68E+03  0.00E+00  0.00E+00  0.00E+00  0.00E+00 -7.7800E-02
    540  1.00E+01  4.69E+03  0.00E+00  0.00E+00  0.00E+00  0.00E+00 -7.7961E-02
    541  1.00E+01  4.70E+03  0.00E+00  0.00E+00  0.00E+00  0.00E+00 -7.8121E-02
    542  1.00E+01  4.71E+03  0.00E+00  0.00E+00  0.00E+00  0.00E+00 -7.8281E-02
    543  1.00E+01  4.72E+03  0.00E+00  0.00E+00  0.00E+00  0.00E+00 -7.8442E-02
    544  1.00E+01  4.73E+03  0.00E+00  0.00E+00  0.00E+00  0.00E+00 -7.8602E-02
    545  1.00E+01  4.74E+03  0.00E+00  0.00E+00  0.00E+00  0.00E+00 -7.8762E-02
    546  1.00E+01  4.75E+03  0.00E+00  0.00E+00  0.00E+00  0.00E+00 -7.8922E-02
    547  1.00E+01  4.76E+03  0.00E+00  0.00E+00  0.00E+00  0.00E+00 -7.9082E-02
    548  1.00E+01  4.77E+03  0.00E+00  0.00E+00  0.00E+00  0.00E+00 -7.9242E-02
    549  1.00E+01  4.78E+03  0.00E+00  0.00E+00  0.00E+00  0.00E+00 -7.9403E-02
    550  1.00E+01  4.79E+03  0.00E+00  0.00E+00  0.00E+00  0.00E+00 -7.9563E-02
    551  1.00E+01  4.80E+03  0.00E+00  0.00E+00  0.00E+00  0.00E+00 -7.9723E-02
    552  1.00E+01  4.81E+03  0.00E+00  0.00E+00  0.00E+00  0.00E+00 -7.9883E-02
    553  1.00E+01  4.82E+03  0.00E+00  0.00E+00  0.00E+00  0.00E+00 -8.0043E-02
    554  1.00E+01  4.83E+03  0.00E+00  0.00E+00  0.00E+00  0.00E+00 -8.0203E-02
    555  1.00E+01  4.84E+03  0.00E+00  0.00E+00  0.00E+00  0.00E+00 -8.0363E-02
    556  1.00E+01  4.85E+03  0.00E+00  0.00E+00  0.00E+00  0.00E+00 -8.0523E-02
    557  1.00E+01  4.86E+03  0.00E+00  0.00E+00  0.00E+00  0.00E+00 -8.0683E-02
    558  1.00E+01  4.87E+03  0.00E+00  0.00E+00  0.00E+00  0.00E+00 -8.0843E-02
    559  1.00E+01  4.88E+03  0.00E+00  0.00E+00  0.00E+00  0.00E+00 -8.1003E-02
    560  1.00E+01  4.89E+03  0.00E+00  0.00E+00  0.00E+00  0.00E+00 -8.1162E-02
    561  1.00E+01  4.90E+03  0.00E+00  0.00E+00  0.00E+00  0.00E+00 -8.1322E-02
    562  1.00E+01  4.91E+03  0.00E+00  0.00E+00  0.00E+00  0.00E+00 -8.1482E-02
    563  1.00E+01  4.92E+03  0.00E+00  0.00E+00  0.00E+00  0.00E+00 -8.1642E-02
    564  1.00E+01  4.93E+03  0.00E+00  0.00E+00  0.00E+00  0.00E+00 -8.1802E-02
    565  1.00E+01  4.94E+03  0.00E+00  0.00E+00  0.00E+00  0.00E+00 -8.1961E-02
    566  1.00E+01  4.95E+03  0.00E+00  0.00E+00  0.00E+00  0.00E+00 -8.2121E-02
    567  1.00E+01  4.96E+03  0.00E+00  0.00E+00  0.00E+00  0.00E+00 -8.2281E-02
    568  1.00E+01  4.97E+03  0.00E+00  0.00E+00  0.00E+00  0.00E+00 -8.2441E-02
    569  1.00E+01  4.98E+03  0.00E+00  0.00E+00  0.00E+00  0.00E+00 -8.2600E-02
    570  1.00E+01  4.99E+03  0.00E+00  0.00E+00  0.00E+00  0.00E+00 -8.2760E-02
    571  1.00E+01  5.00E+03  0.00E+00  0.00E+00  0.00E+00  0.00E+00 -8.2920E-02
    572  1.00E+01  5.01E+03  0.00E+00  0.00E+00  0.00E+00  0.00E+00 -8.3079E-02
    573  1.00E+01  5.02E+03  0.00E+00  0.00E+00  0.00E+00  0.00E+00 -8.3239E-02
    574  1.00E+01  5.03E+03  0.00E+00  0.00E+00  0.00E+00  0.00E+00 -8.3398E-02
    575  1.00E+01  5.04E+03  0.00E+00  0.00E+00  0.00E+00  0.00E+00 -8.3558E-02
    576  1.00E+01  5.05E+03  0.00E+00  0.00E+00  0.00E+00  0.00E+00 -8.3717E-02
    577  1.00E+01  5.06E+03  0.00E+00  0.00E+00  0.00E+00  0.00E+00 -8.3877E-02
    578  1.00E+01  5.07E+03  0.00E+00  0.00E+00  0.00E+00  0.00E+00 -8.4036E-02
    579  1.00E+01  5.08E+03  0.00E+00  0.00E+00  0.00E+00  0.00E+00 -8.4196E-02
    580  1.00E+01  5.09E+03  0.00E+00  0.00E+00  0.00E+00  0.00E+00 -8.4355E-02
    581  1.00E+01  5.10E+03  0.00E+00  0.00E+00  0.00E+00  0.00E+00 -8.4515E-02
    582  1.00E+01  5.11E+03  0.00E+00  0.00E+00  0.00E+00  0.00E+00 -8.4674E-02
    583  1.00E+01  5.12E+03  0.00E+00  0.00E+00  0.00E+00  0.00E+00 -8.4833E-02
    584  1.00E+01  5.13E+03  0.00E+00  0.00E+00  0.00E+00  0.00E+00 -8.4993E-02
    585  1.00E+01  5.14E+03  0.00E+00  0.00E+00  0.00E+00  0.00E+00 -8.5152E-02
    586  1.00E+01  5.15E+03  0.00E+00  0.00E+00  0.00E+00  0.00E+00 -8.5311E-02
    587  1.00E+01  5.16E+03  0.00E+00  0.00E+00  0.00E+00  0.00E+00 -8.5471E-02
    588  1.00E+01  5.17E+03  0.00E+00  0.00E+00  0.00E+00  0.00E+00 -8.5630E-02
    589  1.00E+01  5.18E+03  0.00E+00  0.00E+00  0.00E+00  0.00E+00 -8.5789E-02
    590  1.00E+01  5.19E+03  0.00E+00  0.00E+00  0.00E+00  0.00E+00 -8.5948E-02
    591  1.00E+01  5.20E+03  0.00E+00  0.00E+00  0.00E+00  0.00E+00 -8.6108E-02
    592  1.00E+01  5.21E+03  0.00E+00  0.00E+00  0.00E+00  0.00E+00 -8.6267E-02
    593  1.00E+01  5.22E+03  0.00E+00  0.00E+00  0.00E+00  0.00E+00 -8.6426E-02
    594  1.00E+01  5.23E+03  0.00E+00  0.00E+00  0.00E+00  0.00E+00 -8.6585E-02
    595  1.00E+01  5.24E+03  0.00E+00  0.00E+00  0.00E+00  0.00E+00 -8.6744E-02
    596  1.00E+01  5.25E+03  0.00E+00  0.00E+00  0.00E+00  0.00E+00 -8.6903E-02
    597  1.00E+01  5.26E+03  0.00E+00  0.00E+00  0.00E+00  0.00E+00 -8.7062E-02
    598  1.00E+01  5.27E+03  0.00E+00  0.00E+00  0.00E+00  0.00E+00 -8.7221E-02
    599  1.00E+01  5.28E+03  0.00E+00  0.00E+00  0.00E+00  0.00E+00 -8.7381E-02
    600  1.00E+01  5.29E+03  0.00E+00  0.00E+00  0.00E+00  0.00E+00 -8.7540E-02
    601  1.00E+01  5.30E+03  0.00E+00  0.00E+00  0.00E+00  0.00E+00 -8.7699E-02
    602  1.00E+01  5.31E+03  0.00E+00  0.00E+00  0.00E+00  0.00E+00 -8.7857E-02
    603  1.00E+01  5.32E+03  0.00E+00  0.00E+00  0.00E+00  0.00E+00 -8.8016E-02
    604  1.00E+01  5.33E+03  0.00E+00  0.00E+00  0.00E+00  0.00E+00 -8.8175E-02
    605  1.00E+01  5.34E+03  0.00E+00  0.00E+00  0.00E+00  0.00E+00 -8.8334E-02
    606  1.00E+01  5.35E+03  0.00E+00  0.00E+00  0.00E+00  0.00E+00 -8.8493E-02
    607  1.00E+01  5.36E+03  0.00E+00  0.00E+00  0.00E+00  0.00E+00 -8.8652E-02
    608  1.00E+01  5.37E+03  0.00E+00  0.00E+00  0.00E+00  0.00E+00 -8.8811E-02
    609  1.00E+01  5.38E+03  0.00E+00  0.00E+00  0.00E+00  0.00E+00 -8.8970E-02
    610  1.00E+01  5.39E+03  0.00E+00  0.00E+00  0.00E+00  0.00E+00 -8.9128E-02
    611  1.00E+01  5.40E+03  0.00E+00  0.00E+00  0.00E+00  0.00E+00 -8.9287E-02
    612  1.00E+01  5.41E+03  0.00E+00  0.00E+00  0.00E+00  0.00E+00 -8.9446E-02
    613  1.00E+01  5.42E+03  0.00E+00  0.00E+00  0.00E+00  0.00E+00 -8.9605E-02
    614  1.00E+01  5.43E+03  0.00E+00  0.00E+00  0.00E+00  0.00E+00 -8.9763E-02
    615  1.00E+01  5.44E+03  0.00E+00  0.00E+00  0.00E+00  0.00E+00 -8.9922E-02
    616  1.00E+01  5.45E+03  0.00E+00  0.00E+00  0.00E+00  0.00E+00 -9.0081E-02
    617  1.00E+01  5.46E+03  0.00E+00  0.00E+00  0.00E+00  0.00E+00 -9.0239E-02
    618  1.00E+01  5.47E+03  0.00E+00  0.00E+00  0.00E+00  0.00E+00 -9.0398E-02
    619  1.00E+01  5.48E+03  0.00E+00  0.00E+00  0.00E+00  0.00E+00 -9.0557E-02
    620  1.00E+01  5.49E+03  0.00E+00  0.00E+00  0.00E+00  0.00E+00 -9.0715E-02
    621  1.00E+01  5.50E+03  0.00E+00  0.00E+00  0.00E+00  0.00E+00 -9.0874E-02
    622  1.00E+01  5.51E+03  0.00E+00  0.00E+00  0.00E+00  0.00E+00 -9.1032E-02
    623  1.00E+01  5.52E+03  0.00E+00  0.00E+00  0.00E+00  0.00E+00 -9.1191E-02
    624  1.00E+01  5.53E+03  0.00E+00  0.00E+00  0.00E+00  0.00E+00 -9.1349E-02
    625  1.00E+01  5.54E+03  0.00E+00  0.00E+00  0.00E+00  0.00E+00 -9.1508E-02
    626  1.00E+01  5.55E+03  0.00E+00  0.00E+00  0.00E+00  0.00E+00 -9.1666E-02
    627  1.00E+01  5.56E+03  0.00E+00  0.00E+00  0.00E+00  0.00E+00 -9.1825E-02
    628  1.00E+01  5.57E+03  0.00E+00  0.00E+00  0.00E+00  0.00E+00 -9.1983E-02
    629  1.00E+01  5.58E+03  0.00E+00  0.00E+00  0.00E+00  0.00E+00 -9.2141E-02
    630  1.00E+01  5.59E+03  0.00E+00  0.00E+00  0.00E+00  0.00E+00 -9.2300E-02
    631  1.00E+01  5.60E+03  0.00E+00  0.00E+00  0.00E+00  0.00E+00 -9.2458E-02
    632  1.00E+01  5.61E+03  0.00E+00  0.00E+00  0.00E+00  0.00E+00 -9.2616E-02
    633  1.00E+01  5.62E+03  0.00E+00  0.00E+00  0.00E+00  0.00E+00 -9.2775E-02
    634  1.00E+01  5.63E+03  0.00E+00  0.00E+00  0.00E+00  0.00E+00 -9.2933E-02
    635  1.00E+01  5.64E+03  0.00E+00  0.00E+00  0.00E+00  0.00E+00 -9.3091E-02
    636  1.00E+01  5.65E+03  0.00E+00  0.00E+00  0.00E+00  0.00E+00 -9.3249E-02
    637  1.00E+01  5.66E+03  0.00E+00  0.00E+00  0.00E+00  0.00E+00 -9.3408E-02
    638  1.00E+01  5.67E+03  0.00E+00  0.00E+00  0.00E+00  0.00E+00 -9.3566E-02
    639  1.00E+01  5.68E+03  0.00E+00  0.00E+00  0.00E+00  0.00E+00 -9.3724E-02
    640  1.00E+01  5.69E+03  0.00E+00  0.00E+00  0.00E+00  0.00E+00 -9.3882E-02
    641  1.00E+01  5.70E+03  0.00E+00  0.00E+00  0.00E+00  0.00E+00 -9.4040E-02
    642  1.00E+01  5.71E+03  0.00E+00  0.00E+00  0.00E+00  0.00E+00 -9.4198E-02
    643  1.00E+01  5.72E+03  0.00E+00  0.00E+00  0.00E+00  0.00E+00 -9.4356E-02
    644  1.00E+01  5.73E+03  0.00E+00  0.00E+00  0.00E+00  0.00E+00 -9.4515E-02
    645  1.00E+01  5.74E+03  0.00E+00  0.00E+00  0.00E+00  0.00E+00 -9.4673E-02
    646  1.00E+01  5.75E+03  0.00E+00  0.00E+00  0.00E+00  0.00E+00 -9.4831E-02
    647  1.00E+01  5.76E+03  0.00E+00  0.00E+00  0.00E+00  0.00E+00 -9.4989E-02
    648  1.00E+01  5.77E+03  0.00E+00  0.00E+00  0.00E+00  0.00E+00 -9.5147E-02
    649  1.00E+01  5.78E+03  0.00E+00  0.00E+00  0.00E+00  0.00E+00 -9.5305E-02
    650  1.00E+01  5.79E+03  0.00E+00  0.00E+00  0.00E+00  0.00E+00 -9.5462E-02
    651  1.00E+01  5.80E+03  0.00E+00  0.00E+00  0.00E+00  0.00E+00 -9.5620E-02
    652  1.00E+01  5.81E+03  0.00E+00  0.00E+00  0.00E+00  0.00E+00 -9.5778E-02
    653  1.00E+01  5.82E+03  0.00E+00  0.00E+00  0.00E+00  0.00E+00 -9.5936E-02
    654  1.00E+01  5.83E+03  0.00E+00  0.00E+00  0.00E+00  0.00E+00 -9.6094E-02
    655  1.00E+01  5.84E+03  0.00E+00  0.00E+00  0.00E+00  0.00E+00 -9.6252E-02
    656  1.00E+01  5.85E+03  0.00E+00  0.00E+00  0.00E+00  0.00E+00 -9.6410E-02
    657  1.00E+01  5.86E+03  0.00E+00  0.00E+00  0.00E+00  0.00E+00 -9.6567E-02
    658  1.00E+01  5.87E+03  0.00E+00  0.00E+00  0.00E+00  0.00E+00 -9.6725E-02
    659  1.00E+01  5.88E+03  0.00E+00  0.00E+00  0.00E+00  0.00E+00 -9.6883E-02
    660  1.00E+01  5.89E+03  0.00E+00  0.00E+00  0.00E+00  0.00E+00 -9.7041E-02
    661  1.00E+01  5.90E+03  0.00E+00  0.00E+00  0.00E+00  0.00E+00 -9.7198E-02
    662  1.00E+01  5.91E+03  0.00E+00  0.00E+00  0.00E+00  0.00E+00 -9.7356E-02
    663  1.00E+01  5.92E+03  0.00E+00  0.00E+00  0.00E+00  0.00E+00 -9.7514E-02
    664  1.00E+01  5.93E+03  0.00E+00  0.00E+00  0.00E+00  0.00E+00 -9.7671E-02
    665  1.00E+01  5.94E+03  0.00E+00  0.00E+00  0.00E+00  0.00E+00 -9.7829E-02
    666  1.00E+01  5.95E+03  0.00E+00  0.00E+00  0.00E+00  0.00E+00 -9.7986E-02
    667  1.00E+01  5.96E+03  0.00E+00  0.00E+00  0.00E+00  0.00E+00 -9.8144E-02
    668  1.00E+01  5.97E+03  0.00E+00  0.00E+00  0.00E+00  0.00E+00 -9.8302E-02
    669  1.00E+01  5.98E+03  0.00E+00  0.00E+00  0.00E+00  0.00E+00 -9.8459E-02
    670  1.00E+01  5.99E+03  0.00E+00  0.00E+00  0.00E+00  0.00E+00 -9.8617E-02
    671  1.00E+01  6.00E+03  0.00E+00  0.00E+00  0.00E+00  0.00E+00 -9.8774E-02
    672  1.00E+01  6.01E+03  0.00E+00  0.00E+00  0.00E+00  0.00E+00 -9.8932E-02
    673  1.00E+01  6.02E+03  0.00E+00  0.00E+00  0.00E+00  0.00E+00 -9.9089E-02
    674  1.00E+01  6.03E+03  0.00E+00  0.00E+00  0.00E+00  0.00E+00 -9.9246E-02
    675  1.00E+01  6.04E+03  0.00E+00  0.00E+00  0.00E+00  0.00E+00 -9.9404E-02
    676  1.00E+01  6.05E+03  0.00E+00  0.00E+00  0.00E+00  0.00E+00 -9.9561E-02
    677  1.00E+01  6.06E+03  0.00E+00  0.00E+00  0.00E+00  0.00E+00 -9.9718E-02
    678  1.00E+01  6.07E+03  0.00E+00  0.00E+00  0.00E+00  0.00E+00 -9.9876E-02
    679  1.00E+01  6.08E+03  0.00E+00  0.00E+00  0.00E+00  0.00E+00 -1.0003E-01
    680  1.00E+01  6.09E+03  0.00E+00  0.00E+00  0.00E+00  0.00E+00 -1.0019E-01
    681  1.00E+01  6.10E+03  0.00E+00  0.00E+00  0.00E+00  0.00E+00 -1.0035E-01
    682  1.00E+01  6.11E+03  0.00E+00  0.00E+00  0.00E+00  0.00E+00 -1.0050E-01
    683  1.00E+01  6.12E+03  0.00E+00  0.00E+00  0.00E+00  0.00E+00 -1.0066E-01
    684  1.00E+01  6.13E+03  0.00E+00  0.00E+00  0.00E+00  0.00E+00 -1.0082E-01
    685  1.00E+01  6.14E+03  0.00E+00  0.00E+00  0.00E+00  0.00E+00 -1.0098E-01
    686  1.00E+01  6.15E+03  0.00E+00  0.00E+00  0.00E+00  0.00E+00 -1.0113E-01
    687  1.00E+01  6.16E+03  0.00E+00  0.00E+00  0.00E+00  0.00E+00 -1.0129E-01
    688  1.00E+01  6.17E+03  0.00E+00  0.00E+00  0.00E+00  0.00E+00 -1.0145E-01
    689  1.00E+01  6.18E+03  0.00E+00  0.00E+00  0.00E+00  0.00E+00 -1.0161E-01
    690  1.00E+01  6.19E+03  0.00E+00  0.00E+00  0.00E+00  0.00E+00 -1.0176E-01
    691  1.00E+01  6.20E+03  0.00E+00  0.00E+00  0.00E+00  0.00E+00 -1.0192E-01
    692  1.00E+01  6.21E+03  0.00E+00  0.00E+00  0.00E+00  0.00E+00 -1.0208E-01
    693  1.00E+01  6.22E+03  0.00E+00  0.00E+00  0.00E+00  0.00E+00 -1.0223E-01
    694  1.00E+01  6.23E+03  0.00E+00  0.00E+00  0.00E+00  0.00E+00 -1.0239E-01
    695  1.00E+01  6.24E+03  0.00E+00  0.00E+00  0.00E+00  0.00E+00 -1.0255E-01
    696  1.00E+01  6.25E+03  0.00E+00  0.00E+00  0.00E+00  0.00E+00 -1.0270E-01
    697  1.00E+01  6.26E+03  0.00E+00  0.00E+00  0.00E+00  0.00E+00 -1.0286E-01
    698  1.00E+01  6.27E+03  0.00E+00  0.00E+00  0.00E+00  0.00E+00 -1.0302E-01
    699  1.00E+01  6.28E+03  0.00E+00  0.00E+00  0.00E+00  0.00E+00 -1.0317E-01
    700  1.00E+01  6.29E+03  0.00E+00  0.00E+00  0.00E+00  0.00E+00 -1.0333E-01
    701  1.00E+01  6.30E+03  0.00E+00  0.00E+00  0.00E+00  0.00E+00 -1.0349E-01
    702  1.00E+01  6.31E+03  0.00E+00  0.00E+00  0.00E+00  0.00E+00 -1.0365E-01
    703  1.00E+01  6.32E+03  0.00E+00  0.00E+00  0.00E+00  0.00E+00 -1.0380E-01
    704  1.00E+01  6.33E+03  0.00E+00  0.00E+00  0.00E+00  0.00E+00 -1.0396E-01
    705  1.00E+01  6.34E+03  0.00E+00  0.00E+00  0.00E+00  0.00E+00 -1.0412E-01
    706  1.00E+01  6.35E+03  0.00E+00  0.00E+00  0.00E+00  0.00E+00 -1.0427E-01
    707  1.00E+01  6.36E+03  0.00E+00  0.00E+00  0.00E+00  0.00E+00 -1.0443E-01
    708  1.00E+01  6.37E+03  0.00E+00  0.00E+00  0.00E+00  0.00E+00 -1.0459E-01
    709  1.00E+01  6.38E+03  0.00E+00  0.00E+00  0.00E+00  0.00E+00 -1.0474E-01
    710  1.00E+01  6.39E+03  0.00E+00  0.00E+00  0.00E+00  0.00E+00 -1.0490E-01
    711  1.00E+01  6.40E+03  0.00E+00  0.00E+00  0.00E+00  0.00E+00 -1.0506E-01
    712  1.00E+01  6.41E+03  0.00E+00  0.00E+00  0.00E+00  0.00E+00 -1.0521E-01
    713  1.00E+01  6.42E+03  0.00E+00  0.00E+00  0.00E+00  0.00E+00 -1.0537E-01
    714  1.00E+01  6.43E+03  0.00E+00  0.00E+00  0.00E+00  0.00E+00 -1.0553E-01
    715  1.00E+01  6.44E+03  0.00E+00  0.00E+00  0.00E+00  0.00E+00 -1.0568E-01
    716  1.00E+01  6.45E+03  0.00E+00  0.00E+00  0.00E+00  0.00E+00 -1.0584E-01
    717  1.00E+01  6.46E+03  0.00E+00  0.00E+00  0.00E+00  0.00E+00 -1.0599E-01
    718  1.00E+01  6.47E+03  0.00E+00  0.00E+00  0.00E+00  0.00E+00 -1.0615E-01
    719  1.00E+01  6.48E+03  0.00E+00  0.00E+00  0.00E+00  0.00E+00 -1.0631E-01
    720  1.00E+01  6.49E+03  0.00E+00  0.00E+00  0.00E+00  0.00E+00 -1.0646E-01
    721  1.00E+01  6.50E+03  0.00E+00  0.00E+00  0.00E+00  0.00E+00 -1.0662E-01
    722  1.00E+01  6.51E+03  0.00E+00  0.00E+00  0.00E+00  0.00E+00 -1.0678E-01
    723  1.00E+01  6.52E+03  0.00E+00  0.00E+00  0.00E+00  0.00E+00 -1.0693E-01
    724  1.00E+01  6.53E+03  0.00E+00  0.00E+00  0.00E+00  0.00E+00 -1.0709E-01
    725  1.00E+01  6.54E+03  0.00E+00  0.00E+00  0.00E+00  0.00E+00 -1.0725E-01
    726  1.00E+01  6.55E+03  0.00E+00  0.00E+00  0.00E+00  0.00E+00 -1.0740E-01
    727  1.00E+01  6.56E+03  0.00E+00  0.00E+00  0.00E+00  0.00E+00 -1.0756E-01
    728  1.00E+01  6.57E+03  0.00E+00  0.00E+00  0.00E+00  0.00E+00 -1.0772E-01
    729  1.00E+01  6.58E+03  0.00E+00  0.00E+00  0.00E+00  0.00E+00 -1.0787E-01
    730  1.00E+01  6.59E+03  0.00E+00  0.00E+00  0.00E+00  0.00E+00 -1.0803E-01
    731  1.00E+01  6.60E+03  0.00E+00  0.00E+00  0.00E+00  0.00E+00 -1.0818E-01
    732  1.00E+01  6.61E+03  0.00E+00  0.00E+00  0.00E+00  0.00E+00 -1.0834E-01
    733  1.00E+01  6.62E+03  0.00E+00  0.00E+00  0.00E+00  0.00E+00 -1.0850E-01
    734  1.00E+01  6.63E+03  0.00E+00  0.00E+00  0.00E+00  0.00E+00 -1.0865E-01
    735  1.00E+01  6.64E+03  0.00E+00  0.00E+00  0.00E+00  0.00E+00 -1.0881E-01
    736  1.00E+01  6.65E+03  0.00E+00  0.00E+00  0.00E+00  0.00E+00 -1.0896E-01
    737  1.00E+01  6.66E+03  0.00E+00  0.00E+00  0.00E+00  0.00E+00 -1.0912E-01
    738  1.00E+01  6.67E+03  0.00E+00  0.00E+00  0.00E+00  0.00E+00 -1.0928E-01
    739  1.00E+01  6.68E+03  0.00E+00  0.00E+00  0.00E+00  0.00E+00 -1.0943E-01
    740  1.00E+01  6.69E+03  0.00E+00  0.00E+00  0.00E+00  0.00E+00 -1.0959E-01
    741  1.00E+01  6.70E+03  0.00E+00  0.00E+00  0.00E+00  0.00E+00 -1.0974E-01
    742  1.00E+01  6.71E+03  0.00E+00  0.00E+00  0.00E+00  0.00E+00 -1.0990E-01
    743  1.00E+01  6.72E+03  0.00E+00  0.00E+00  0.00E+00  0.00E+00 -1.1006E-01
    744  1.00E+01  6.73E+03  0.00E+00  0.00E+00  0.00E+00  0.00E+00 -1.1021E-01
    745  1.00E+01  6.74E+03  0.00E+00  0.00E+00  0.00E+00  0.00E+00 -1.1037E-01
    746  1.00E+01  6.75E+03  0.00E+00  0.00E+00  0.00E+00  0.00E+00 -1.1052E-01
    747  1.00E+01  6.76E+03  0.00E+00  0.00E+00  0.00E+00  0.00E+00 -1.1068E-01
    748  1.00E+01  6.77E+03  0.00E+00  0.00E+00  0.00E+00  0.00E+00 -1.1084E-01
    749  1.00E+01  6.78E+03  0.00E+00  0.00E+00  0.00E+00  0.00E+00 -1.1099E-01
    750  1.00E+01  6.79E+03  0.00E+00  0.00E+00  0.00E+00  0.00E+00 -1.1115E-01
    751  1.00E+01  6.80E+03  0.00E+00  0.00E+00  0.00E+00  0.00E+00 -1.1130E-01
    752  1.00E+01  6.81E+03  0.00E+00  0.00E+00  0.00E+00  0.00E+00 -1.1146E-01
    753  1.00E+01  6.82E+03  0.00E+00  0.00E+00  0.00E+00  0.00E+00 -1.1161E-01
    754  1.00E+01  6.83E+03  0.00E+00  0.00E+00  0.00E+00  0.00E+00 -1.1177E-01
    755  1.00E+01  6.84E+03  0.00E+00  0.00E+00  0.00E+00  0.00E+00 -1.1193E-01
    756  1.00E+01  6.85E+03  0.00E+00  0.00E+00  0.00E+00  0.00E+00 -1.1208E-01
    757  1.00E+01  6.86E+03  0.00E+00  0.00E+00  0.00E+00  0.00E+00 -1.1224E-01
    758  1.00E+01  6.87E+03  0.00E+00  0.00E+00  0.00E+00  0.00E+00 -1.1239E-01
    759  1.00E+01  6.88E+03  0.00E+00  0.00E+00  0.00E+00  0.00E+00 -1.1255E-01
    760  1.00E+01  6.89E+03  0.00E+00  0.00E+00  0.00E+00  0.00E+00 -1.1270E-01
    761  1.00E+01  6.90E+03  0.00E+00  0.00E+00  0.00E+00  0.00E+00 -1.1286E-01
    762  1.00E+01  6.91E+03  0.00E+00  0.00E+00  0.00E+00  0.00E+00 -1.1302E-01
    763  1.00E+01  6.92E+03  0.00E+00  0.00E+00  0.00E+00  0.00E+00 -1.1317E-01
    764  1.00E+01  6.93E+03  0.00E+00  0.00E+00  0.00E+00  0.00E+00 -1.1333E-01
    765  1.00E+01  6.94E+03  0.00E+00  0.00E+00  0.00E+00  0.00E+00 -1.1348E-01
    766  1.00E+01  6.95E+03  0.00E+00  0.00E+00  0.00E+00  0.00E+00 -1.1364E-01
    767  1.00E+01  6.96E+03  0.00E+00  0.00E+00  0.00E+00  0.00E+00 -1.1379E-01
    768  1.00E+01  6.97E+03  0.00E+00  0.00E+00  0.00E+00  0.00E+00 -1.1395E-01
    769  1.00E+01  6.98E+03  0.00E+00  0.00E+00  0.00E+00  0.00E+00 -1.1410E-01
    770  1.00E+01  6.99E+03  0.00E+00  0.00E+00  0.00E+00  0.00E+00 -1.1426E-01
    771  1.00E+01  7.00E+03  0.00E+00  0.00E+00  0.00E+00  0.00E+00 -1.1441E-01
    772  1.00E+01  7.01E+03  0.00E+00  0.00E+00  0.00E+00  0.00E+00 -1.1457E-01
    773  1.00E+01  7.02E+03  0.00E+00  0.00E+00  0.00E+00  0.00E+00 -1.1473E-01
    774  1.00E+01  7.03E+03  0.00E+00  0.00E+00  0.00E+00  0.00E+00 -1.1488E-01
    775  1.00E+01  7.04E+03  0.00E+00  0.00E+00  0.00E+00  0.00E+00 -1.1504E-01
    776  1.00E+01  7.05E+03  0.00E+00  0.00E+00  0.00E+00  0.00E+00 -1.1519E-01
    777  1.00E+01  7.06E+03  0.00E+00  0.00E+00  0.00E+00  0.00E+00 -1.1535E-01
    778  1.00E+01  7.07E+03  0.00E+00  0.00E+00  0.00E+00  0.00E+00 -1.1550E-01
    779  1.00E+01  7.08E+03  0.00E+00  0.00E+00  0.00E+00  0.00E+00 -1.1566E-01
    780  1.00E+01  7.09E+03  0.00E+00  0.00E+00  0.00E+00  0.00E+00 -1.1581E-01
    781  1.00E+01  7.10E+03  0.00E+00  0.00E+00  0.00E+00  0.00E+00 -1.1597E-01
    782  1.00E+01  7.11E+03  0.00E+00  0.00E+00  0.00E+00  0.00E+00 -1.1612E-01
    783  1.00E+01  7.12E+03  0.00E+00  0.00E+00  0.00E+00  0.00E+00 -1.1628E-01
    784  1.00E+01  7.13E+03  0.00E+00  0.00E+00  0.00E+00  0.00E+00 -1.1643E-01
    785  1.00E+01  7.14E+03  0.00E+00  0.00E+00  0.00E+00  0.00E+00 -1.1659E-01
    786  1.00E+01  7.15E+03  0.00E+00  0.00E+00  0.00E+00  0.00E+00 -1.1674E-01
    787  1.00E+01  7.16E+03  0.00E+00  0.00E+00  0.00E+00  0.00E+00 -1.1690E-01
    788  1.00E+01  7.17E+03  0.00E+00  0.00E+00  0.00E+00  0.00E+00 -1.1705E-01
    789  1.00E+01  7.18E+03  0.00E+00  0.00E+00  0.00E+00  0.00E+00 -1.1721E-01
    790  1.00E+01  7.19E+03  0.00E+00  0.00E+00  0.00E+00  0.00E+00 -1.1736E-01
    791  1.00E+01  7.20E+03  0.00E+00  0.00E+00  0.00E+00  0.00E+00 -1.1752E-01
    792  1.00E+01  7.21E+03  0.00E+00  0.00E+00  0.00E+00  0.00E+00 -1.1767E-01
    793  1.00E+01  7.22E+03  0.00E+00  0.00E+00  0.00E+00  0.00E+00 -1.1783E-01
    794  1.00E+01  7.23E+03  0.00E+00  0.00E+00  0.00E+00  0.00E+00 -1.1798E-01
    795  1.00E+01  7.24E+03  0.00E+00  0.00E+00  0.00E+00  0.00E+00 -1.1814E-01
    796  1.00E+01  7.25E+03  0.00E+00  0.00E+00  0.00E+00  0.00E+00 -1.1829E-01
    797  1.00E+01  7.26E+03  0.00E+00  0.00E+00  0.00E+00  0.00E+00 -1.1845E-01
    798  1.00E+01  7.27E+03  0.00E+00  0.00E+00  0.00E+00  0.00E+00 -1.1860E-01
    799  1.00E+01  7.28E+03  0.00E+00  0.00E+00  0.00E+00  0.00E+00 -1.1876E-01
    800  1.00E+01  7.29E+03  0.00E+00  0.00E+00  0.00E+00  0.00E+00 -1.1891E-01
    801  1.00E+01  7.30E+03  0.00E+00  0.00E+00  0.00E+00  0.00E+00 -1.1907E-01
    802  1.00E+01  7.31E+03  0.00E+00  0.00E+00  0.00E+00  0.00E+00 -1.1922E-01
    803  1.00E+01  7.32E+03  0.00E+00  0.00E+00  0.00E+00  0.00E+00 -1.1938E-01
    804  1.00E+01  7.33E+03  0.00E+00  0.00E+00  0.00E+00  0.00E+00 -1.1953E-01
    805  1.00E+01  7.34E+03  0.00E+00  0.00E+00  0.00E+00  0.00E+00 -1.1968E-01
    806  1.00E+01  7.35E+03  0.00E+00  0.00E+00  0.00E+00  0.00E+00 -1.1984E-01
    807  1.00E+01  7.36E+03  0.00E+00  0.00E+00  0.00E+00  0.00E+00 -1.1999E-01
    808  1.00E+01  7.37E+03  0.00E+00  0.00E+00  0.00E+00  0.00E+00 -1.2015E-01
    809  1.00E+01  7.38E+03  0.00E+00  0.00E+00  0.00E+00  0.00E+00 -1.2030E-01
    810  1.00E+01  7.39E+03  0.00E+00  0.00E+00  0.00E+00  0.00E+00 -1.2046E-01
    811  1.00E+01  7.40E+03  0.00E+00  0.00E+00  0.00E+00  0.00E+00 -1.2061E-01
    812  1.00E+01  7.41E+03  0.00E+00  0.00E+00  0.00E+00  0.00E+00 -1.2077E-01
    813  1.00E+01  7.42E+03  0.00E+00  0.00E+00  0.00E+00  0.00E+00 -1.2092E-01
    814  1.00E+01  7.43E+03  0.00E+00  0.00E+00  0.00E+00  0.00E+00 -1.2108E-01
    815  1.00E+01  7.44E+03  0.00E+00  0.00E+00  0.00E+00  0.00E+00 -1.2123E-01
    816  1.00E+01  7.45E+03  0.00E+00  0.00E+00  0.00E+00  0.00E+00 -1.2138E-01
    817  1.00E+01  7.46E+03  0.00E+00  0.00E+00  0.00E+00  0.00E+00 -1.2154E-01
    818  1.00E+01  7.47E+03  0.00E+00  0.00E+00  0.00E+00  0.00E+00 -1.2169E-01
    819  1.00E+01  7.48E+03  0.00E+00  0.00E+00  0.00E+00  0.00E+00 -1.2185E-01
    820  1.00E+01  7.49E+03  0.00E+00  0.00E+00  0.00E+00  0.00E+00 -1.2200E-01
    821  1.00E+01  7.50E+03  0.00E+00  0.00E+00  0.00E+00  0.00E+00 -1.2216E-01
    822  1.00E+01  7.51E+03  0.00E+00  0.00E+00  0.00E+00  0.00E+00 -1.2231E-01
    823  1.00E+01  7.52E+03  0.00E+00  0.00E+00  0.00E+00  0.00E+00 -1.2246E-01
    824  1.00E+01  7.53E+03  0.00E+00  0.00E+00  0.00E+00  0.00E+00 -1.2262E-01
    825  1.00E+01  7.54E+03  0.00E+00  0.00E+00  0.00E+00  0.00E+00 -1.2277E-01
    826  1.00E+01  7.55E+03  0.00E+00  0.00E+00  0.00E+00  0.00E+00 -1.2293E-01
    827  1.00E+01  7.56E+03  0.00E+00  0.00E+00  0.00E+00  0.00E+00 -1.2308E-01
    828  1.00E+01  7.57E+03  0.00E+00  0.00E+00  0.00E+00  0.00E+00 -1.2324E-01
    829  1.00E+01  7.58E+03  0.00E+00  0.00E+00  0.00E+00  0.00E+00 -1.2339E-01
    830  1.00E+01  7.59E+03  0.00E+00  0.00E+00  0.00E+00  0.00E+00 -1.2354E-01
    831  1.00E+01  7.60E+03  0.00E+00  0.00E+00  0.00E+00  0.00E+00 -1.2370E-01
    832  1.00E+01  7.61E+03  0.00E+00  0.00E+00  0.00E+00  0.00E+00 -1.2385E-01
    833  1.00E+01  7.62E+03  0.00E+00  0.00E+00  0.00E+00  0.00E+00 -1.2401E-01
    834  1.00E+01  7.63E+03  0.00E+00  0.00E+00  0.00E+00  0.00E+00 -1.2416E-01
    835  1.00E+01  7.64E+03  0.00E+00  0.00E+00  0.00E+00  0.00E+00 -1.2431E-01
    836  1.00E+01  7.65E+03  0.00E+00  0.00E+00  0.00E+00  0.00E+00 -1.2447E-01
    837  1.00E+01  7.66E+03  0.00E+00  0.00E+00  0.00E+00  0.00E+00 -1.2462E-01
    838  1.00E+01  7.67E+03  0.00E+00  0.00E+00  0.00E+00  0.00E+00 -1.2478E-01
    839  1.00E+01  7.68E+03  0.00E+00  0.00E+00  0.00E+00  0.00E+00 -1.2493E-01
    840  1.00E+01  7.69E+03  0.00E+00  0.00E+00  0.00E+00  0.00E+00 -1.2508E-01
    841  1.00E+01  7.70E+03  0.00E+00  0.00E+00  0.00E+00  0.00E+00 -1.2524E-01
    842  1.00E+01  7.71E+03  0.00E+00  0.00E+00  0.00E+00  0.00E+00 -1.2539E-01
    843  1.00E+01  7.72E+03  0.00E+00  0.00E+00  0.00E+00  0.00E+00 -1.2555E-01
    844  1.00E+01  7.73E+03  0.00E+00  0.00E+00  0.00E+00  0.00E+00 -1.2570E-01
    845  1.00E+01  7.74E+03  0.00E+00  0.00E+00  0.00E+00  0.00E+00 -1.2585E-01
    846  1.00E+01  7.75E+03  0.00E+00  0.00E+00  0.00E+00  0.00E+00 -1.2601E-01
    847  1.00E+01  7.76E+03  0.00E+00  0.00E+00  0.00E+00  0.00E+00 -1.2616E-01
    848  1.00E+01  7.77E+03  0.00E+00  0.00E+00  0.00E+00  0.00E+00 -1.2632E-01
    849  1.00E+01  7.78E+03  0.00E+00  0.00E+00  0.00E+00  0.00E+00 -1.2647E-01
    850  1.00E+01  7.79E+03  0.00E+00  0.00E+00  0.00E+00  0.00E+00 -1.2662E-01
    851  1.00E+01  7.80E+03  0.00E+00  0.00E+00  0.00E+00  0.00E+00 -1.2678E-01
    852  1.00E+01  7.81E+03  0.00E+00  0.00E+00  0.00E+00  0.00E+00 -1.2693E-01
    853  1.00E+01  7.82E+03  0.00E+00  0.00E+00  0.00E+00  0.00E+00 -1.2708E-01
    854  1.00E+01  7.83E+03  0.00E+00  0.00E+00  0.00E+00  0.00E+00 -1.2724E-01
    855  1.00E+01  7.84E+03  0.00E+00  0.00E+00  0.00E+00  0.00E+00 -1.2739E-01
    856  1.00E+01  7.85E+03  0.00E+00  0.00E+00  0.00E+00  0.00E+00 -1.2755E-01
    857  1.00E+01  7.86E+03  0.00E+00  0.00E+00  0.00E+00  0.00E+00 -1.2770E-01
    858  1.00E+01  7.87E+03  0.00E+00  0.00E+00  0.00E+00  0.00E+00 -1.2785E-01
    859  1.00E+01  7.88E+03  0.00E+00  0.00E+00  0.00E+00  0.00E+00 -1.2801E-01
    860  1.00E+01  7.89E+03  0.00E+00  0.00E+00  0.00E+00  0.00E+00 -1.2816E-01
    861  1.00E+01  7.90E+03  0.00E+00  0.00E+00  0.00E+00  0.00E+00 -1.2831E-01
    862  1.00E+01  7.91E+03  0.00E+00  0.00E+00  0.00E+00  0.00E+00 -1.2847E-01
    863  1.00E+01  7.92E+03  0.00E+00  0.00E+00  0.00E+00  0.00E+00 -1.2862E-01
    864  1.00E+01  7.93E+03  0.00E+00  0.00E+00  0.00E+00  0.00E+00 -1.2877E-01
    865  1.00E+01  7.94E+03  0.00E+00  0.00E+00  0.00E+00  0.00E+00 -1.2893E-01
    866  1.00E+01  7.95E+03  0.00E+00  0.00E+00  0.00E+00  0.00E+00 -1.2908E-01
    867  1.00E+01  7.96E+03  0.00E+00  0.00E+00  0.00E+00  0.00E+00 -1.2923E-01
    868  1.00E+01  7.97E+03  0.00E+00  0.00E+00  0.00E+00  0.00E+00 -1.2939E-01
    869  1.00E+01  7.98E+03  0.00E+00  0.00E+00  0.00E+00  0.00E+00 -1.2954E-01
    870  1.00E+01  7.99E+03  0.00E+00  0.00E+00  0.00E+00  0.00E+00 -1.2969E-01
    871  1.00E+01  8.00E+03  0.00E+00  0.00E+00  0.00E+00  0.00E+00 -1.2985E-01
    872  1.00E+01  8.01E+03  0.00E+00  0.00E+00  0.00E+00  0.00E+00 -1.3000E-01
    873  1.00E+01  8.02E+03  0.00E+00  0.00E+00  0.00E+00  0.00E+00 -1.3016E-01
    874  1.00E+01  8.03E+03  0.00E+00  0.00E+00  0.00E+00  0.00E+00 -1.3031E-01
    875  1.00E+01  8.04E+03  0.00E+00  0.00E+00  0.00E+00  0.00E+00 -1.3046E-01
    876  1.00E+01  8.05E+03  0.00E+00  0.00E+00  0.00E+00  0.00E+00 -1.3062E-01
    877  1.00E+01  8.06E+03  0.00E+00  0.00E+00  0.00E+00  0.00E+00 -1.3077E-01
    878  1.00E+01  8.07E+03  0.00E+00  0.00E+00  0.00E+00  0.00E+00 -1.3092E-01
    879  1.00E+01  8.08E+03  0.00E+00  0.00E+00  0.00E+00  0.00E+00 -1.3107E-01
    880  1.00E+01  8.09E+03  0.00E+00  0.00E+00  0.00E+00  0.00E+00 -1.3123E-01
    881  1.00E+01  8.10E+03  0.00E+00  0.00E+00  0.00E+00  0.00E+00 -1.3138E-01
    882  1.00E+01  8.11E+03  0.00E+00  0.00E+00  0.00E+00  0.00E+00 -1.3153E-01
    883  1.00E+01  8.12E+03  0.00E+00  0.00E+00  0.00E+00  0.00E+00 -1.3169E-01
    884  1.00E+01  8.13E+03  0.00E+00  0.00E+00  0.00E+00  0.00E+00 -1.3184E-01
    885  1.00E+01  8.14E+03  0.00E+00  0.00E+00  0.00E+00  0.00E+00 -1.3199E-01
    886  1.00E+01  8.15E+03  0.00E+00  0.00E+00  0.00E+00  0.00E+00 -1.3215E-01
    887  1.00E+01  8.16E+03  0.00E+00  0.00E+00  0.00E+00  0.00E+00 -1.3230E-01
    888  1.00E+01  8.17E+03  0.00E+00  0.00E+00  0.00E+00  0.00E+00 -1.3245E-01
    889  1.00E+01  8.18E+03  0.00E+00  0.00E+00  0.00E+00  0.00E+00 -1.3261E-01
    890  1.00E+01  8.19E+03  0.00E+00  0.00E+00  0.00E+00  0.00E+00 -1.3276E-01
    891  1.00E+01  8.20E+03  0.00E+00  0.00E+00  0.00E+00  0.00E+00 -1.3291E-01
    892  1.00E+01  8.21E+03  0.00E+00  0.00E+00  0.00E+00  0.00E+00 -1.3307E-01
    893  1.00E+01  8.22E+03  0.00E+00  0.00E+00  0.00E+00  0.00E+00 -1.3322E-01
    894  1.00E+01  8.23E+03  0.00E+00  0.00E+00  0.00E+00  0.00E+00 -1.3337E-01
    895  1.00E+01  8.24E+03  0.00E+00  0.00E+00  0.00E+00  0.00E+00 -1.3352E-01
    896  1.00E+01  8.25E+03  0.00E+00  0.00E+00  0.00E+00  0.00E+00 -1.3368E-01
    897  1.00E+01  8.26E+03  0.00E+00  0.00E+00  0.00E+00  0.00E+00 -1.3383E-01
    898  1.00E+01  8.27E+03  0.00E+00  0.00E+00  0.00E+00  0.00E+00 -1.3398E-01
    899  1.00E+01  8.28E+03  0.00E+00  0.00E+00  0.00E+00  0.00E+00 -1.3414E-01
    900  1.00E+01  8.29E+03  0.00E+00  0.00E+00  0.00E+00  0.00E+00 -1.3429E-01
    901  1.00E+01  8.30E+03  0.00E+00  0.00E+00  0.00E+00  0.00E+00 -1.3444E-01
    902  1.00E+01  8.31E+03  0.00E+00  0.00E+00  0.00E+00  0.00E+00 -1.3459E-01
    903  1.00E+01  8.32E+03  0.00E+00  0.00E+00  0.00E+00  0.00E+00 -1.3475E-01
    904  1.00E+01  8.33E+03  0.00E+00  0.00E+00  0.00E+00  0.00E+00 -1.3490E-01
    905  1.00E+01  8.34E+03  0.00E+00  0.00E+00  0.00E+00  0.00E+00 -1.3505E-01
    906  1.00E+01  8.35E+03  0.00E+00  0.00E+00  0.00E+00  0.00E+00 -1.3521E-01
    907  1.00E+01  8.36E+03  0.00E+00  0.00E+00  0.00E+00  0.00E+00 -1.3536E-01
    908  1.00E+01  8.37E+03  0.00E+00  0.00E+00  0.00E+00  0.00E+00 -1.3551E-01
    909  1.00E+01  8.38E+03  0.00E+00  0.00E+00  0.00E+00  0.00E+00 -1.3566E-01
    910  1.00E+01  8.39E+03  0.00E+00  0.00E+00  0.00E+00  0.00E+00 -1.3582E-01
    911  1.00E+01  8.40E+03  0.00E+00  0.00E+00  0.00E+00  0.00E+00 -1.3597E-01
    912  1.00E+01  8.41E+03  0.00E+00  0.00E+00  0.00E+00  0.00E+00 -1.3612E-01
    913  1.00E+01  8.42E+03  0.00E+00  0.00E+00  0.00E+00  0.00E+00 -1.3628E-01
    914  1.00E+01  8.43E+03  0.00E+00  0.00E+00  0.00E+00  0.00E+00 -1.3643E-01
    915  1.00E+01  8.44E+03  0.00E+00  0.00E+00  0.00E+00  0.00E+00 -1.3658E-01
    916  1.00E+01  8.45E+03  0.00E+00  0.00E+00  0.00E+00  0.00E+00 -1.3673E-01
    917  1.00E+01  8.46E+03  0.00E+00  0.00E+00  0.00E+00  0.00E+00 -1.3689E-01
    918  1.00E+01  8.47E+03  0.00E+00  0.00E+00  0.00E+00  0.00E+00 -1.3704E-01
    919  1.00E+01  8.48E+03  0.00E+00  0.00E+00  0.00E+00  0.00E+00 -1.3719E-01
    920  1.00E+01  8.49E+03  0.00E+00  0.00E+00  0.00E+00  0.00E+00 -1.3734E-01
    921  1.00E+01  8.50E+03  0.00E+00  0.00E+00  0.00E+00  0.00E+00 -1.3750E-01
    922  1.00E+01  8.51E+03  0.00E+00  0.00E+00  0.00E+00  0.00E+00 -1.3765E-01
    923  1.00E+01  8.52E+03  0.00E+00  0.00E+00  0.00E+00  0.00E+00 -1.3780E-01
    924  1.00E+01  8.53E+03  0.00E+00  0.00E+00  0.00E+00  0.00E+00 -1.3795E-01
    925  1.00E+01  8.54E+03  0.00E+00  0.00E+00  0.00E+00  0.00E+00 -1.3811E-01
    926  1.00E+01  8.55E+03  0.00E+00  0.00E+00  0.00E+00  0.00E+00 -1.3826E-01
    927  1.00E+01  8.56E+03  0.00E+00  0.00E+00  0.00E+00  0.00E+00 -1.3841E-01
    928  1.00E+01  8.57E+03  0.00E+00  0.00E+00  0.00E+00  0.00E+00 -1.3856E-01
    929  1.00E+01  8.58E+03  0.00E+00  0.00E+00  0.00E+00  0.00E+00 -1.3872E-01
    930  1.00E+01  8.59E+03  0.00E+00  0.00E+00  0.00E+00  0.00E+00 -1.3887E-01
    931  1.00E+01  8.60E+03  0.00E+00  0.00E+00  0.00E+00  0.00E+00 -1.3902E-01
    932  1.00E+01  8.61E+03  0.00E+00  0.00E+00  0.00E+00  0.00E+00 -1.3917E-01
    933  1.00E+01  8.62E+03  0.00E+00  0.00E+00  0.00E+00  0.00E+00 -1.3932E-01
    934  1.00E+01  8.63E+03  0.00E+00  0.00E+00  0.00E+00  0.00E+00 -1.3948E-01
    935  1.00E+01  8.64E+03  0.00E+00  0.00E+00  0.00E+00  0.00E+00 -1.3963E-01
    936  1.00E+01  8.65E+03  0.00E+00  0.00E+00  0.00E+00  0.00E+00 -1.3978E-01
    937  1.00E+01  8.66E+03  0.00E+00  0.00E+00  0.00E+00  0.00E+00 -1.3993E-01
    938  1.00E+01  8.67E+03  0.00E+00  0.00E+00  0.00E+00  0.00E+00 -1.4009E-01
    939  1.00E+01  8.68E+03  0.00E+00  0.00E+00  0.00E+00  0.00E+00 -1.4024E-01
    940  1.00E+01  8.69E+03  0.00E+00  0.00E+00  0.00E+00  0.00E+00 -1.4039E-01
    941  1.00E+01  8.70E+03  0.00E+00  0.00E+00  0.00E+00  0.00E+00 -1.4054E-01
    942  1.00E+01  8.71E+03  0.00E+00  0.00E+00  0.00E+00  0.00E+00 -1.4070E-01
    943  1.00E+01  8.72E+03  0.00E+00  0.00E+00  0.00E+00  0.00E+00 -1.4085E-01
    944  1.00E+01  8.73E+03  0.00E+00  0.00E+00  0.00E+00  0.00E+00 -1.4100E-01
    945  1.00E+01  8.74E+03  0.00E+00  0.00E+00  0.00E+00  0.00E+00 -1.4115E-01
    946  1.00E+01  8.75E+03  0.00E+00  0.00E+00  0.00E+00  0.00E+00 -1.4130E-01
    947  1.00E+01  8.76E+03  0.00E+00  0.00E+00  0.00E+00  0.00E+00 -1.4146E-01
    948  1.00E+01  8.77E+03  0.00E+00  0.00E+00  0.00E+00  0.00E+00 -1.4161E-01
    949  1.00E+01  8.78E+03  0.00E+00  0.00E+00  0.00E+00  0.00E+00 -1.4176E-01
    950  1.00E+01  8.79E+03  0.00E+00  0.00E+00  0.00E+00  0.00E+00 -1.4191E-01
    951  1.00E+01  8.80E+03  0.00E+00  0.00E+00  0.00E+00  0.00E+00 -1.4206E-01
    952  1.00E+01  8.81E+03  0.00E+00  0.00E+00  0.00E+00  0.00E+00 -1.4222E-01
    953  1.00E+01  8.82E+03  0.00E+00  0.00E+00  0.00E+00  0.00E+00 -1.4237E-01
    954  1.00E+01  8.83E+03  0.00E+00  0.00E+00  0.00E+00  0.00E+00 -1.4252E-01
    955  1.00E+01  8.84E+03  0.00E+00  0.00E+00  0.00E+00  0.00E+00 -1.4267E-01
    956  1.00E+01  8.85E+03  0.00E+00  0.00E+00  0.00E+00  0.00E+00 -1.4283E-01
    957  1.00E+01  8.86E+03  0.00E+00  0.00E+00  0.00E+00  0.00E+00 -1.4298E-01
    958  1.00E+01  8.87E+03  0.00E+00  0.00E+00  0.00E+00  0.00E+00 -1.4313E-01
    959  1.00E+01  8.88E+03  0.00E+00  0.00E+00  0.00E+00  0.00E+00 -1.4328E-01
    960  1.00E+01  8.89E+03  0.00E+00  0.00E+00  0.00E+00  0.00E+00 -1.4343E-01
    961  1.00E+01  8.90E+03  0.00E+00  0.00E+00  0.00E+00  0.00E+00 -1.4359E-01
    962  1.00E+01  8.91E+03  0.00E+00  0.00E+00  0.00E+00  0.00E+00 -1.4374E-01
    963  1.00E+01  8.92E+03  0.00E+00  0.00E+00  0.00E+00  0.00E+00 -1.4389E-01
    964  1.00E+01  8.93E+03  0.00E+00  0.00E+00  0.00E+00  0.00E+00 -1.4404E-01
    965  1.00E+01  8.94E+03  0.00E+00  0.00E+00  0.00E+00  0.00E+00 -1.4419E-01
    966  1.00E+01  8.95E+03  0.00E+00  0.00E+00  0.00E+00  0.00E+00 -1.4435E-01
    967  1.00E+01  8.96E+03  0.00E+00  0.00E+00  0.00E+00  0.00E+00 -1.4450E-01
    968  1.00E+01  8.97E+03  0.00E+00  0.00E+00  0.00E+00  0.00E+00 -1.4465E-01
    969  1.00E+01  8.98E+03  0.00E+00  0.00E+00  0.00E+00  0.00E+00 -1.4480E-01
    970  1.00E+01  8.99E+03  0.00E+00  0.00E+00  0.00E+00  0.00E+00 -1.4495E-01
    971  1.00E+01  9.00E+03  0.00E+00  0.00E+00  0.00E+00  0.00E+00 -1.4510E-01
    972  1.00E+01  9.01E+03  0.00E+00  0.00E+00  0.00E+00  0.00E+00 -1.4526E-01
    973  1.00E+01  9.02E+03  0.00E+00  0.00E+00  0.00E+00  0.00E+00 -1.4541E-01
    974  1.00E+01  9.03E+03  0.00E+00  0.00E+00  0.00E+00  0.00E+00 -1.4556E-01
    975  1.00E+01  9.04E+03  0.00E+00  0.00E+00  0.00E+00  0.00E+00 -1.4571E-01
    976  1.00E+01  9.05E+03  0.00E+00  0.00E+00  0.00E+00  0.00E+00 -1.4586E-01
    977  1.00E+01  9.06E+03  0.00E+00  0.00E+00  0.00E+00  0.00E+00 -1.4602E-01
    978  1.00E+01  9.07E+03  0.00E+00  0.00E+00  0.00E+00  0.00E+00 -1.4617E-01
    979  1.00E+01  9.08E+03  0.00E+00  0.00E+00  0.00E+00  0.00E+00 -1.4632E-01
    980  1.00E+01  9.09E+03  0.00E+00  0.00E+00  0.00E+00  0.00E+00 -1.4647E-01
    981  1.00E+01  9.10E+03  0.00E+00  0.00E+00  0.00E+00  0.00E+00 -1.4662E-01
    982  1.00E+01  9.11E+03  0.00E+00  0.00E+00  0.00E+00  0.00E+00 -1.4678E-01
    983  1.00E+01  9.12E+03  0.00E+00  0.00E+00  0.00E+00  0.00E+00 -1.4693E-01
    984  1.00E+01  9.13E+03  0.00E+00  0.00E+00  0.00E+00  0.00E+00 -1.4708E-01
    985  1.00E+01  9.14E+03  0.00E+00  0.00E+00  0.00E+00  0.00E+00 -1.4723E-01
    986  1.00E+01  9.15E+03  0.00E+00  0.00E+00  0.00E+00  0.00E+00 -1.4738E-01
    987  1.00E+01  9.16E+03  0.00E+00  0.00E+00  0.00E+00  0.00E+00 -1.4753E-01
    988  1.00E+01  9.17E+03  0.00E+00  0.00E+00  0.00E+00  0.00E+00 -1.4769E-01
    989  1.00E+01  9.18E+03  0.00E+00  0.00E+00  0.00E+00  0.00E+00 -1.4784E-01
    990  1.00E+01  9.19E+03  0.00E+00  0.00E+00  0.00E+00  0.00E+00 -1.4799E-01
    991  1.00E+01  9.20E+03  0.00E+00  0.00E+00  0.00E+00  0.00E+00 -1.4814E-01
    992  1.00E+01  9.21E+03  0.00E+00  0.00E+00  0.00E+00  0.00E+00 -1.4829E-01
    993  1.00E+01  9.22E+03  0.00E+00  0.00E+00  0.00E+00  0.00E+00 -1.4844E-01
    994  1.00E+01  9.23E+03  0.00E+00  0.00E+00  0.00E+00  0.00E+00 -1.4860E-01
    995  1.00E+01  9.24E+03  0.00E+00  0.00E+00  0.00E+00  0.00E+00 -1.4875E-01
    996  1.00E+01  9.25E+03  0.00E+00  0.00E+00  0.00E+00  0.00E+00 -1.4890E-01
    997  1.00E+01  9.26E+03  0.00E+00  0.00E+00  0.00E+00  0.00E+00 -1.4905E-01
    998  1.00E+01  9.27E+03  0.00E+00  0.00E+00  0.00E+00  0.00E+00 -1.4920E-01
    999  1.00E+01  9.28E+03  0.00E+00  0.00E+00  0.00E+00  0.00E+00 -1.4935E-01
   1000  1.00E+01  9.29E+03  0.00E+00  0.00E+00  0.00E+00  0.00E+00 -1.4951E-01
   1001  1.00E+01  9.30E+03  0.00E+00  0.00E+00  0.00E+00  0.00E+00 -1.4966E-01
   1002  1.00E+01  9.31E+03  0.00E+00  0.00E+00  0.00E+00  0.00E+00 -1.4981E-01
   1003  1.00E+01  9.32E+03  0.00E+00  0.00E+00  0.00E+00  0.00E+00 -1.4996E-01
   1004  1.00E+01  9.33E+03  0.00E+00  0.00E+00  0.00E+00  0.00E+00 -1.5011E-01
   1005  1.00E+01  9.34E+03  0.00E+00  0.00E+00  0.00E+00  0.00E+00 -1.5026E-01
   1006  1.00E+01  9.35E+03  0.00E+00  0.00E+00  0.00E+00  0.00E+00 -1.5041E-01
   1007  1.00E+01  9.36E+03  0.00E+00  0.00E+00  0.00E+00  0.00E+00 -1.5057E-01
   1008  1.00E+01  9.37E+03  0.00E+00  0.00E+00  0.00E+00  0.00E+00 -1.5072E-01
   1009  1.00E+01  9.38E+03  0.00E+00  0.00E+00  0.00E+00  0.00E+00 -1.5087E-01
   1010  1.00E+01  9.39E+03  0.00E+00  0.00E+00  0.00E+00  0.00E+00 -1.5102E-01
   1011  1.00E+01  9.40E+03  0.00E+00  0.00E+00  0.00E+00  0.00E+00 -1.5117E-01
   1012  1.00E+01  9.41E+03  0.00E+00  0.00E+00  0.00E+00  0.00E+00 -1.5132E-01
   1013  1.00E+01  9.42E+03  0.00E+00  0.00E+00  0.00E+00  0.00E+00 -1.5148E-01
   1014  1.00E+01  9.43E+03  0.00E+00  0.00E+00  0.00E+00  0.00E+00 -1.5163E-01
   1015  1.00E+01  9.44E+03  0.00E+00  0.00E+00  0.00E+00  0.00E+00 -1.5178E-01
   1016  1.00E+01  9.45E+03  0.00E+00  0.00E+00  0.00E+00  0.00E+00 -1.5193E-01
   1017  1.00E+01  9.46E+03  0.00E+00  0.00E+00  0.00E+00  0.00E+00 -1.5208E-01
   1018  1.00E+01  9.47E+03  0.00E+00  0.00E+00  0.00E+00  0.00E+00 -1.5223E-01
   1019  1.00E+01  9.48E+03  0.00E+00  0.00E+00  0.00E+00  0.00E+00 -1.5238E-01
   1020  1.00E+01  9.49E+03  0.00E+00  0.00E+00  0.00E+00  0.00E+00 -1.5253E-01
   1021  1.00E+01  9.50E+03  0.00E+00  0.00E+00  0.00E+00  0.00E+00 -1.5269E-01
   1022  1.00E+01  9.51E+03  0.00E+00  0.00E+00  0.00E+00  0.00E+00 -1.5284E-01
   1023  1.00E+01  9.52E+03  0.00E+00  0.00E+00  0.00E+00  0.00E+00 -1.5299E-01
   1024  1.00E+01  9.53E+03  0.00E+00  0.00E+00  0.00E+00  0.00E+00 -1.5314E-01
   1025  1.00E+01  9.54E+03  0.00E+00  0.00E+00  0.00E+00  0.00E+00 -1.5329E-01
   1026  1.00E+01  9.55E+03  0.00E+00  0.00E+00  0.00E+00  0.00E+00 -1.5344E-01
   1027  1.00E+01  9.56E+03  0.00E+00  0.00E+00  0.00E+00  0.00E+00 -1.5359E-01
   1028  1.00E+01  9.57E+03  0.00E+00  0.00E+00  0.00E+00  0.00E+00 -1.5374E-01
   1029  1.00E+01  9.58E+03  0.00E+00  0.00E+00  0.00E+00  0.00E+00 -1.5390E-01
   1030  8.81E+00  9.59E+03  0.00E+00  0.00E+00  0.00E+00  0.00E+00 -1.5403E-01
   1031  8.81E+00  9.60E+03  0.00E+00  0.00E+00  0.00E+00  0.00E+00 -1.5416E-01
