examples/SSHydro/ERA5_ETp_spatially_from_weill/prepro/dem
north:     0
south:     1148850.00000000
east:      0
west:      3308250.00000000
rows:    154
cols:    240
[rows 76 to 94 of 154, columns 0 to 42 of 240]
0.000000000000E+00 0.000000000000E+00 0.000000000000E+00 0.000000000000E+00 0.100001911000E+01 0.100001898000E+01 0.100001885000E+01 0.100001872000E+01 0.100001859000E+01 0.100001846000E+01 0.100001833000E+01 0.100001820000E+01 0.100001807000E+01 0.100001794000E+01 0.100001781000E+01 0.100001768000E+01 0.100001755000E+01 0.100001742000E+01 0.100001729000E+01 0.100001716000E+01 0.100001703000E+01 0.100001690000E+01 0.100001677000E+01 0.100001664000E+01 0.100001651000E+01 0.100001638000E+01 0.100001625000E+01 0.100001612000E+01 0.100001599000E+01 0.100001586000E+01 0.100001573000E+01 0.100001560000E+01 0.100001547000E+01 0.100001534000E+01 0.100001521000E+01 0.100001508000E+01 0.100001495000E+01 0.100001482000E+01 0.100001469000E+01 0.100001456000E+01 0.100001443000E+01 0.100001430000E+01 0.100001417000E+01
0.000000000000E+00 0.000000000000E+00 0.000000000000E+00 0.000000000000E+00 0.100001911000E+01 0.100001898000E+01 0.100001885000E+01 0.100001872000E+01 0.100001859000E+01 0.100001846000E+01 0.100001833000E+01 0.100001820000E+01 0.100001807000E+01 0.100001794000E+01 0.100001781000E+01 0.100001768000E+01 0.100001755000E+01 0.100001742000E+01 0.100001729000E+01 0.100001716000E+01 0.100001703000E+01 0.100001690000E+01 0.100001677000E+01 0.100001664000E+01 0.100001651000E+01 0.100001638000E+01 0.100001625000E+01 0.100001612000E+01 0.100001599000E+01 0.100001586000E+01 0.100001573000E+01 0.100001560000E+01 0.100001547000E+01 0.100001534000E+01 0.100001521000E+01 0.100001508000E+01 0.100001495000E+01 0.100001482000E+01 0.100001469000E+01 0.100001456000E+01 0.100001443000E+01 0.100001430000E+01 0.100001417000E+01
0.000000000000E+00 0.000000000000E+00 0.000000000000E+00 0.000000000000E+00 0.100001911000E+01 0.100001898000E+01 0.100001885000E+01 0.100001872000E+01 0.100001859000E+01 0.100001846000E+01 0.100001833000E+01 0.100001820000E+01 0.100001807000E+01 0.100001794000E+01 0.100001781000E+01 0.100001768000E+01 0.100001755000E+01 0.100001742000E+01 0.100001729000E+01 0.100001716000E+01 0.100001703000E+01 0.100001690000E+01 0.100001677000E+01 0.100001664000E+01 0.100001651000E+01 0.100001638000E+01 0.100001625000E+01 0.100001612000E+01 0.100001599000E+01 0.100001586000E+01 0.100001573000E+01 0.100001560000E+01 0.100001547000E+01 0.100001534000E+01 0.100001521000E+01 0.100001508000E+01 0.100001495000E+01 0.100001482000E+01 0.100001469000E+01 0.100001456000E+01 0.100001443000E+01 0.100001430000E+01 0.100001417000E+01
0.000000000000E+00 0.000000000000E+00 0.000000000000E+00 0.000000000000E+00 0.100001911000E+01 0.100001898000E+01 0.100001885000E+01 0.100001872000E+01 0.100001859000E+01 0.100001846000E+01 0.100001833000E+01 0.100001820000E+01 0.100001807000E+01 0.100001794000E+01 0.100001781000E+01 0.100001768000E+01 0.100001755000E+01 0.100001742000E+01 0.100001729000E+01 0.100001716000E+01 0.100001703000E+01 0.100001690000E+01 0.100001677000E+01 0.100001664000E+01 0.100001651000E+01 0.100001638000E+01 0.100001625000E+01 0.100001612000E+01 0.100001599000E+01 0.100001586000E+01 0.100001573000E+01 0.100001560000E+01 0.100001547000E+01 0.100001534000E+01 0.100001521000E+01 0.100001508000E+01 0.100001495000E+01 0.100001482000E+01 0.100001469000E+01 0.100001456000E+01 0.100001443000E+01 0.100001430000E+01 0.100001417000E+01
0.000000000000E+00 0.000000000000E+00 0.000000000000E+00 0.000000000000E+00 0.100001911000E+01 0.100001898000E+01 0.100001885000E+01 0.100001872000E+01 0.100001859000E+01 0.100001846000E+01 0.100001833000E+01 0.100001820000E+01 0.100001807000E+01 0.100001794000E+01 0.100001781000E+01 0.100001768000E+01 0.100001755000E+01 0.100001742000E+01 0.100001729000E+01 0.100001716000E+01 0.100001703000E+01 0.100001690000E+01 0.100001677000E+01 0.100001664000E+01 0.100001651000E+01 0.100001638000E+01 0.100001625000E+01 0.100001612000E+01 0.100001599000E+01 0.100001586000E+01 0.100001573000E+01 0.100001560000E+01 0.100001547000E+01 0.100001534000E+01 0.100001521000E+01 0.100001508000E+01 0.100001495000E+01 0.100001482000E+01 0.100001469000E+01 0.100001456000E+01 0.100001443000E+01 0.100001430000E+01 0.100001417000E+01
0.000000000000E+00 0.000000000000E+00 0.000000000000E+00 0.000000000000E+00 0.100001911000E+01 0.100001898000E+01 0.100001885000E+01 0.100001872000E+01 0.100001859000E+01 0.100001846000E+01 0.100001833000E+01 0.100001820000E+01 0.100001807000E+01 0.100001794000E+01 0.100001781000E+01 0.100001768000E+01 0.100001755000E+01 0.100001742000E+01 0.100001729000E+01 0.100001716000E+01 0.100001703000E+01 0.100001690000E+01 0.100001677000E+01 0.100001664000E+01 0.100001651000E+01 0.100001638000E+01 0.100001625000E+01 0.100001612000E+01 0.100001599000E+01 0.100001586000E+01 0.100001573000E+01 0.100001560000E+01 0.100001547000E+01 0.100001534000E+01 0.100001521000E+01 0.100001508000E+01 0.100001495000E+01 0.100001482000E+01 0.100001469000E+01 0.100001456000E+01 0.100001443000E+01 0.100001430000E+01 0.100001417000E+01
0.000000000000E+00 0.100001950000E+01 0.100001937000E+01 0.100001924000E+01 0.100001911000E+01 0.100001898000E+01 0.100001885000E+01 0.100001872000E+01 0.100001859000E+01 0.100001846000E+01 0.100001833000E+01 0.100001820000E+01 0.100001807000E+01 0.100001794000E+01 0.100001781000E+01 0.100001768000E+01 0.100001755000E+01 0.100001742000E+01 0.100001729000E+01 0.100001716000E+01 0.100001703000E+01 0.100001690000E+01 0.100001677000E+01 0.100001664000E+01 0.100001651000E+01 0.100001638000E+01 0.100001625000E+01 0.100001612000E+01 0.100001599000E+01 0.100001586000E+01 0.100001573000E+01 0.100001560000E+01 0.100001547000E+01 0.100001534000E+01 0.100001521000E+01 0.100001508000E+01 0.100001495000E+01 0.100001482000E+01 0.100001469000E+01 0.100001456000E+01 0.100001443000E+01 0.100001430000E+01 0.100001417000E+01
0.000000000000E+00 0.100001950000E+01 0.100001937000E+01 0.100001924000E+01 0.100001911000E+01 0.100001898000E+01 0.100001885000E+01 0.100001872000E+01 0.100001859000E+01 0.100001846000E+01 0.100001833000E+01 0.100001820000E+01 0.100001807000E+01 0.100001794000E+01 0.100001781000E+01 0.100001768000E+01 0.100001755000E+01 0.100001742000E+01 0.100001729000E+01 0.100001716000E+01 0.100001703000E+01 0.100001690000E+01 0.100001677000E+01 0.100001664000E+01 0.100001651000E+01 0.100001638000E+01 0.100001625000E+01 0.100001612000E+01 0.100001599000E+01 0.100001586000E+01 0.100001573000E+01 0.100001560000E+01 0.100001547000E+01 0.100001534000E+01 0.100001521000E+01 0.100001508000E+01 0.100001495000E+01 0.100001482000E+01 0.100001469000E+01 0.100001456000E+01 0.100001443000E+01 0.100001430000E+01 0.100001417000E+01
0.100001963000E+01 0.100001950000E+01 0.100001937000E+01 0.100001924000E+01 0.100001911000E+01 0.100001898000E+01 0.100001885000E+01 0.100001872000E+01 0.100001859000E+01 0.100001846000E+01 0.100001833000E+01 0.100001820000E+01 0.100001807000E+01 0.100001794000E+01 0.100001781000E+01 0.100001768000E+01 0.100001755000E+01 0.100001742000E+01 0.100001729000E+01 0.100001716000E+01 0.100001703000E+01 0.100001690000E+01 0.100001677000E+01 0.100001664000E+01 0.100001651000E+01 0.100001638000E+01 0.100001625000E+01 0.100001612000E+01 0.100001599000E+01 0.100001586000E+01 0.100001573000E+01 0.100001560000E+01 0.100001547000E+01 0.100001534000E+01 0.100001521000E+01 0.100001508000E+01 0.100001495000E+01 0.100001482000E+01 0.100001469000E+01 0.100001456000E+01 0.100001443000E+01 0.100001430000E+01 0.100001417000E+01
0.000000000000E+00 0.100001950000E+01 0.100001937000E+01 0.100001924000E+01 0.100001911000E+01 0.100001898000E+01 0.100001885000E+01 0.100001872000E+01 0.100001859000E+01 0.100001846000E+01 0.100001833000E+01 0.100001820000E+01 0.100001807000E+01 0.100001794000E+01 0.100001781000E+01 0.100001768000E+01 0.100001755000E+01 0.100001742000E+01 0.100001729000E+01 0.100001716000E+01 0.100001703000E+01 0.100001690000E+01 0.100001677000E+01 0.100001664000E+01 0.100001651000E+01 0.100001638000E+01 0.100001625000E+01 0.100001612000E+01 0.100001599000E+01 0.100001586000E+01 0.100001573000E+01 0.100001560000E+01 0.100001547000E+01 0.100001534000E+01 0.100001521000E+01 0.100001508000E+01 0.100001495000E+01 0.100001482000E+01 0.100001469000E+01 0.100001456000E+01 0.100001443000E+01 0.100001430000E+01 0.100001417000E+01
0.000000000000E+00 0.000000000000E+00 0.100001937000E+01 0.100001924000E+01 0.100001911000E+01 0.100001898000E+01 0.100001885000E+01 0.100001872000E+01 0.100001859000E+01 0.100001846000E+01 0.100001833000E+01 0.100001820000E+01 0.100001807000E+01 0.100001794000E+01 0.100001781000E+01 0.100001768000E+01 0.100001755000E+01 0.100001742000E+01 0.100001729000E+01 0.100001716000E+01 0.100001703000E+01 0.100001690000E+01 0.100001677000E+01 0.100001664000E+01 0.100001651000E+01 0.100001638000E+01 0.100001625000E+01 0.100001612000E+01 0.100001599000E+01 0.100001586000E+01 0.100001573000E+01 0.100001560000E+01 0.100001547000E+01 0.100001534000E+01 0.100001521000E+01 0.100001508000E+01 0.100001495000E+01 0.100001482000E+01 0.100001469000E+01 0.100001456000E+01 0.100001443000E+01 0.100001430000E+01 0.100001417000E+01
0.000000000000E+00 0.100001950000E+01 0.100001937000E+01 0.100001924000E+01 0.100001911000E+01 0.100001898000E+01 0.100001885000E+01 0.100001872000E+01 0.100001859000E+01 0.100001846000E+01 0.100001833000E+01 0.100001820000E+01 0.100001807000E+01 0.100001794000E+01 0.100001781000E+01 0.100001768000E+01 0.100001755000E+01 0.100001742000E+01 0.100001729000E+01 0.100001716000E+01 0.100001703000E+01 0.100001690000E+01 0.100001677000E+01 0.100001664000E+01 0.100001651000E+01 0.100001638000E+01 0.100001625000E+01 0.100001612000E+01 0.100001599000E+01 0.100001586000E+01 0.100001573000E+01 0.100001560000E+01 0.100001547000E+01 0.100001534000E+01 0.100001521000E+01 0.100001508000E+01 0.100001495000E+01 0.100001482000E+01 0.100001469000E+01 0.100001456000E+01 0.100001443000E+01 0.100001430000E+01 0.100001417000E+01
0.000000000000E+00 0.000000000000E+00 0.000000000000E+00 0.000000000000E+00 0.100001911000E+01 0.100001898000E+01 0.100001885000E+01 0.100001872000E+01 0.100001859000E+01 0.100001846000E+01 0.100001833000E+01 0.100001820000E+01 0.100001807000E+01 0.100001794000E+01 0.100001781000E+01 0.100001768000E+01 0.100001755000E+01 0.100001742000E+01 0.100001729000E+01 0.100001716000E+01 0.100001703000E+01 0.100001690000E+01 0.100001677000E+01 0.100001664000E+01 0.100001651000E+01 0.100001638000E+01 0.100001625000E+01 0.100001612000E+01 0.100001599000E+01 0.100001586000E+01 0.100001573000E+01 0.100001560000E+01 0.100001547000E+01 0.100001534000E+01 0.100001521000E+01 0.100001508000E+01 0.100001495000E+01 0.100001482000E+01 0.100001469000E+01 0.100001456000E+01 0.100001443000E+01 0.100001430000E+01 0.100001417000E+01
0.000000000000E+00 0.000000000000E+00 0.000000000000E+00 0.000000000000E+00 0.000000000000E+00 0.100001898000E+01 0.100001885000E+01 0.100001872000E+01 0.100001859000E+01 0.100001846000E+01 0.100001833000E+01 0.100001820000E+01 0.100001807000E+01 0.100001794000E+01 0.100001781000E+01 0.100001768000E+01 0.100001755000E+01 0.100001742000E+01 0.100001729000E+01 0.100001716000E+01 0.100001703000E+01 0.100001690000E+01 0.100001677000E+01 0.100001664000E+01 0.100001651000E+01 0.100001638000E+01 0.100001625000E+01 0.100001612000E+01 0.100001599000E+01 0.100001586000E+01 0.100001573000E+01 0.100001560000E+01 0.100001547000E+01 0.100001534000E+01 0.100001521000E+01 0.100001508000E+01 0.100001495000E+01 0.100001482000E+01 0.100001469000E+01 0.100001456000E+01 0.100001443000E+01 0.100001430000E+01 0.100001417000E+01
0.000000000000E+00 0.000000000000E+00 0.000000000000E+00 0.000000000000E+00 0.000000000000E+00 0.000000000000E+00 0.000000000000E+00 0.100001872000E+01 0.100001859000E+01 0.100001846000E+01 0.100001833000E+01 0.100001820000E+01 0.100001807000E+01 0.100001794000E+01 0.100001781000E+01 0.100001768000E+01 0.100001755000E+01 0.100001742000E+01 0.100001729000E+01 0.100001716000E+01 0.100001703000E+01 0.100001690000E+01 0.100001677000E+01 0.100001664000E+01 0.100001651000E+01 0.100001638000E+01 0.100001625000E+01 0.100001612000E+01 0.100001599000E+01 0.100001586000E+01 0.100001573000E+01 0.100001560000E+01 0.100001547000E+01 0.100001534000E+01 0.100001521000E+01 0.100001508000E+01 0.100001495000E+01 0.100001482000E+01 0.100001469000E+01 0.100001456000E+01 0.100001443000E+01 0.100001430000E+01 0.100001417000E+01
0.000000000000E+00 0.000000000000E+00 0.000000000000E+00 0.000000000000E+00 0.000000000000E+00 0.000000000000E+00 0.000000000000E+00 0.000000000000E+00 0.100001859000E+01 0.100001846000E+01 0.100001833000E+01 0.100001820000E+01 0.100001807000E+01 0.100001794000E+01 0.100001781000E+01 0.100001768000E+01 0.100001755000E+01 0.100001742000E+01 0.100001729000E+01 0.100001716000E+01 0.100001703000E+01 0.100001690000E+01 0.100001677000E+01 0.100001664000E+01 0.100001651000E+01 0.100001638000E+01 0.100001625000E+01 0.100001612000E+01 0.100001599000E+01 0.100001586000E+01 0.100001573000E+01 0.100001560000E+01 0.100001547000E+01 0.100001534000E+01 0.100001521000E+01 0.100001508000E+01 0.100001495000E+01 0.100001482000E+01 0.100001469000E+01 0.100001456000E+01 0.100001443000E+01 0.100001430000E+01 0.100001417000E+01
0.000000000000E+00 0.000000000000E+00 0.000000000000E+00 0.000000000000E+00 0.000000000000E+00 0.000000000000E+00 0.000000000000E+00 0.000000000000E+00 0.000000000000E+00 0.000000000000E+00 0.100001833000E+01 0.100001820000E+01 0.100001807000E+01 0.100001794000E+01 0.100001781000E+01 0.100001768000E+01 0.100001755000E+01 0.100001742000E+01 0.100001729000E+01 0.100001716000E+01 0.100001703000E+01 0.100001690000E+01 0.100001677000E+01 0.100001664000E+01 0.100001651000E+01 0.100001638000E+01 0.100001625000E+01 0.100001612000E+01 0.100001599000E+01 0.100001586000E+01 0.100001573000E+01 0.100001560000E+01 0.100001547000E+01 0.100001534000E+01 0.100001521000E+01 0.100001508000E+01 0.100001495000E+01 0.100001482000E+01 0.100001469000E+01 0.100001456000E+01 0.100001443000E+01 0.100001430000E+01 0.100001417000E+01
0.000000000000E+00 0.000000000000E+00 0.000000000000E+00 0.000000000000E+00 0.000000000000E+00 0.000000000000E+00 0.000000000000E+00 0.000000000000E+00 0.000000000000E+00 0.000000000000E+00 0.000000000000E+00 0.000000000000E+00 0.000000000000E+00 0.100001794000E+01 0.100001781000E+01 0.100001768000E+01 0.100001755000E+01 0.100001742000E+01 0.100001729000E+01 0.100001716000E+01 0.100001703000E+01 0.100001690000E+01 0.100001677000E+01 0.100001664000E+01 0.100001651000E+01 0.100001638000E+01 0.100001625000E+01 0.100001612000E+01 0.100001599000E+01 0.100001586000E+01 0.100001573000E+01 0.100001560000E+01 0.100001547000E+01 0.100001534000E+01 0.100001521000E+01 0.100001508000E+01 0.100001495000E+01 0.100001482000E+01 0.100001469000E+01 0.100001456000E+01 0.100001443000E+01 0.100001430000E+01 0.100001417000E+01
0.000000000000E+00 0.000000000000E+00 0.000000000000E+00 0.000000000000E+00 0.000000000000E+00 0.000000000000E+00 0.000000000000E+00 0.000000000000E+00 0.000000000000E+00 0.000000000000E+00 0.000000000000E+00 0.000000000000E+00 0.000000000000E+00 0.100001794000E+01 0.100001781000E+01 0.100001768000E+01 0.100001755000E+01 0.100001742000E+01 0.100001729000E+01 0.100001716000E+01 0.100001703000E+01 0.100001690000E+01 0.100001677000E+01 0.100001664000E+01 0.100001651000E+01 0.100001638000E+01 0.100001625000E+01 0.100001612000E+01 0.100001599000E+01 0.100001586000E+01 0.100001573000E+01 0.100001560000E+01 0.100001547000E+01 0.100001534000E+01 0.100001521000E+01 0.100001508000E+01 0.100001495000E+01 0.100001482000E+01 0.100001469000E+01 0.100001456000E+01 0.100001443000E+01 0.100001430000E+01 0.100001417000E+01
