examples/SSHydro/ERA5_ETp_spatially_from_weill/prepro/dem
north:     0
south:     1148850.00000000
east:      0
west:      3308250.00000000
rows:    154
cols:    240
[rows 76 to 94 of 154, columns 43 to 85 of 240]
0.100001404000E+01 0.100001391000E+01 0.100001378000E+01 0.100001365000E+01 0.100001352000E+01 0.100001339000E+01 0.100001326000E+01 0.100001313000E+01 0.100001300000E+01 0.100001287000E+01 0.100001274000E+01 0.100001261000E+01 0.100001248000E+01 0.100001235000E+01 0.100001222000E+01 0.100001209000E+01 0.100001196000E+01 0.100001183000E+01 0.100001170000E+01 0.100001157000E+01 0.100001144000E+01 0.100001131000E+01 0.100001118000E+01 0.100001105000E+01 0.100001092000E+01 0.100001079000E+01 0.100001066000E+01 0.100001053000E+01 0.100001040000E+01 0.100001027000E+01 0.100001014000E+01 0.100001001000E+01 0.100000988000E+01 0.100000975000E+01 0.100000975000E+01 0.100000975000E+01 0.100000975000E+01 0.100000975000E+01 0.100000975000E+01 0.100000975000E+01 0.100000975000E+01 0.100000975000E+01 0.100000975000E+01
0.100001404000E+01 0.100001391000E+01 0.100001378000E+01 0.100001365000E+01 0.100001352000E+01 0.100001339000E+01 0.100001326000E+01 0.100001313000E+01 0.100001300000E+01 0.100001287000E+01 0.100001274000E+01 0.100001261000E+01 0.100001248000E+01 0.100001235000E+01 0.100001222000E+01 0.100001209000E+01 0.100001196000E+01 0.100001183000E+01 0.100001170000E+01 0.100001157000E+01 0.100001144000E+01 0.100001131000E+01 0.100001118000E+01 0.100001105000E+01 0.100001092000E+01 0.100001079000E+01 0.100001066000E+01 0.100001053000E+01 0.100001040000E+01 0.100001027000E+01 0.100001014000E+01 0.100001001000E+01 0.100000988000E+01 0.100000988000E+01 0.100000988000E+01 0.100000988000E+01 0.100000988000E+01 0.100000988000E+01 0.100000988000E+01 0.100000988000E+01 0.100000988000E+01 0.100000988000E+01 0.100000988000E+01
0.100001404000E+01 0.100001391000E+01 0.100001378000E+01 0.100001365000E+01 0.100001352000E+01 0.100001339000E+01 0.100001326000E+01 0.100001313000E+01 0.100001300000E+01 0.100001287000E+01 0.100001274000E+01 0.100001261000E+01 0.100001248000E+01 0.100001235000E+01 0.100001222000E+01 0.100001209000E+01 0.100001196000E+01 0.100001183000E+01 0.100001170000E+01 0.100001157000E+01 0.100001144000E+01 0.100001131000E+01 0.100001118000E+01 0.100001105000E+01 0.100001092000E+01 0.100001079000E+01 0.100001066000E+01 0.100001053000E+01 0.100001040000E+01 0.100001027000E+01 0.100001014000E+01 0.100001001000E+01 0.100001001000E+01 0.100001001000E+01 0.100001001000E+01 0.100001001000E+01 0.100001001000E+01 0.100001001000E+01 0.100001001000E+01 0.100001001000E+01 0.100001001000E+01 0.100001001000E+01 0.100001001000E+01
0.100001404000E+01 0.100001391000E+01 0.100001378000E+01 0.100001365000E+01 0.100001352000E+01 0.100001339000E+01 0.100001326000E+01 0.100001313000E+01 0.100001300000E+01 0.100001287000E+01 0.100001274000E+01 0.100001261000E+01 0.100001248000E+01 0.100001235000E+01 0.100001222000E+01 0.100001209000E+01 0.100001196000E+01 0.100001183000E+01 0.100001170000E+01 0.100001157000E+01 0.100001144000E+01 0.100001131000E+01 0.100001118000E+01 0.100001105000E+01 0.100001092000E+01 0.100001079000E+01 0.100001066000E+01 0.100001053000E+01 0.100001040000E+01 0.100001027000E+01 0.100001014000E+01 0.100001014000E+01 0.100001014000E+01 0.100001014000E+01 0.100001014000E+01 0.100001014000E+01 0.100001014000E+01 0.100001014000E+01 0.100001014000E+01 0.100001014000E+01 0.100001014000E+01 0.100001014000E+01 0.100001014000E+01
0.100001404000E+01 0.100001391000E+01 0.100001378000E+01 0.100001365000E+01 0.100001352000E+01 0.100001339000E+01 0.100001326000E+01 0.100001313000E+01 0.100001300000E+01 0.100001287000E+01 0.100001274000E+01 0.100001261000E+01 0.100001248000E+01 0.100001235000E+01 0.100001222000E+01 0.100001209000E+01 0.100001196000E+01 0.100001183000E+01 0.100001170000E+01 0.100001157000E+01 0.100001144000E+01 0.100001131000E+01 0.100001118000E+01 0.100001105000E+01 0.100001092000E+01 0.100001079000E+01 0.100001066000E+01 0.100001053000E+01 0.100001040000E+01 0.100001027000E+01 0.100001027000E+01 0.100001027000E+01 0.100001027000E+01 0.100001027000E+01 0.100001027000E+01 0.100001027000E+01 0.100001027000E+01 0.100001027000E+01 0.100001027000E+01 0.100001027000E+01 0.100001027000E+01 0.100001027000E+01 0.100001027000E+01
0.100001404000E+01 0.100001391000E+01 0.100001378000E+01 0.100001365000E+01 0.100001352000E+01 0.100001339000E+01 0.100001326000E+01 0.100001313000E+01 0.100001300000E+01 0.100001287000E+01 0.100001274000E+01 0.100001261000E+01 0.100001248000E+01 0.100001235000E+01 0.100001222000E+01 0.100001209000E+01 0.100001196000E+01 0.100001183000E+01 0.100001170000E+01 0.100001157000E+01 0.100001144000E+01 0.100001131000E+01 0.100001118000E+01 0.100001105000E+01 0.100001092000E+01 0.100001079000E+01 0.100001066000E+01 0.100001053000E+01 0.100001040000E+01 0.100001040000E+01 0.100001040000E+01 0.100001040000E+01 0.100001040000E+01 0.100001040000E+01 0.100001040000E+01 0.100001040000E+01 0.100001040000E+01 0.100001040000E+01 0.100001040000E+01 0.100001040000E+01 0.100001040000E+01 0.100001040000E+01 0.100001040000E+01
0.100001404000E+01 0.100001391000E+01 0.100001378000E+01 0.100001365000E+01 0.100001352000E+01 0.100001339000E+01 0.100001326000E+01 0.100001313000E+01 0.100001300000E+01 0.100001287000E+01 0.100001274000E+01 0.100001261000E+01 0.100001248000E+01 0.100001235000E+01 0.100001222000E+01 0.100001209000E+01 0.100001196000E+01 0.100001183000E+01 0.100001170000E+01 0.100001157000E+01 0.100001144000E+01 0.100001131000E+01 0.100001118000E+01 0.100001105000E+01 0.100001092000E+01 0.100001079000E+01 0.100001066000E+01 0.100001053000E+01 0.100001053000E+01 0.100001053000E+01 0.100001053000E+01 0.100001053000E+01 0.100001053000E+01 0.100001053000E+01 0.100001053000E+01 0.100001053000E+01 0.100001053000E+01 0.100001053000E+01 0.100001053000E+01 0.100001053000E+01 0.100001053000E+01 0.100001053000E+01 0.100001053000E+01
0.100001404000E+01 0.100001391000E+01 0.100001378000E+01 0.100001365000E+01 0.100001352000E+01 0.100001339000E+01 0.100001326000E+01 0.100001313000E+01 0.100001300000E+01 0.100001287000E+01 0.100001274000E+01 0.100001261000E+01 0.100001248000E+01 0.100001235000E+01 0.100001222000E+01 0.100001209000E+01 0.100001196000E+01 0.100001183000E+01 0.100001170000E+01 0.100001157000E+01 0.100001144000E+01 0.100001131000E+01 0.100001118000E+01 0.100001105000E+01 0.100001092000E+01 0.100001079000E+01 0.100001066000E+01 0.100001066000E+01 0.100001066000E+01 0.100001066000E+01 0.100001066000E+01 0.100001066000E+01 0.100001066000E+01 0.100001066000E+01 0.100001066000E+01 0.100001066000E+01 0.100001066000E+01 0.100001066000E+01 0.100001066000E+01 0.100001066000E+01 0.100001066000E+01 0.100001066000E+01 0.100001066000E+01
0.100001404000E+01 0.100001391000E+01 0.100001378000E+01 0.100001365000E+01 0.100001352000E+01 0.100001339000E+01 0.100001326000E+01 0.100001313000E+01 0.100001300000E+01 0.100001287000E+01 0.100001274000E+01 0.100001261000E+01 0.100001248000E+01 0.100001235000E+01 0.100001222000E+01 0.100001209000E+01 0.100001196000E+01 0.100001183000E+01 0.100001170000E+01 0.100001157000E+01 0.100001144000E+01 0.100001131000E+01 0.100001118000E+01 0.100001105000E+01 0.100001092000E+01 0.100001079000E+01 0.100001079000E+01 0.100001079000E+01 0.100001079000E+01 0.100001079000E+01 0.100001079000E+01 0.100001079000E+01 0.100001079000E+01 0.100001079000E+01 0.100001079000E+01 0.100001079000E+01 0.100001079000E+01 0.100001079000E+01 0.100001079000E+01 0.100001079000E+01 0.100001079000E+01 0.100001079000E+01 0.100001079000E+01
0.100001404000E+01 0.100001391000E+01 0.100001378000E+01 0.100001365000E+01 0.100001352000E+01 0.100001339000E+01 0.100001326000E+01 0.100001313000E+01 0.100001300000E+01 0.100001287000E+01 0.100001274000E+01 0.100001261000E+01 0.100001248000E+01 0.100001235000E+01 0.100001222000E+01 0.100001209000E+01 0.100001196000E+01 0.100001183000E+01 0.100001170000E+01 0.100001157000E+01 0.100001144000E+01 0.100001131000E+01 0.100001118000E+01 0.100001105000E+01 0.100001092000E+01 0.100001092000E+01 0.100001092000E+01 0.100001092000E+01 0.100001092000E+01 0.100001092000E+01 0.100001092000E+01 0.100001092000E+01 0.100001092000E+01 0.100001092000E+01 0.100001092000E+01 0.100001092000E+01 0.100001092000E+01 0.100001092000E+01 0.100001092000E+01 0.100001092000E+01 0.100001092000E+01 0.100001092000E+01 0.100001092000E+01
0.100001404000E+01 0.100001391000E+01 0.100001378000E+01 0.100001365000E+01 0.100001352000E+01 0.100001339000E+01 0.100001326000E+01 0.100001313000E+01 0.100001300000E+01 0.100001287000E+01 0.100001274000E+01 0.100001261000E+01 0.100001248000E+01 0.100001235000E+01 0.100001222000E+01 0.100001209000E+01 0.100001196000E+01 0.100001183000E+01 0.100001170000E+01 0.100001157000E+01 0.100001144000E+01 0.100001131000E+01 0.100001118000E+01 0.100001105000E+01 0.100001105000E+01 0.100001105000E+01 0.100001105000E+01 0.100001105000E+01 0.100001105000E+01 0.100001105000E+01 0.100001105000E+01 0.100001105000E+01 0.100001105000E+01 0.100001105000E+01 0.100001105000E+01 0.100001105000E+01 0.100001105000E+01 0.100001105000E+01 0.100001105000E+01 0.100001105000E+01 0.100001105000E+01 0.100001105000E+01 0.100001105000E+01
0.100001404000E+01 0.100001391000E+01 0.100001378000E+01 0.100001365000E+01 0.100001352000E+01 0.100001339000E+01 0.100001326000E+01 0.100001313000E+01 0.100001300000E+01 0.100001287000E+01 0.100001274000E+01 0.100001261000E+01 0.100001248000E+01 0.100001235000E+01 0.100001222000E+01 0.100001209000E+01 0.100001196000E+01 0.100001183000E+01 0.100001170000E+01 0.100001157000E+01 0.100001144000E+01 0.100001131000E+01 0.100001118000E+01 0.100001118000E+01 0.100001118000E+01 0.100001118000E+01 0.100001118000E+01 0.100001118000E+01 0.100001118000E+01 0.100001118000E+01 0.100001118000E+01 0.100001118000E+01 0.100001118000E+01 0.100001118000E+01 0.100001118000E+01 0.100001118000E+01 0.100001118000E+01 0.100001118000E+01 0.100001118000E+01 0.100001118000E+01 0.100001118000E+01 0.100001118000E+01 0.100001118000E+01
0.100001404000E+01 0.100001391000E+01 0.100001378000E+01 0.100001365000E+01 0.100001352000E+01 0.100001339000E+01 0.100001326000E+01 0.100001313000E+01 0.100001300000E+01 0.100001287000E+01 0.100001274000E+01 0.100001261000E+01 0.100001248000E+01 0.100001235000E+01 0.100001222000E+01 0.100001209000E+01 0.100001196000E+01 0.100001183000E+01 0.100001170000E+01 0.100001157000E+01 0.100001144000E+01 0.100001131000E+01 0.100001131000E+01 0.100001131000E+01 0.100001131000E+01 0.100001131000E+01 0.100001131000E+01 0.100001131000E+01 0.100001131000E+01 0.100001131000E+01 0.100001131000E+01 0.100001131000E+01 0.100001131000E+01 0.100001131000E+01 0.100001131000E+01 0.100001131000E+01 0.100001131000E+01 0.100001131000E+01 0.100001131000E+01 0.100001131000E+01 0.100001131000E+01 0.100001131000E+01 0.100001131000E+01
0.100001404000E+01 0.100001391000E+01 0.100001378000E+01 0.100001365000E+01 0.100001352000E+01 0.100001339000E+01 0.100001326000E+01 0.100001313000E+01 0.100001300000E+01 0.100001287000E+01 0.100001274000E+01 0.100001261000E+01 0.100001248000E+01 0.100001235000E+01 0.100001222000E+01 0.100001209000E+01 0.100001196000E+01 0.100001183000E+01 0.100001170000E+01 0.100001157000E+01 0.100001144000E+01 0.100001144000E+01 0.100001144000E+01 0.100001144000E+01 0.100001144000E+01 0.100001144000E+01 0.100001144000E+01 0.100001144000E+01 0.100001144000E+01 0.100001144000E+01 0.100001144000E+01 0.100001144000E+01 0.100001144000E+01 0.100001144000E+01 0.100001144000E+01 0.100001144000E+01 0.100001144000E+01 0.100001144000E+01 0.100001144000E+01 0.100001144000E+01 0.100001144000E+01 0.100001144000E+01 0.100001144000E+01
0.100001404000E+01 0.100001391000E+01 0.100001378000E+01 0.100001365000E+01 0.100001352000E+01 0.100001339000E+01 0.100001326000E+01 0.100001313000E+01 0.100001300000E+01 0.100001287000E+01 0.100001274000E+01 0.100001261000E+01 0.100001248000E+01 0.100001235000E+01 0.100001222000E+01 0.100001209000E+01 0.100001196000E+01 0.100001183000E+01 0.100001170000E+01 0.100001157000E+01 0.100001157000E+01 0.100001157000E+01 0.100001157000E+01 0.100001157000E+01 0.100001157000E+01 0.100001157000E+01 0.100001157000E+01 0.100001157000E+01 0.100001157000E+01 0.100001157000E+01 0.100001157000E+01 0.100001157000E+01 0.100001157000E+01 0.100001157000E+01 0.100001157000E+01 0.100001157000E+01 0.100001157000E+01 0.100001157000E+01 0.100001157000E+01 0.100001157000E+01 0.100001157000E+01 0.100001157000E+01 0.100001157000E+01
0.100001404000E+01 0.100001391000E+01 0.100001378000E+01 0.100001365000E+01 0.100001352000E+01 0.100001339000E+01 0.100001326000E+01 0.100001313000E+01 0.100001300000E+01 0.100001287000E+01 0.100001274000E+01 0.100001261000E+01 0.100001248000E+01 0.100001235000E+01 0.100001222000E+01 0.100001209000E+01 0.100001196000E+01 0.100001183000E+01 0.100001170000E+01 0.100001170000E+01 0.100001170000E+01 0.100001170000E+01 0.100001170000E+01 0.100001170000E+01 0.100001170000E+01 0.100001170000E+01 0.100001170000E+01 0.100001170000E+01 0.100001170000E+01 0.100001170000E+01 0.100001170000E+01 0.100001170000E+01 0.100001170000E+01 0.100001170000E+01 0.100001170000E+01 0.100001170000E+01 0.100001170000E+01 0.100001170000E+01 0.100001170000E+01 0.100001170000E+01 0.100001170000E+01 0.100001170000E+01 0.100001170000E+01
0.100001404000E+01 0.100001391000E+01 0.100001378000E+01 0.100001365000E+01 0.100001352000E+01 0.100001339000E+01 0.100001326000E+01 0.100001313000E+01 0.100001300000E+01 0.100001287000E+01 0.100001274000E+01 0.100001261000E+01 0.100001248000E+01 0.100001235000E+01 0.100001222000E+01 0.100001209000E+01 0.100001196000E+01 0.100001183000E+01 0.100001183000E+01 0.100001183000E+01 0.100001183000E+01 0.100001183000E+01 0.100001183000E+01 0.100001183000E+01 0.100001183000E+01 0.100001183000E+01 0.100001183000E+01 0.100001183000E+01 0.100001183000E+01 0.100001183000E+01 0.100001183000E+01 0.100001183000E+01 0.100001183000E+01 0.100001183000E+01 0.100001183000E+01 0.100001183000E+01 0.100001183000E+01 0.100001183000E+01 0.100001183000E+01 0.100001183000E+01 0.100001183000E+01 0.100001183000E+01 0.100001183000E+01
0.100001404000E+01 0.100001391000E+01 0.100001378000E+01 0.100001365000E+01 0.100001352000E+01 0.100001339000E+01 0.100001326000E+01 0.100001313000E+01 0.100001300000E+01 0.100001287000E+01 0.100001274000E+01 0.100001261000E+01 0.100001248000E+01 0.100001235000E+01 0.100001222000E+01 0.100001209000E+01 0.100001196000E+01 0.100001196000E+01 0.100001196000E+01 0.100001196000E+01 0.100001196000E+01 0.100001196000E+01 0.100001196000E+01 0.100001196000E+01 0.100001196000E+01 0.100001196000E+01 0.100001196000E+01 0.100001196000E+01 0.100001196000E+01 0.100001196000E+01 0.100001196000E+01 0.100001196000E+01 0.100001196000E+01 0.100001196000E+01 0.100001196000E+01 0.100001196000E+01 0.100001196000E+01 0.100001196000E+01 0.100001196000E+01 0.100001196000E+01 0.100001196000E+01 0.100001196000E+01 0.100001196000E+01
0.100001404000E+01 0.100001391000E+01 0.100001378000E+01 0.100001365000E+01 0.100001352000E+01 0.100001339000E+01 0.100001326000E+01 0.100001313000E+01 0.100001300000E+01 0.100001287000E+01 0.100001274000E+01 0.100001261000E+01 0.100001248000E+01 0.100001235000E+01 0.100001222000E+01 0.100001209000E+01 0.100001209000E+01 0.100001209000E+01 0.100001209000E+01 0.100001209000E+01 0.100001209000E+01 0.100001209000E+01 0.100001209000E+01 0.100001209000E+01 0.100001209000E+01 0.100001209000E+01 0.100001209000E+01 0.100001209000E+01 0.100001209000E+01 0.100001209000E+01 0.100001209000E+01 0.100001209000E+01 0.100001209000E+01 0.100001209000E+01 0.100001209000E+01 0.100001209000E+01 0.100001209000E+01 0.100001209000E+01 0.100001209000E+01 0.100001209000E+01 0.100001209000E+01 0.100001209000E+01 0.100001209000E+01
