examples/SSHydro/ERA5_ETp_spatially_from_weill/prepro/dem
north:     0
south:     1148850.00000000
east:      0
west:      3308250.00000000
rows:    154
cols:    240
[rows 19 to 37 of 154, columns 172 to 214 of 240]
0.100000247000E+01 0.100000260000E+01 0.100000273000E+01 0.100000286000E+01 0.100000299000E+01 0.100000312000E+01 0.100000325000E+01 0.100000338000E+01 0.100000351000E+01 0.100000364000E+01 0.100000377000E+01 0.100000390000E+01 0.100000403000E+01 0.100000416000E+01 0.100000429000E+01 0.100000442000E+01 0.100000455000E+01 0.100000468000E+01 0.000000000000E+00 0.000000000000E+00 0.000000000000E+00 0.000000000000E+00 0.000000000000E+00 0.000000000000E+00 0.000000000000E+00 0.000000000000E+00 0.000000000000E+00 0.100000598000E+01 0.100000611000E+01 0.100000624000E+01 0.100000637000E+01 0.100000650000E+01 0.100000663000E+01 0.100000676000E+01 0.100000689000E+01 0.100000702000E+01 0.100000715000E+01 0.100000728000E+01 0.100000741000E+01 0.100000754000E+01 0.100000767000E+01 0.100000780000E+01 0.100000793000E+01
0.100000247000E+01 0.100000260000E+01 0.100000273000E+01 0.100000286000E+01 0.100000299000E+01 0.100000312000E+01 0.100000325000E+01 0.100000338000E+01 0.100000351000E+01 0.100000364000E+01 0.100000377000E+01 0.100000390000E+01 0.100000403000E+01 0.100000416000E+01 0.100000429000E+01 0.100000442000E+01 0.100000455000E+01 0.100000468000E+01 0.100000481000E+01 0.100000494000E+01 0.100000507000E+01 0.100000520000E+01 0.100000533000E+01 0.100000546000E+01 0.100000559000E+01 0.100000572000E+01 0.100000585000E+01 0.100000598000E+01 0.100000611000E+01 0.100000624000E+01 0.100000637000E+01 0.100000650000E+01 0.100000663000E+01 0.100000676000E+01 0.100000689000E+01 0.100000702000E+01 0.100000715000E+01 0.100000728000E+01 0.100000741000E+01 0.100000754000E+01 0.100000767000E+01 0.100000780000E+01 0.100000793000E+01
0.100000260000E+01 0.100000260000E+01 0.100000273000E+01 0.100000286000E+01 0.100000299000E+01 0.100000312000E+01 0.100000325000E+01 0.100000338000E+01 0.100000351000E+01 0.100000364000E+01 0.100000377000E+01 0.100000390000E+01 0.100000403000E+01 0.100000416000E+01 0.100000429000E+01 0.100000442000E+01 0.100000455000E+01 0.100000468000E+01 0.100000481000E+01 0.100000494000E+01 0.100000507000E+01 0.100000520000E+01 0.100000533000E+01 0.100000546000E+01 0.100000559000E+01 0.100000572000E+01 0.100000585000E+01 0.100000598000E+01 0.100000611000E+01 0.100000624000E+01 0.100000637000E+01 0.100000650000E+01 0.100000663000E+01 0.100000676000E+01 0.100000689000E+01 0.100000702000E+01 0.100000715000E+01 0.100000728000E+01 0.100000741000E+01 0.100000754000E+01 0.100000767000E+01 0.100000780000E+01 0.100000793000E+01
0.100000273000E+01 0.100000273000E+01 0.100000273000E+01 0.100000286000E+01 0.100000299000E+01 0.100000312000E+01 0.100000325000E+01 0.100000338000E+01 0.100000351000E+01 0.100000364000E+01 0.100000377000E+01 0.100000390000E+01 0.100000403000E+01 0.100000416000E+01 0.100000429000E+01 0.100000442000E+01 0.100000455000E+01 0.100000468000E+01 0.100000481000E+01 0.100000494000E+01 0.100000507000E+01 0.100000520000E+01 0.100000533000E+01 0.100000546000E+01 0.100000559000E+01 0.100000572000E+01 0.100000585000E+01 0.100000598000E+01 0.100000611000E+01 0.100000624000E+01 0.100000637000E+01 0.100000650000E+01 0.100000663000E+01 0.100000676000E+01 0.100000689000E+01 0.100000702000E+01 0.100000715000E+01 0.100000728000E+01 0.100000741000E+01 0.100000754000E+01 0.100000767000E+01 0.100000780000E+01 0.100000793000E+01
0.100000286000E+01 0.100000286000E+01 0.100000286000E+01 0.100000286000E+01 0.100000299000E+01 0.100000312000E+01 0.100000325000E+01 0.100000338000E+01 0.100000351000E+01 0.100000364000E+01 0.100000377000E+01 0.100000390000E+01 0.100000403000E+01 0.100000416000E+01 0.100000429000E+01 0.100000442000E+01 0.100000455000E+01 0.100000468000E+01 0.100000481000E+01 0.100000494000E+01 0.100000507000E+01 0.100000520000E+01 0.100000533000E+01 0.100000546000E+01 0.100000559000E+01 0.100000572000E+01 0.100000585000E+01 0.100000598000E+01 0.100000611000E+01 0.100000624000E+01 0.100000637000E+01 0.100000650000E+01 0.100000663000E+01 0.100000676000E+01 0.100000689000E+01 0.100000702000E+01 0.100000715000E+01 0.100000728000E+01 0.100000741000E+01 0.100000754000E+01 0.100000767000E+01 0.100000780000E+01 0.100000793000E+01
0.100000299000E+01 0.100000299000E+01 0.100000299000E+01 0.100000299000E+01 0.100000299000E+01 0.100000312000E+01 0.100000325000E+01 0.100000338000E+01 0.100000351000E+01 0.100000364000E+01 0.100000377000E+01 0.100000390000E+01 0.100000403000E+01 0.100000416000E+01 0.100000429000E+01 0.100000442000E+01 0.100000455000E+01 0.100000468000E+01 0.100000481000E+01 0.100000494000E+01 0.100000507000E+01 0.100000520000E+01 0.100000533000E+01 0.100000546000E+01 0.100000559000E+01 0.100000572000E+01 0.100000585000E+01 0.100000598000E+01 0.100000611000E+01 0.100000624000E+01 0.100000637000E+01 0.100000650000E+01 0.100000663000E+01 0.100000676000E+01 0.100000689000E+01 0.100000702000E+01 0.100000715000E+01 0.100000728000E+01 0.100000741000E+01 0.100000754000E+01 0.100000767000E+01 0.100000780000E+01 0.100000793000E+01
0.100000312000E+01 0.100000312000E+01 0.100000312000E+01 0.100000312000E+01 0.100000312000E+01 0.100000312000E+01 0.100000325000E+01 0.100000338000E+01 0.100000351000E+01 0.100000364000E+01 0.100000377000E+01 0.100000390000E+01 0.100000403000E+01 0.100000416000E+01 0.100000429000E+01 0.100000442000E+01 0.100000455000E+01 0.100000468000E+01 0.100000481000E+01 0.100000494000E+01 0.100000507000E+01 0.100000520000E+01 0.100000533000E+01 0.100000546000E+01 0.100000559000E+01 0.100000572000E+01 0.100000585000E+01 0.100000598000E+01 0.100000611000E+01 0.100000624000E+01 0.100000637000E+01 0.100000650000E+01 0.100000663000E+01 0.100000676000E+01 0.100000689000E+01 0.100000702000E+01 0.100000715000E+01 0.100000728000E+01 0.100000741000E+01 0.100000754000E+01 0.100000767000E+01 0.100000780000E+01 0.100000793000E+01
0.100000325000E+01 0.100000325000E+01 0.100000325000E+01 0.100000325000E+01 0.100000325000E+01 0.100000325000E+01 0.100000325000E+01 0.100000338000E+01 0.100000351000E+01 0.100000364000E+01 0.100000377000E+01 0.100000390000E+01 0.100000403000E+01 0.100000416000E+01 0.100000429000E+01 0.100000442000E+01 0.100000455000E+01 0.100000468000E+01 0.100000481000E+01 0.100000494000E+01 0.100000507000E+01 0.100000520000E+01 0.100000533000E+01 0.100000546000E+01 0.100000559000E+01 0.100000572000E+01 0.100000585000E+01 0.100000598000E+01 0.100000611000E+01 0.100000624000E+01 0.100000637000E+01 0.100000650000E+01 0.100000663000E+01 0.100000676000E+01 0.100000689000E+01 0.100000702000E+01 0.100000715000E+01 0.100000728000E+01 0.100000741000E+01 0.100000754000E+01 0.100000767000E+01 0.100000780000E+01 0.100000793000E+01
0.100000338000E+01 0.100000338000E+01 0.100000338000E+01 0.100000338000E+01 0.100000338000E+01 0.100000338000E+01 0.100000338000E+01 0.100000338000E+01 0.100000351000E+01 0.100000364000E+01 0.100000377000E+01 0.100000390000E+01 0.100000403000E+01 0.100000416000E+01 0.100000429000E+01 0.100000442000E+01 0.100000455000E+01 0.100000468000E+01 0.100000481000E+01 0.100000494000E+01 0.100000507000E+01 0.100000520000E+01 0.100000533000E+01 0.100000546000E+01 0.100000559000E+01 0.100000572000E+01 0.100000585000E+01 0.100000598000E+01 0.100000611000E+01 0.100000624000E+01 0.100000637000E+01 0.100000650000E+01 0.100000663000E+01 0.100000676000E+01 0.100000689000E+01 0.100000702000E+01 0.100000715000E+01 0.100000728000E+01 0.100000741000E+01 0.100000754000E+01 0.100000767000E+01 0.100000780000E+01 0.100000793000E+01
0.100000351000E+01 0.100000351000E+01 0.100000351000E+01 0.100000351000E+01 0.100000351000E+01 0.100000351000E+01 0.100000351000E+01 0.100000351000E+01 0.100000351000E+01 0.100000364000E+01 0.100000377000E+01 0.100000390000E+01 0.100000403000E+01 0.100000416000E+01 0.100000429000E+01 0.100000442000E+01 0.100000455000E+01 0.100000468000E+01 0.100000481000E+01 0.100000494000E+01 0.100000507000E+01 0.100000520000E+01 0.100000533000E+01 0.100000546000E+01 0.100000559000E+01 0.100000572000E+01 0.100000585000E+01 0.100000598000E+01 0.100000611000E+01 0.100000624000E+01 0.100000637000E+01 0.100000650000E+01 0.100000663000E+01 0.100000676000E+01 0.100000689000E+01 0.100000702000E+01 0.100000715000E+01 0.100000728000E+01 0.100000741000E+01 0.100000754000E+01 0.100000767000E+01 0.100000780000E+01 0.100000793000E+01
0.100000364000E+01 0.100000364000E+01 0.100000364000E+01 0.100000364000E+01 0.100000364000E+01 0.100000364000E+01 0.100000364000E+01 0.100000364000E+01 0.100000364000E+01 0.100000364000E+01 0.100000377000E+01 0.100000390000E+01 0.100000403000E+01 0.100000416000E+01 0.100000429000E+01 0.100000442000E+01 0.100000455000E+01 0.100000468000E+01 0.100000481000E+01 0.100000494000E+01 0.100000507000E+01 0.100000520000E+01 0.100000533000E+01 0.100000546000E+01 0.100000559000E+01 0.100000572000E+01 0.100000585000E+01 0.100000598000E+01 0.100000611000E+01 0.100000624000E+01 0.100000637000E+01 0.100000650000E+01 0.100000663000E+01 0.100000676000E+01 0.100000689000E+01 0.100000702000E+01 0.100000715000E+01 0.100000728000E+01 0.100000741000E+01 0.100000754000E+01 0.100000767000E+01 0.100000780000E+01 0.100000793000E+01
0.100000377000E+01 0.100000377000E+01 0.100000377000E+01 0.100000377000E+01 0.100000377000E+01 0.100000377000E+01 0.100000377000E+01 0.100000377000E+01 0.100000377000E+01 0.100000377000E+01 0.100000377000E+01 0.100000390000E+01 0.100000403000E+01 0.100000416000E+01 0.100000429000E+01 0.100000442000E+01 0.100000455000E+01 0.100000468000E+01 0.100000481000E+01 0.100000494000E+01 0.100000507000E+01 0.100000520000E+01 0.100000533000E+01 0.100000546000E+01 0.100000559000E+01 0.100000572000E+01 0.100000585000E+01 0.100000598000E+01 0.100000611000E+01 0.100000624000E+01 0.100000637000E+01 0.100000650000E+01 0.100000663000E+01 0.100000676000E+01 0.100000689000E+01 0.100000702000E+01 0.100000715000E+01 0.100000728000E+01 0.100000741000E+01 0.100000754000E+01 0.100000767000E+01 0.100000780000E+01 0.100000793000E+01
0.100000390000E+01 0.100000390000E+01 0.100000390000E+01 0.100000390000E+01 0.100000390000E+01 0.100000390000E+01 0.100000390000E+01 0.100000390000E+01 0.100000390000E+01 0.100000390000E+01 0.100000390000E+01 0.100000390000E+01 0.100000403000E+01 0.100000416000E+01 0.100000429000E+01 0.100000442000E+01 0.100000455000E+01 0.100000468000E+01 0.100000481000E+01 0.100000494000E+01 0.100000507000E+01 0.100000520000E+01 0.100000533000E+01 0.100000546000E+01 0.100000559000E+01 0.100000572000E+01 0.100000585000E+01 0.100000598000E+01 0.100000611000E+01 0.100000624000E+01 0.100000637000E+01 0.100000650000E+01 0.100000663000E+01 0.100000676000E+01 0.100000689000E+01 0.100000702000E+01 0.100000715000E+01 0.100000728000E+01 0.100000741000E+01 0.100000754000E+01 0.100000767000E+01 0.100000780000E+01 0.100000793000E+01
0.100000403000E+01 0.100000403000E+01 0.100000403000E+01 0.100000403000E+01 0.100000403000E+01 0.100000403000E+01 0.100000403000E+01 0.100000403000E+01 0.100000403000E+01 0.100000403000E+01 0.100000403000E+01 0.100000403000E+01 0.100000403000E+01 0.100000416000E+01 0.100000429000E+01 0.100000442000E+01 0.100000455000E+01 0.100000468000E+01 0.100000481000E+01 0.100000494000E+01 0.100000507000E+01 0.100000520000E+01 0.100000533000E+01 0.100000546000E+01 0.100000559000E+01 0.100000572000E+01 0.100000585000E+01 0.100000598000E+01 0.100000611000E+01 0.100000624000E+01 0.100000637000E+01 0.100000650000E+01 0.100000663000E+01 0.100000676000E+01 0.100000689000E+01 0.100000702000E+01 0.100000715000E+01 0.100000728000E+01 0.100000741000E+01 0.100000754000E+01 0.100000767000E+01 0.100000780000E+01 0.100000793000E+01
0.100000416000E+01 0.100000416000E+01 0.100000416000E+01 0.100000416000E+01 0.100000416000E+01 0.100000416000E+01 0.100000416000E+01 0.100000416000E+01 0.100000416000E+01 0.100000416000E+01 0.100000416000E+01 0.100000416000E+01 0.100000416000E+01 0.100000416000E+01 0.100000429000E+01 0.100000442000E+01 0.100000455000E+01 0.100000468000E+01 0.100000481000E+01 0.100000494000E+01 0.100000507000E+01 0.100000520000E+01 0.100000533000E+01 0.100000546000E+01 0.100000559000E+01 0.100000572000E+01 0.100000585000E+01 0.100000598000E+01 0.100000611000E+01 0.100000624000E+01 0.100000637000E+01 0.100000650000E+01 0.100000663000E+01 0.100000676000E+01 0.100000689000E+01 0.100000702000E+01 0.100000715000E+01 0.100000728000E+01 0.100000741000E+01 0.100000754000E+01 0.100000767000E+01 0.100000780000E+01 0.100000793000E+01
0.100000429000E+01 0.100000429000E+01 0.100000429000E+01 0.100000429000E+01 0.100000429000E+01 0.100000429000E+01 0.100000429000E+01 0.100000429000E+01 0.100000429000E+01 0.100000429000E+01 0.100000429000E+01 0.100000429000E+01 0.100000429000E+01 0.100000429000E+01 0.100000429000E+01 0.100000442000E+01 0.100000455000E+01 0.100000468000E+01 0.100000481000E+01 0.100000494000E+01 0.100000507000E+01 0.100000520000E+01 0.100000533000E+01 0.100000546000E+01 0.100000559000E+01 0.100000572000E+01 0.100000585000E+01 0.100000598000E+01 0.100000611000E+01 0.100000624000E+01 0.100000637000E+01 0.100000650000E+01 0.100000663000E+01 0.100000676000E+01 0.100000689000E+01 0.100000702000E+01 0.100000715000E+01 0.100000728000E+01 0.100000741000E+01 0.100000754000E+01 0.100000767000E+01 0.100000780000E+01 0.100000793000E+01
0.100000442000E+01 0.100000442000E+01 0.100000442000E+01 0.100000442000E+01 0.100000442000E+01 0.100000442000E+01 0.100000442000E+01 0.100000442000E+01 0.100000442000E+01 0.100000442000E+01 0.100000442000E+01 0.100000442000E+01 0.100000442000E+01 0.100000442000E+01 0.100000442000E+01 0.100000442000E+01 0.100000455000E+01 0.100000468000E+01 0.100000481000E+01 0.100000494000E+01 0.100000507000E+01 0.100000520000E+01 0.100000533000E+01 0.100000546000E+01 0.100000559000E+01 0.100000572000E+01 0.100000585000E+01 0.100000598000E+01 0.100000611000E+01 0.100000624000E+01 0.100000637000E+01 0.100000650000E+01 0.100000663000E+01 0.100000676000E+01 0.100000689000E+01 0.100000702000E+01 0.100000715000E+01 0.100000728000E+01 0.100000741000E+01 0.100000754000E+01 0.100000767000E+01 0.100000780000E+01 0.100000793000E+01
0.100000455000E+01 0.100000455000E+01 0.100000455000E+01 0.100000455000E+01 0.100000455000E+01 0.100000455000E+01 0.100000455000E+01 0.100000455000E+01 0.100000455000E+01 0.100000455000E+01 0.100000455000E+01 0.100000455000E+01 0.100000455000E+01 0.100000455000E+01 0.100000455000E+01 0.100000455000E+01 0.100000455000E+01 0.100000468000E+01 0.100000481000E+01 0.100000494000E+01 0.100000507000E+01 0.100000520000E+01 0.100000533000E+01 0.100000546000E+01 0.100000559000E+01 0.100000572000E+01 0.100000585000E+01 0.100000598000E+01 0.100000611000E+01 0.100000624000E+01 0.100000637000E+01 0.100000650000E+01 0.100000663000E+01 0.100000676000E+01 0.100000689000E+01 0.100000702000E+01 0.100000715000E+01 0.100000728000E+01 0.100000741000E+01 0.100000754000E+01 0.100000767000E+01 0.100000780000E+01 0.100000793000E+01
0.100000468000E+01 0.100000468000E+01 0.100000468000E+01 0.100000468000E+01 0.100000468000E+01 0.100000468000E+01 0.100000468000E+01 0.100000468000E+01 0.100000468000E+01 0.100000468000E+01 0.100000468000E+01 0.100000468000E+01 0.100000468000E+01 0.100000468000E+01 0.100000468000E+01 0.100000468000E+01 0.100000468000E+01 0.100000468000E+01 0.100000481000E+01 0.100000494000E+01 0.100000507000E+01 0.100000520000E+01 0.100000533000E+01 0.100000546000E+01 0.100000559000E+01 0.100000572000E+01 0.100000585000E+01 0.100000598000E+01 0.100000611000E+01 0.100000624000E+01 0.100000637000E+01 0.100000650000E+01 0.100000663000E+01 0.100000676000E+01 0.100000689000E+01 0.100000702000E+01 0.100000715000E+01 0.100000728000E+01 0.100000741000E+01 0.100000754000E+01 0.100000767000E+01 0.100000780000E+01 0.100000793000E+01
