examples/SSHydro/ERA5_ETp_spatially_from_weill/prepro/dtm_A_inflow
north:     0
south:     1148850.00000000
east:      0
west:      3308250.00000000
rows:    154
cols:    240
[rows 35 to 69 of 154, columns 156 to 233 of 240]
117.00 117.00 117.00 115.00 115.00 117.00 118.00 115.00 115.00 114.00 113.00 113.00 113.00 112.00 111.00 109.00 106.00 106.00 105.00 103.00 101.00 99.00 98.00 96.00 94.00 93.00 92.00 91.00 89.00 88.00 87.00 1962.00 36.00 35.00 34.00 33.00 32.00 31.00 30.00 29.00 28.00 27.00 26.00 25.00 24.00 23.00 22.00 21.00 20.00 19.00 18.00 17.00 16.00 15.00 14.00 13.00 12.00 11.00 10.00 9.00 8.00 7.00 6.00 5.00 4.00 3.00 2.00 1.00 0.00 0.00 0.00 0.00 0.00 0.00 0.00 0.00 0.00 0.00
116.00 116.00 116.00 114.00 114.00 116.00 117.00 114.00 114.00 113.00 112.00 112.00 112.00 111.00 110.00 108.00 105.00 105.00 104.00 102.00 100.00 98.00 97.00 95.00 93.00 92.00 91.00 90.00 88.00 87.00 86.00 85.00 1838.00 35.00 34.00 33.00 32.00 31.00 30.00 29.00 28.00 27.00 26.00 25.00 24.00 23.00 22.00 21.00 20.00 19.00 18.00 17.00 16.00 15.00 14.00 13.00 12.00 11.00 10.00 9.00 8.00 7.00 6.00 5.00 4.00 3.00 2.00 1.00 0.00 0.00 0.00 0.00 0.00 0.00 0.00 0.00 0.00 0.00
115.00 115.00 115.00 113.00 113.00 115.00 116.00 113.00 113.00 112.00 111.00 111.00 111.00 110.00 109.00 107.00 104.00 104.00 103.00 101.00 99.00 97.00 96.00 94.00 92.00 91.00 90.00 89.00 87.00 86.00 85.00 84.00 83.00 1717.00 33.00 32.00 31.00 30.00 29.00 28.00 27.00 26.00 25.00 24.00 23.00 22.00 21.00 20.00 19.00 18.00 17.00 16.00 15.00 14.00 13.00 12.00 11.00 10.00 9.00 8.00 7.00 6.00 5.00 4.00 3.00 2.00 1.00 0.00 0.00 0.00 0.00 0.00 0.00 0.00 0.00 0.00 0.00 0.00
114.00 114.00 114.00 112.00 112.00 114.00 115.00 112.00 112.00 111.00 110.00 110.00 110.00 109.00 108.00 106.00 103.00 103.00 102.00 100.00 98.00 96.00 95.00 93.00 91.00 90.00 89.00 88.00 86.00 85.00 84.00 83.00 82.00 80.00 1601.00 32.00 31.00 30.00 29.00 28.00 27.00 26.00 25.00 24.00 23.00 22.00 21.00 20.00 19.00 18.00 17.00 16.00 15.00 14.00 13.00 12.00 11.00 10.00 9.00 8.00 7.00 6.00 5.00 4.00 3.00 2.00 1.00 0.00 0.00 0.00 0.00 0.00 0.00 0.00 0.00 0.00 0.00 0.00
113.00 113.00 113.00 111.00 111.00 113.00 114.00 111.00 111.00 110.00 109.00 109.00 109.00 108.00 107.00 105.00 102.00 102.00 101.00 99.00 97.00 95.00 94.00 92.00 90.00 89.00 88.00 87.00 85.00 84.00 83.00 82.00 81.00 79.00 78.00 1488.00 31.00 30.00 29.00 28.00 27.00 26.00 25.00 24.00 23.00 22.00 21.00 20.00 19.00 18.00 17.00 16.00 15.00 14.00 13.00 12.00 11.00 10.00 9.00 8.00 7.00 6.00 5.00 4.00 3.00 2.00 1.00 0.00 0.00 0.00 0.00 0.00 0.00 0.00 0.00 0.00 0.00 0.00
112.00 112.00 112.00 110.00 110.00 112.00 113.00 110.00 110.00 109.00 108.00 108.00 108.00 107.00 106.00 104.00 101.00 101.00 100.00 98.00 96.00 94.00 93.00 91.00 89.00 88.00 87.00 86.00 84.00 83.00 82.00 81.00 80.00 78.00 77.00 76.00 1378.00 30.00 29.00 28.00 27.00 26.00 25.00 24.00 23.00 22.00 21.00 20.00 19.00 18.00 17.00 16.00 15.00 14.00 13.00 12.00 11.00 10.00 9.00 8.00 7.00 6.00 5.00 4.00 3.00 2.00 1.00 0.00 0.00 0.00 0.00 0.00 0.00 0.00 0.00 0.00 0.00 0.00
111.00 111.00 111.00 109.00 109.00 111.00 112.00 109.00 109.00 108.00 107.00 107.00 107.00 106.00 105.00 103.00 100.00 100.00 99.00 97.00 95.00 93.00 92.00 90.00 88.00 87.00 86.00 85.00 83.00 82.00 81.00 80.00 79.00 77.00 76.00 75.00 74.00 1271.00 28.00 27.00 26.00 25.00 24.00 23.00 22.00 21.00 20.00 19.00 18.00 17.00 16.00 15.00 14.00 13.00 12.00 11.00 10.00 9.00 8.00 7.00 6.00 5.00 4.00 3.00 2.00 1.00 0.00 0.00 0.00 0.00 0.00 0.00 0.00 0.00 0.00 0.00 0.00 0.00
110.00 110.00 110.00 108.00 108.00 110.00 111.00 108.00 108.00 107.00 106.00 106.00 106.00 105.00 104.00 102.00 99.00 99.00 98.00 96.00 94.00 92.00 91.00 89.00 87.00 86.00 85.00 84.00 82.00 81.00 80.00 79.00 78.00 76.00 75.00 74.00 73.00 72.00 1168.00 27.00 26.00 25.00 24.00 23.00 22.00 21.00 20.00 19.00 18.00 17.00 16.00 15.00 14.00 13.00 12.00 11.00 10.00 9.00 8.00 7.00 6.00 5.00 4.00 3.00 2.00 1.00 0.00 0.00 0.00 0.00 0.00 0.00 0.00 0.00 0.00 0.00 0.00 0.00
109.00 109.00 109.00 107.00 107.00 109.00 110.00 107.00 107.00 106.00 105.00 105.00 105.00 104.00 103.00 101.00 98.00 98.00 97.00 95.00 93.00 91.00 90.00 88.00 86.00 85.00 84.00 83.00 81.00 80.00 79.00 78.00 77.00 75.00 74.00 73.00 72.00 71.00 70.00 1068.00 25.00 24.00 23.00 22.00 21.00 20.00 19.00 18.00 17.00 16.00 15.00 14.00 13.00 12.00 11.00 10.00 9.00 8.00 7.00 6.00 5.00 4.00 3.00 2.00 1.00 0.00 0.00 0.00 0.00 0.00 0.00 0.00 0.00 0.00 0.00 0.00 0.00 0.00
108.00 108.00 108.00 106.00 106.00 108.00 109.00 106.00 106.00 105.00 104.00 104.00 104.00 103.00 102.00 100.00 97.00 97.00 96.00 94.00 92.00 90.00 89.00 87.00 85.00 84.00 83.00 82.00 80.00 79.00 78.00 77.00 76.00 74.00 73.00 72.00 71.00 70.00 69.00 67.00 973.00 24.00 23.00 22.00 21.00 20.00 19.00 18.00 17.00 16.00 15.00 14.00 13.00 12.00 11.00 10.00 9.00 8.00 7.00 6.00 5.00 4.00 3.00 2.00 1.00 0.00 0.00 0.00 0.00 0.00 0.00 0.00 0.00 0.00 0.00 0.00 0.00 0.00
107.00 107.00 107.00 105.00 105.00 107.00 108.00 105.00 105.00 104.00 103.00 103.00 103.00 102.00 101.00 99.00 96.00 96.00 95.00 93.00 91.00 89.00 88.00 86.00 84.00 83.00 82.00 81.00 79.00 78.00 77.00 76.00 75.00 73.00 72.00 71.00 70.00 69.00 68.00 66.00 65.00 881.00 22.00 21.00 20.00 19.00 18.00 17.00 16.00 15.00 14.00 13.00 12.00 11.00 10.00 9.00 8.00 7.00 6.00 5.00 4.00 3.00 2.00 1.00 0.00 0.00 0.00 0.00 0.00 0.00 0.00 0.00 0.00 0.00 0.00 0.00 0.00 0.00
106.00 106.00 106.00 104.00 104.00 106.00 107.00 104.00 104.00 103.00 102.00 102.00 102.00 101.00 100.00 98.00 95.00 95.00 94.00 92.00 90.00 88.00 87.00 85.00 83.00 82.00 81.00 80.00 78.00 77.00 76.00 75.00 74.00 72.00 71.00 70.00 69.00 68.00 67.00 65.00 64.00 62.00 794.00 21.00 20.00 19.00 18.00 17.00 16.00 15.00 14.00 13.00 12.00 11.00 10.00 9.00 8.00 7.00 6.00 5.00 4.00 3.00 2.00 1.00 0.00 0.00 0.00 0.00 0.00 0.00 0.00 0.00 0.00 0.00 0.00 0.00 0.00 0.00
105.00 105.00 105.00 103.00 103.00 105.00 106.00 103.00 103.00 102.00 101.00 101.00 101.00 100.00 99.00 97.00 94.00 94.00 93.00 91.00 89.00 87.00 86.00 84.00 82.00 81.00 80.00 79.00 77.00 76.00 75.00 74.00 73.00 71.00 70.00 69.00 68.00 67.00 66.00 64.00 63.00 61.00 58.00 712.00 19.00 18.00 17.00 16.00 15.00 14.00 13.00 12.00 11.00 10.00 9.00 8.00 7.00 6.00 5.00 4.00 3.00 2.00 1.00 0.00 0.00 0.00 0.00 0.00 0.00 0.00 0.00 0.00 0.00 0.00 0.00 0.00 0.00 0.00
104.00 104.00 104.00 102.00 102.00 104.00 105.00 102.00 102.00 101.00 100.00 100.00 100.00 99.00 98.00 96.00 93.00 93.00 92.00 90.00 88.00 86.00 85.00 83.00 81.00 80.00 79.00 78.00 76.00 75.00 74.00 73.00 72.00 70.00 69.00 68.00 67.00 66.00 65.00 63.00 62.00 60.00 57.00 56.00 634.00 19.00 18.00 17.00 16.00 15.00 14.00 13.00 12.00 11.00 10.00 9.00 8.00 7.00 6.00 5.00 4.00 3.00 2.00 1.00 0.00 0.00 0.00 0.00 0.00 0.00 0.00 0.00 0.00 0.00 0.00 0.00 0.00 0.00
103.00 103.00 103.00 101.00 101.00 103.00 104.00 101.00 101.00 100.00 99.00 99.00 99.00 98.00 97.00 95.00 92.00 92.00 91.00 89.00 87.00 85.00 84.00 82.00 80.00 79.00 78.00 77.00 75.00 74.00 73.00 72.00 71.00 69.00 68.00 67.00 66.00 65.00 64.00 62.00 61.00 59.00 56.00 55.00 53.00 559.00 18.00 17.00 16.00 15.00 14.00 13.00 12.00 11.00 10.00 9.00 8.00 7.00 6.00 5.00 4.00 3.00 2.00 1.00 0.00 0.00 0.00 0.00 0.00 0.00 0.00 0.00 0.00 0.00 0.00 0.00 0.00 0.00
102.00 102.00 102.00 100.00 100.00 102.00 103.00 100.00 100.00 99.00 98.00 98.00 98.00 97.00 96.00 94.00 91.00 91.00 90.00 88.00 86.00 84.00 83.00 81.00 79.00 78.00 77.00 76.00 74.00 73.00 72.00 71.00 70.00 68.00 67.00 66.00 65.00 64.00 63.00 61.00 60.00 58.00 55.00 54.00 52.00 50.00 488.00 17.00 16.00 15.00 14.00 13.00 12.00 11.00 10.00 9.00 8.00 7.00 6.00 5.00 4.00 3.00 2.00 1.00 0.00 0.00 0.00 0.00 0.00 0.00 0.00 0.00 0.00 0.00 0.00 0.00 0.00 0.00
101.00 101.00 101.00 99.00 99.00 101.00 102.00 99.00 99.00 98.00 97.00 97.00 97.00 96.00 95.00 93.00 90.00 90.00 89.00 87.00 85.00 83.00 82.00 80.00 78.00 77.00 76.00 75.00 73.00 72.00 71.00 70.00 69.00 67.00 66.00 65.00 64.00 63.00 62.00 60.00 59.00 57.00 54.00 53.00 51.00 49.00 45.00 423.00 16.00 15.00 14.00 13.00 12.00 11.00 10.00 9.00 8.00 7.00 6.00 5.00 4.00 3.00 2.00 1.00 0.00 0.00 0.00 0.00 0.00 0.00 0.00 0.00 0.00 0.00 0.00 0.00 0.00 0.00
100.00 100.00 100.00 98.00 98.00 100.00 101.00 98.00 98.00 97.00 96.00 96.00 96.00 95.00 94.00 92.00 89.00 89.00 88.00 86.00 84.00 82.00 81.00 79.00 77.00 76.00 75.00 74.00 72.00 71.00 70.00 69.00 68.00 66.00 65.00 64.00 63.00 62.00 61.00 59.00 58.00 56.00 53.00 52.00 50.00 48.00 44.00 42.00 362.00 16.00 15.00 14.00 13.00 12.00 11.00 10.00 9.00 8.00 7.00 6.00 5.00 4.00 3.00 2.00 1.00 0.00 0.00 0.00 0.00 0.00 0.00 0.00 0.00 0.00 0.00 0.00 0.00 0.00
99.00 99.00 99.00 97.00 97.00 99.00 100.00 97.00 97.00 96.00 95.00 95.00 95.00 94.00 93.00 91.00 88.00 88.00 87.00 85.00 83.00 81.00 80.00 78.00 76.00 75.00 74.00 73.00 71.00 70.00 69.00 68.00 67.00 65.00 64.00 63.00 62.00 61.00 60.00 58.00 57.00 55.00 52.00 51.00 49.00 47.00 43.00 41.00 31.00 312.00 15.00 14.00 13.00 12.00 11.00 10.00 9.00 8.00 7.00 6.00 5.00 4.00 3.00 2.00 1.00 0.00 0.00 0.00 0.00 0.00 0.00 0.00 0.00 0.00 0.00 0.00 0.00 0.00
98.00 98.00 98.00 96.00 96.00 98.00 99.00 96.00 96.00 95.00 94.00 94.00 94.00 93.00 92.00 90.00 87.00 87.00 86.00 84.00 82.00 80.00 79.00 77.00 75.00 74.00 73.00 72.00 70.00 69.00 68.00 67.00 66.00 64.00 63.00 62.00 61.00 60.00 59.00 57.00 56.00 54.00 51.00 50.00 48.00 46.00 42.00 40.00 30.00 27.00 267.00 14.00 13.00 12.00 11.00 10.00 9.00 8.00 7.00 6.00 5.00 4.00 3.00 2.00 1.00 0.00 0.00 0.00 0.00 0.00 0.00 0.00 0.00 0.00 0.00 0.00 0.00 0.00
97.00 97.00 97.00 95.00 95.00 97.00 98.00 95.00 95.00 94.00 93.00 93.00 93.00 92.00 91.00 89.00 86.00 86.00 85.00 83.00 81.00 79.00 78.00 76.00 74.00 73.00 72.00 71.00 69.00 68.00 67.00 66.00 65.00 63.00 62.00 61.00 60.00 59.00 58.00 56.00 55.00 53.00 50.00 49.00 47.00 45.00 41.00 39.00 29.00 26.00 24.00 226.00 13.00 12.00 11.00 10.00 9.00 8.00 7.00 6.00 5.00 4.00 3.00 2.00 1.00 0.00 0.00 0.00 0.00 0.00 0.00 0.00 0.00 0.00 0.00 0.00 0.00 0.00
96.00 96.00 96.00 94.00 94.00 96.00 97.00 94.00 94.00 93.00 92.00 92.00 92.00 91.00 90.00 88.00 85.00 85.00 84.00 82.00 80.00 78.00 77.00 75.00 73.00 72.00 71.00 70.00 68.00 67.00 66.00 65.00 64.00 62.00 61.00 60.00 59.00 58.00 57.00 55.00 54.00 52.00 49.00 48.00 46.00 44.00 40.00 38.00 28.00 25.00 23.00 22.00 188.00 12.00 11.00 10.00 9.00 8.00 7.00 6.00 5.00 4.00 3.00 2.00 1.00 0.00 0.00 0.00 0.00 0.00 0.00 0.00 0.00 0.00 0.00 0.00 0.00 0.00
95.00 95.00 95.00 93.00 93.00 95.00 96.00 93.00 93.00 92.00 91.00 91.00 91.00 90.00 89.00 87.00 84.00 84.00 83.00 81.00 79.00 77.00 76.00 74.00 72.00 71.00 70.00 69.00 67.00 66.00 65.00 64.00 63.00 61.00 60.00 59.00 58.00 57.00 56.00 54.00 53.00 51.00 48.00 47.00 45.00 43.00 39.00 37.00 27.00 24.00 22.00 21.00 19.00 154.00 11.00 10.00 9.00 8.00 7.00 6.00 5.00 4.00 3.00 2.00 1.00 0.00 0.00 0.00 0.00 0.00 0.00 0.00 0.00 0.00 0.00 0.00 0.00 0.00
94.00 94.00 94.00 92.00 92.00 94.00 95.00 92.00 92.00 91.00 90.00 90.00 90.00 89.00 88.00 86.00 83.00 83.00 82.00 80.00 78.00 76.00 75.00 73.00 71.00 70.00 69.00 68.00 66.00 65.00 64.00 63.00 62.00 60.00 59.00 58.00 57.00 56.00 55.00 53.00 52.00 50.00 47.00 46.00 44.00 42.00 38.00 36.00 26.00 23.00 21.00 20.00 18.00 17.00 123.00 10.00 9.00 8.00 7.00 6.00 5.00 4.00 3.00 2.00 1.00 0.00 0.00 0.00 0.00 0.00 0.00 0.00 0.00 0.00 0.00 0.00 0.00 0.00
93.00 93.00 93.00 91.00 91.00 93.00 94.00 91.00 91.00 90.00 89.00 89.00 89.00 88.00 87.00 85.00 82.00 82.00 81.00 79.00 77.00 75.00 74.00 72.00 70.00 69.00 68.00 67.00 65.00 64.00 63.00 62.00 61.00 59.00 58.00 57.00 56.00 55.00 54.00 52.00 51.00 49.00 46.00 45.00 43.00 41.00 37.00 35.00 25.00 22.00 20.00 19.00 17.00 16.00 13.00 97.00 9.00 8.00 7.00 6.00 5.00 4.00 3.00 2.00 1.00 0.00 0.00 0.00 0.00 0.00 0.00 0.00 0.00 0.00 0.00 0.00 0.00 0.00
92.00 92.00 92.00 90.00 90.00 92.00 93.00 90.00 90.00 89.00 88.00 88.00 88.00 87.00 86.00 84.00 81.00 81.00 80.00 78.00 76.00 74.00 73.00 71.00 69.00 68.00 67.00 66.00 64.00 63.00 62.00 61.00 60.00 58.00 57.00 56.00 55.00 54.00 53.00 51.00 50.00 48.00 45.00 44.00 42.00 40.00 36.00 34.00 24.00 21.00 19.00 18.00 16.00 15.00 12.00 8.00 77.00 8.00 7.00 6.00 5.00 4.00 3.00 2.00 1.00 0.00 0.00 0.00 0.00 0.00 0.00 0.00 0.00 0.00 0.00 0.00 0.00 0.00
91.00 91.00 91.00 89.00 89.00 91.00 92.00 89.00 89.00 88.00 87.00 87.00 87.00 86.00 85.00 83.00 80.00 80.00 79.00 77.00 75.00 73.00 72.00 70.00 68.00 67.00 66.00 65.00 63.00 62.00 61.00 60.00 59.00 57.00 56.00 55.00 54.00 53.00 52.00 50.00 49.00 47.00 44.00 43.00 41.00 39.00 35.00 33.00 23.00 20.00 18.00 17.00 15.00 14.00 11.00 7.00 7.00 59.00 7.00 6.00 5.00 4.00 3.00 2.00 1.00 0.00 0.00 0.00 0.00 0.00 0.00 0.00 0.00 0.00 0.00 0.00 0.00 0.00
90.00 90.00 90.00 88.00 88.00 90.00 91.00 88.00 88.00 87.00 86.00 86.00 86.00 85.00 84.00 82.00 79.00 79.00 78.00 76.00 74.00 72.00 71.00 69.00 67.00 66.00 65.00 64.00 62.00 61.00 60.00 59.00 58.00 56.00 55.00 54.00 53.00 52.00 51.00 49.00 48.00 46.00 43.00 42.00 40.00 38.00 34.00 32.00 22.00 19.00 17.00 16.00 14.00 13.00 10.00 6.00 6.00 5.00 44.00 6.00 5.00 4.00 3.00 2.00 1.00 0.00 0.00 0.00 0.00 0.00 0.00 0.00 0.00 0.00 0.00 0.00 0.00 0.00
89.00 89.00 89.00 87.00 87.00 89.00 90.00 87.00 87.00 86.00 85.00 85.00 85.00 84.00 83.00 81.00 78.00 78.00 77.00 75.00 73.00 71.00 70.00 68.00 66.00 65.00 64.00 63.00 61.00 60.00 59.00 58.00 57.00 55.00 54.00 53.00 52.00 51.00 50.00 48.00 47.00 45.00 42.00 41.00 39.00 37.00 33.00 31.00 21.00 18.00 16.00 15.00 13.00 12.00 9.00 5.00 5.00 4.00 4.00 31.00 6.00 5.00 4.00 3.00 2.00 1.00 0.00 0.00 0.00 0.00 0.00 0.00 0.00 0.00 0.00 0.00 0.00 0.00
88.00 88.00 88.00 86.00 86.00 88.00 89.00 86.00 86.00 85.00 84.00 84.00 84.00 83.00 82.00 80.00 77.00 77.00 76.00 74.00 72.00 70.00 69.00 67.00 65.00 64.00 63.00 62.00 60.00 59.00 58.00 57.00 56.00 54.00 53.00 52.00 51.00 50.00 49.00 47.00 46.00 44.00 41.00 40.00 38.00 36.00 32.00 30.00 20.00 17.00 15.00 14.00 12.00 11.00 8.00 4.00 4.00 3.00 3.00 2.00 20.00 5.00 4.00 3.00 2.00 1.00 0.00 0.00 0.00 0.00 0.00 0.00 0.00 0.00 0.00 0.00 0.00 0.00
87.00 87.00 87.00 85.00 85.00 87.00 88.00 85.00 85.00 84.00 83.00 83.00 83.00 82.00 81.00 79.00 76.00 76.00 75.00 73.00 71.00 69.00 68.00 66.00 64.00 63.00 62.00 61.00 59.00 58.00 57.00 56.00 55.00 53.00 52.00 51.00 50.00 49.00 48.00 46.00 45.00 43.00 40.00 39.00 37.00 35.00 31.00 29.00 19.00 16.00 14.00 13.00 11.00 10.00 7.00 3.00 3.00 2.00 2.00 1.00 1.00 11.00 4.00 3.00 2.00 1.00 0.00 0.00 0.00 0.00 0.00 0.00 0.00 0.00 0.00 0.00 0.00 0.00
86.00 86.00 86.00 84.00 84.00 86.00 87.00 84.00 84.00 83.00 82.00 82.00 82.00 81.00 80.00 78.00 75.00 75.00 74.00 72.00 70.00 68.00 67.00 65.00 63.00 62.00 61.00 60.00 58.00 57.00 56.00 55.00 54.00 52.00 51.00 50.00 49.00 48.00 47.00 45.00 44.00 42.00 39.00 38.00 36.00 34.00 30.00 28.00 18.00 15.00 13.00 12.00 10.00 9.00 6.00 2.00 2.00 1.00 1.00 0.00 0.00 0.00 4.00 3.00 2.00 1.00 0.00 0.00 0.00 0.00 0.00 0.00 0.00 0.00 0.00 0.00 0.00 0.00
85.00 85.00 85.00 83.00 83.00 85.00 86.00 83.00 83.00 82.00 81.00 81.00 81.00 80.00 79.00 77.00 74.00 74.00 73.00 71.00 69.00 67.00 66.00 64.00 62.00 61.00 60.00 59.00 57.00 56.00 55.00 54.00 53.00 51.00 50.00 49.00 48.00 47.00 46.00 44.00 43.00 41.00 38.00 37.00 35.00 33.00 29.00 27.00 17.00 14.00 12.00 11.00 9.00 8.00 5.00 1.00 1.00 0.00 0.00 0.00 0.00 0.00 0.00 0.00 0.00 0.00 0.00 0.00 0.00 0.00 0.00 0.00 0.00 0.00 0.00 0.00 0.00 0.00
84.00 84.00 84.00 82.00 82.00 84.00 85.00 82.00 82.00 81.00 80.00 80.00 80.00 79.00 78.00 76.00 73.00 73.00 72.00 70.00 68.00 66.00 65.00 63.00 61.00 60.00 59.00 58.00 56.00 55.00 54.00 53.00 52.00 50.00 49.00 48.00 47.00 46.00 45.00 43.00 42.00 40.00 37.00 36.00 34.00 32.00 28.00 26.00 16.00 13.00 11.00 10.00 8.00 7.00 4.00 0.00 0.00 0.00 0.00 0.00 0.00 0.00 0.00 0.00 0.00 0.00 0.00 0.00 0.00 0.00 0.00 0.00 0.00 0.00 0.00 0.00 0.00 0.00
83.00 83.00 83.00 81.00 81.00 83.00 84.00 81.00 81.00 80.00 79.00 79.00 79.00 78.00 77.00 75.00 72.00 72.00 71.00 69.00 67.00 65.00 64.00 62.00 60.00 59.00 58.00 57.00 55.00 54.00 53.00 52.00 51.00 49.00 48.00 47.00 46.00 45.00 44.00 42.00 41.00 39.00 36.00 35.00 33.00 31.00 27.00 25.00 15.00 12.00 10.00 9.00 7.00 6.00 3.00 0.00 0.00 0.00 0.00 0.00 0.00 0.00 0.00 0.00 0.00 0.00 0.00 0.00 0.00 0.00 0.00 0.00 0.00 0.00 0.00 0.00 0.00 0.00
