examples/SSHydro/ERA5_ETp_spatially_from_weill/prepro/dtm_A_inflow
north:     0
south:     1148850.00000000
east:      0
west:      3308250.00000000
rows:    154
cols:    240
[rows 70 to 104 of 154, columns 156 to 233 of 240]
82.00 82.00 82.00 80.00 80.00 82.00 83.00 80.00 80.00 79.00 78.00 78.00 78.00 77.00 76.00 74.00 71.00 71.00 70.00 68.00 66.00 64.00 63.00 61.00 59.00 58.00 57.00 56.00 54.00 53.00 52.00 51.00 50.00 48.00 47.00 46.00 45.00 44.00 43.00 41.00 40.00 38.00 35.00 34.00 32.00 30.00 26.00 24.00 14.00 11.00 9.00 8.00 6.00 5.00 2.00 0.00 0.00 0.00 0.00 0.00 0.00 0.00 0.00 0.00 0.00 0.00 0.00 0.00 0.00 0.00 0.00 0.00 0.00 0.00 0.00 0.00 0.00 0.00
81.00 81.00 81.00 79.00 79.00 81.00 82.00 79.00 79.00 78.00 77.00 77.00 77.00 76.00 75.00 73.00 70.00 70.00 69.00 67.00 65.00 63.00 62.00 60.00 58.00 57.00 56.00 55.00 53.00 52.00 51.00 50.00 49.00 47.00 46.00 45.00 44.00 43.00 42.00 40.00 39.00 37.00 34.00 33.00 31.00 29.00 25.00 23.00 13.00 10.00 8.00 7.00 5.00 4.00 1.00 0.00 0.00 0.00 0.00 0.00 0.00 0.00 0.00 0.00 0.00 0.00 0.00 0.00 0.00 0.00 0.00 0.00 0.00 0.00 0.00 0.00 0.00 0.00
80.00 80.00 80.00 78.00 78.00 80.00 81.00 78.00 78.00 77.00 76.00 76.00 76.00 75.00 74.00 72.00 69.00 69.00 68.00 66.00 64.00 62.00 61.00 59.00 57.00 56.00 55.00 54.00 52.00 51.00 50.00 49.00 48.00 46.00 45.00 44.00 43.00 42.00 41.00 39.00 38.00 36.00 33.00 32.00 30.00 28.00 24.00 22.00 12.00 9.00 7.00 6.00 4.00 3.00 0.00 0.00 0.00 0.00 0.00 0.00 0.00 0.00 0.00 0.00 0.00 0.00 0.00 0.00 0.00 0.00 0.00 0.00 0.00 0.00 0.00 0.00 0.00 0.00
79.00 79.00 79.00 77.00 77.00 79.00 80.00 77.00 77.00 76.00 75.00 75.00 75.00 74.00 73.00 71.00 68.00 68.00 67.00 65.00 63.00 61.00 60.00 58.00 56.00 55.00 54.00 53.00 51.00 50.00 49.00 48.00 47.00 45.00 44.00 43.00 42.00 41.00 40.00 38.00 37.00 35.00 32.00 31.00 29.00 27.00 23.00 21.00 11.00 8.00 6.00 5.00 3.00 2.00 0.00 0.00 0.00 0.00 0.00 0.00 0.00 0.00 0.00 0.00 0.00 0.00 0.00 0.00 0.00 0.00 0.00 0.00 0.00 0.00 0.00 0.00 0.00 0.00
78.00 78.00 78.00 76.00 76.00 78.00 79.00 76.00 76.00 75.00 74.00 74.00 74.00 73.00 72.00 70.00 67.00 67.00 66.00 64.00 62.00 60.00 59.00 57.00 55.00 54.00 53.00 52.00 50.00 49.00 48.00 47.00 46.00 44.00 43.00 42.00 41.00 40.00 39.00 37.00 36.00 34.00 31.00 30.00 28.00 26.00 22.00 20.00 10.00 7.00 5.00 4.00 2.00 1.00 0.00 0.00 0.00 0.00 0.00 0.00 0.00 0.00 0.00 0.00 0.00 0.00 0.00 0.00 0.00 0.00 0.00 0.00 0.00 0.00 0.00 0.00 0.00 0.00
77.00 77.00 77.00 75.00 75.00 77.00 78.00 75.00 75.00 74.00 73.00 73.00 73.00 72.00 71.00 69.00 66.00 66.00 65.00 63.00 61.00 59.00 58.00 56.00 54.00 53.00 52.00 51.00 49.00 48.00 47.00 46.00 45.00 43.00 42.00 41.00 40.00 39.00 38.00 36.00 35.00 33.00 30.00 29.00 27.00 25.00 21.00 19.00 9.00 6.00 4.00 3.00 1.00 0.00 0.00 0.00 0.00 0.00 0.00 0.00 0.00 0.00 0.00 0.00 0.00 0.00 0.00 0.00 0.00 0.00 0.00 0.00 0.00 0.00 0.00 0.00 0.00 0.00
76.00 76.00 76.00 74.00 74.00 76.00 77.00 74.00 74.00 73.00 72.00 72.00 72.00 71.00 70.00 68.00 65.00 65.00 64.00 62.00 60.00 58.00 57.00 55.00 53.00 52.00 51.00 50.00 48.00 47.00 46.00 45.00 44.00 42.00 41.00 40.00 39.00 38.00 37.00 35.00 34.00 32.00 29.00 28.00 26.00 24.00 20.00 18.00 8.00 5.00 3.00 2.00 0.00 0.00 0.00 0.00 0.00 0.00 0.00 0.00 0.00 0.00 0.00 0.00 0.00 0.00 0.00 0.00 0.00 0.00 0.00 0.00 0.00 0.00 0.00 0.00 0.00 0.00
75.00 75.00 75.00 73.00 73.00 75.00 76.00 73.00 73.00 72.00 71.00 71.00 71.00 70.00 69.00 67.00 64.00 64.00 63.00 61.00 59.00 57.00 56.00 54.00 52.00 51.00 50.00 49.00 47.00 46.00 45.00 44.00 43.00 41.00 40.00 39.00 38.00 37.00 36.00 34.00 33.00 31.00 28.00 27.00 25.00 23.00 19.00 17.00 7.00 4.00 2.00 1.00 0.00 0.00 0.00 0.00 0.00 0.00 0.00 0.00 0.00 0.00 0.00 0.00 0.00 0.00 0.00 0.00 0.00 0.00 0.00 0.00 0.00 0.00 0.00 0.00 0.00 0.00
74.00 74.00 74.00 72.00 72.00 74.00 75.00 72.00 72.00 71.00 70.00 70.00 70.00 69.00 68.00 66.00 63.00 63.00 62.00 60.00 58.00 56.00 55.00 53.00 51.00 50.00 49.00 48.00 46.00 45.00 44.00 43.00 42.00 40.00 39.00 38.00 37.00 36.00 35.00 33.00 32.00 30.00 27.00 26.00 24.00 22.00 18.00 16.00 6.00 3.00 1.00 0.00 0.00 0.00 0.00 0.00 0.00 0.00 0.00 0.00 0.00 0.00 0.00 0.00 0.00 0.00 0.00 0.00 0.00 0.00 0.00 0.00 0.00 0.00 0.00 0.00 0.00 0.00
73.00 73.00 73.00 71.00 71.00 73.00 74.00 71.00 71.00 70.00 69.00 69.00 69.00 68.00 67.00 65.00 62.00 62.00 61.00 59.00 57.00 55.00 54.00 52.00 50.00 49.00 48.00 47.00 45.00 44.00 43.00 42.00 41.00 39.00 38.00 37.00 36.00 35.00 34.00 32.00 31.00 29.00 26.00 25.00 23.00 21.00 17.00 15.00 5.00 2.00 0.00 0.00 0.00 0.00 0.00 0.00 0.00 0.00 0.00 0.00 0.00 0.00 0.00 0.00 0.00 0.00 0.00 0.00 0.00 0.00 0.00 0.00 0.00 0.00 0.00 0.00 0.00 0.00
72.00 72.00 72.00 70.00 70.00 72.00 73.00 70.00 70.00 69.00 68.00 68.00 68.00 67.00 66.00 64.00 61.00 61.00 60.00 58.00 56.00 54.00 53.00 51.00 49.00 48.00 47.00 46.00 44.00 43.00 42.00 41.00 40.00 38.00 37.00 36.00 35.00 34.00 33.00 31.00 30.00 28.00 25.00 24.00 22.00 20.00 16.00 14.00 4.00 1.00 0.00 0.00 0.00 0.00 0.00 0.00 0.00 0.00 0.00 0.00 0.00 0.00 0.00 0.00 0.00 0.00 0.00 0.00 0.00 0.00 0.00 0.00 0.00 0.00 0.00 0.00 0.00 0.00
71.00 71.00 71.00 69.00 69.00 71.00 72.00 69.00 69.00 68.00 67.00 67.00 67.00 66.00 65.00 63.00 60.00 60.00 59.00 57.00 55.00 53.00 52.00 50.00 48.00 47.00 46.00 45.00 43.00 42.00 41.00 40.00 39.00 37.00 36.00 35.00 34.00 33.00 32.00 30.00 29.00 27.00 24.00 23.00 21.00 19.00 15.00 13.00 3.00 0.00 0.00 0.00 0.00 0.00 0.00 0.00 0.00 0.00 0.00 0.00 0.00 0.00 0.00 0.00 0.00 0.00 0.00 0.00 0.00 0.00 0.00 0.00 0.00 0.00 0.00 0.00 0.00 0.00
70.00 70.00 70.00 68.00 68.00 70.00 71.00 68.00 68.00 67.00 66.00 66.00 66.00 65.00 64.00 62.00 59.00 59.00 58.00 56.00 54.00 52.00 51.00 49.00 47.00 46.00 45.00 44.00 42.00 41.00 40.00 39.00 38.00 36.00 35.00 34.00 33.00 32.00 31.00 29.00 28.00 26.00 23.00 22.00 20.00 18.00 14.00 12.00 2.00 0.00 0.00 0.00 0.00 0.00 0.00 0.00 0.00 0.00 0.00 0.00 0.00 0.00 0.00 0.00 0.00 0.00 0.00 0.00 0.00 0.00 0.00 0.00 0.00 0.00 0.00 0.00 0.00 0.00
69.00 69.00 69.00 67.00 67.00 69.00 70.00 67.00 67.00 66.00 65.00 65.00 65.00 64.00 63.00 61.00 58.00 58.00 57.00 55.00 53.00 51.00 50.00 48.00 46.00 45.00 44.00 43.00 41.00 40.00 39.00 38.00 37.00 35.00 34.00 33.00 32.00 31.00 30.00 28.00 27.00 25.00 22.00 21.00 19.00 17.00 13.00 11.00 1.00 0.00 0.00 0.00 0.00 0.00 0.00 0.00 0.00 0.00 0.00 0.00 0.00 0.00 0.00 0.00 0.00 0.00 0.00 0.00 0.00 0.00 0.00 0.00 0.00 0.00 0.00 0.00 0.00 0.00
68.00 68.00 68.00 66.00 66.00 68.00 69.00 66.00 66.00 65.00 64.00 64.00 64.00 63.00 62.00 60.00 57.00 57.00 56.00 54.00 52.00 50.00 49.00 47.00 45.00 44.00 43.00 42.00 40.00 39.00 38.00 37.00 36.00 34.00 33.00 32.00 31.00 30.00 29.00 27.00 26.00 24.00 21.00 20.00 18.00 16.00 12.00 10.00 0.00 0.00 0.00 0.00 0.00 0.00 0.00 0.00 0.00 0.00 0.00 0.00 0.00 0.00 0.00 0.00 0.00 0.00 0.00 0.00 0.00 0.00 0.00 0.00 0.00 0.00 0.00 0.00 0.00 0.00
67.00 67.00 67.00 65.00 65.00 67.00 68.00 65.00 65.00 64.00 63.00 63.00 63.00 62.00 61.00 59.00 56.00 56.00 55.00 53.00 51.00 49.00 48.00 46.00 44.00 43.00 42.00 41.00 39.00 38.00 37.00 36.00 35.00 33.00 32.00 31.00 30.00 29.00 28.00 26.00 25.00 23.00 20.00 19.00 17.00 15.00 11.00 9.00 0.00 0.00 0.00 0.00 0.00 0.00 0.00 0.00 0.00 0.00 0.00 0.00 0.00 0.00 0.00 0.00 0.00 0.00 0.00 0.00 0.00 0.00 0.00 0.00 0.00 0.00 0.00 0.00 0.00 0.00
66.00 66.00 66.00 64.00 64.00 66.00 67.00 64.00 64.00 63.00 62.00 62.00 62.00 61.00 60.00 58.00 55.00 55.00 54.00 52.00 50.00 48.00 47.00 45.00 43.00 42.00 41.00 40.00 38.00 37.00 36.00 35.00 34.00 32.00 31.00 30.00 29.00 28.00 27.00 25.00 24.00 22.00 19.00 18.00 16.00 14.00 10.00 7.00 0.00 0.00 0.00 0.00 0.00 0.00 0.00 0.00 0.00 0.00 0.00 0.00 0.00 0.00 0.00 0.00 0.00 0.00 0.00 0.00 0.00 0.00 0.00 0.00 0.00 0.00 0.00 0.00 0.00 0.00
65.00 65.00 65.00 63.00 63.00 65.00 66.00 63.00 63.00 62.00 61.00 61.00 61.00 60.00 59.00 57.00 54.00 54.00 53.00 51.00 49.00 47.00 46.00 44.00 42.00 41.00 40.00 39.00 37.00 36.00 35.00 34.00 33.00 31.00 30.00 29.00 28.00 27.00 26.00 24.00 23.00 21.00 18.00 17.00 15.00 13.00 9.00 6.00 0.00 0.00 0.00 0.00 0.00 0.00 0.00 0.00 0.00 0.00 0.00 0.00 0.00 0.00 0.00 0.00 0.00 0.00 0.00 0.00 0.00 0.00 0.00 0.00 0.00 0.00 0.00 0.00 0.00 0.00
64.00 64.00 64.00 62.00 62.00 64.00 65.00 62.00 62.00 61.00 60.00 60.00 60.00 59.00 58.00 56.00 53.00 53.00 52.00 50.00 48.00 46.00 45.00 43.00 41.00 40.00 39.00 38.00 36.00 35.00 34.00 33.00 32.00 30.00 29.00 28.00 27.00 26.00 25.00 23.00 22.00 20.00 17.00 16.00 14.00 12.00 8.00 5.00 0.00 0.00 0.00 0.00 0.00 0.00 0.00 0.00 0.00 0.00 0.00 0.00 0.00 0.00 0.00 0.00 0.00 0.00 0.00 0.00 0.00 0.00 0.00 0.00 0.00 0.00 0.00 0.00 0.00 0.00
63.00 63.00 63.00 61.00 61.00 63.00 64.00 61.00 61.00 60.00 59.00 59.00 59.00 58.00 57.00 55.00 52.00 52.00 51.00 49.00 47.00 45.00 44.00 42.00 40.00 39.00 38.00 37.00 35.00 34.00 33.00 32.00 31.00 29.00 28.00 27.00 26.00 25.00 24.00 22.00 21.00 19.00 16.00 15.00 13.00 11.00 7.00 4.00 0.00 0.00 0.00 0.00 0.00 0.00 0.00 0.00 0.00 0.00 0.00 0.00 0.00 0.00 0.00 0.00 0.00 0.00 0.00 0.00 0.00 0.00 0.00 0.00 0.00 0.00 0.00 0.00 0.00 0.00
62.00 62.00 62.00 60.00 60.00 62.00 63.00 60.00 60.00 59.00 58.00 58.00 58.00 57.00 56.00 54.00 51.00 51.00 50.00 48.00 46.00 44.00 43.00 41.00 39.00 38.00 37.00 36.00 34.00 33.00 32.00 31.00 30.00 28.00 27.00 26.00 25.00 24.00 23.00 21.00 20.00 18.00 15.00 14.00 12.00 10.00 6.00 3.00 0.00 0.00 0.00 0.00 0.00 0.00 0.00 0.00 0.00 0.00 0.00 0.00 0.00 0.00 0.00 0.00 0.00 0.00 0.00 0.00 0.00 0.00 0.00 0.00 0.00 0.00 0.00 0.00 0.00 0.00
61.00 61.00 61.00 59.00 59.00 61.00 62.00 59.00 59.00 58.00 57.00 57.00 57.00 56.00 55.00 53.00 50.00 50.00 49.00 47.00 45.00 43.00 42.00 40.00 38.00 37.00 36.00 35.00 33.00 32.00 31.00 30.00 29.00 27.00 26.00 25.00 24.00 23.00 22.00 20.00 19.00 17.00 14.00 13.00 11.00 9.00 5.00 2.00 0.00 0.00 0.00 0.00 0.00 0.00 0.00 0.00 0.00 0.00 0.00 0.00 0.00 0.00 0.00 0.00 0.00 0.00 0.00 0.00 0.00 0.00 0.00 0.00 0.00 0.00 0.00 0.00 0.00 0.00
60.00 60.00 60.00 58.00 58.00 60.00 61.00 58.00 58.00 57.00 56.00 56.00 56.00 55.00 54.00 52.00 49.00 49.00 48.00 46.00 44.00 42.00 41.00 39.00 37.00 36.00 35.00 34.00 32.00 31.00 30.00 29.00 28.00 26.00 25.00 24.00 23.00 22.00 21.00 19.00 18.00 16.00 13.00 12.00 10.00 8.00 4.00 1.00 0.00 0.00 0.00 0.00 0.00 0.00 0.00 0.00 0.00 0.00 0.00 0.00 0.00 0.00 0.00 0.00 0.00 0.00 0.00 0.00 0.00 0.00 0.00 0.00 0.00 0.00 0.00 0.00 0.00 0.00
59.00 59.00 59.00 57.00 57.00 59.00 60.00 57.00 57.00 56.00 55.00 55.00 55.00 54.00 53.00 51.00 48.00 48.00 47.00 45.00 43.00 41.00 40.00 38.00 36.00 35.00 34.00 33.00 31.00 30.00 29.00 28.00 27.00 25.00 24.00 23.00 22.00 21.00 20.00 18.00 17.00 15.00 12.00 11.00 9.00 7.00 3.00 0.00 0.00 0.00 0.00 0.00 0.00 0.00 0.00 0.00 0.00 0.00 0.00 0.00 0.00 0.00 0.00 0.00 0.00 0.00 0.00 0.00 0.00 0.00 0.00 0.00 0.00 0.00 0.00 0.00 0.00 0.00
58.00 58.00 58.00 56.00 56.00 58.00 59.00 56.00 56.00 55.00 54.00 54.00 54.00 53.00 52.00 50.00 47.00 47.00 46.00 44.00 42.00 40.00 39.00 37.00 35.00 34.00 33.00 32.00 30.00 29.00 28.00 27.00 26.00 24.00 23.00 22.00 21.00 20.00 19.00 17.00 16.00 14.00 11.00 10.00 8.00 6.00 2.00 0.00 0.00 0.00 0.00 0.00 0.00 0.00 0.00 0.00 0.00 0.00 0.00 0.00 0.00 0.00 0.00 0.00 0.00 0.00 0.00 0.00 0.00 0.00 0.00 0.00 0.00 0.00 0.00 0.00 0.00 0.00
57.00 57.00 57.00 55.00 55.00 57.00 58.00 55.00 55.00 54.00 53.00 53.00 53.00 52.00 51.00 49.00 46.00 46.00 45.00 43.00 41.00 39.00 38.00 36.00 34.00 33.00 32.00 31.00 29.00 28.00 27.00 26.00 25.00 23.00 22.00 21.00 20.00 19.00 18.00 16.00 15.00 13.00 10.00 9.00 7.00 5.00 1.00 0.00 0.00 0.00 0.00 0.00 0.00 0.00 0.00 0.00 0.00 0.00 0.00 0.00 0.00 0.00 0.00 0.00 0.00 0.00 0.00 0.00 0.00 0.00 0.00 0.00 0.00 0.00 0.00 0.00 0.00 0.00
56.00 56.00 56.00 54.00 54.00 56.00 57.00 54.00 54.00 53.00 52.00 52.00 52.00 51.00 50.00 48.00 45.00 45.00 44.00 42.00 40.00 38.00 37.00 35.00 33.00 32.00 31.00 30.00 28.00 27.00 26.00 25.00 24.00 22.00 21.00 20.00 19.00 18.00 17.00 15.00 14.00 12.00 9.00 8.00 6.00 4.00 0.00 0.00 0.00 0.00 0.00 0.00 0.00 0.00 0.00 0.00 0.00 0.00 0.00 0.00 0.00 0.00 0.00 0.00 0.00 0.00 0.00 0.00 0.00 0.00 0.00 0.00 0.00 0.00 0.00 0.00 0.00 0.00
55.00 55.00 55.00 53.00 53.00 55.00 56.00 53.00 53.00 52.00 51.00 51.00 51.00 50.00 49.00 47.00 44.00 44.00 43.00 41.00 39.00 37.00 36.00 34.00 32.00 31.00 30.00 29.00 27.00 26.00 25.00 24.00 23.00 21.00 20.00 19.00 18.00 17.00 16.00 14.00 13.00 11.00 8.00 7.00 5.00 3.00 0.00 0.00 0.00 0.00 0.00 0.00 0.00 0.00 0.00 0.00 0.00 0.00 0.00 0.00 0.00 0.00 0.00 0.00 0.00 0.00 0.00 0.00 0.00 0.00 0.00 0.00 0.00 0.00 0.00 0.00 0.00 0.00
54.00 54.00 54.00 52.00 52.00 54.00 55.00 52.00 52.00 51.00 50.00 50.00 50.00 49.00 48.00 46.00 43.00 43.00 42.00 40.00 38.00 36.00 35.00 33.00 31.00 30.00 29.00 28.00 26.00 25.00 24.00 23.00 22.00 20.00 19.00 18.00 17.00 16.00 15.00 13.00 12.00 10.00 7.00 6.00 4.00 2.00 0.00 0.00 0.00 0.00 0.00 0.00 0.00 0.00 0.00 0.00 0.00 0.00 0.00 0.00 0.00 0.00 0.00 0.00 0.00 0.00 0.00 0.00 0.00 0.00 0.00 0.00 0.00 0.00 0.00 0.00 0.00 0.00
53.00 53.00 53.00 51.00 51.00 53.00 54.00 51.00 51.00 50.00 49.00 49.00 49.00 48.00 47.00 45.00 42.00 42.00 41.00 39.00 37.00 35.00 34.00 32.00 30.00 29.00 28.00 27.00 25.00 24.00 23.00 22.00 21.00 19.00 18.00 17.00 16.00 15.00 14.00 12.00 11.00 9.00 6.00 5.00 3.00 1.00 0.00 0.00 0.00 0.00 0.00 0.00 0.00 0.00 0.00 0.00 0.00 0.00 0.00 0.00 0.00 0.00 0.00 0.00 0.00 0.00 0.00 0.00 0.00 0.00 0.00 0.00 0.00 0.00 0.00 0.00 0.00 0.00
52.00 52.00 52.00 50.00 50.00 52.00 53.00 50.00 50.00 49.00 48.00 48.00 48.00 47.00 46.00 44.00 41.00 41.00 40.00 38.00 36.00 34.00 33.00 31.00 29.00 28.00 27.00 26.00 24.00 23.00 22.00 21.00 20.00 18.00 17.00 16.00 15.00 14.00 13.00 11.00 10.00 8.00 5.00 4.00 2.00 0.00 0.00 0.00 0.00 0.00 0.00 0.00 0.00 0.00 0.00 0.00 0.00 0.00 0.00 0.00 0.00 0.00 0.00 0.00 0.00 0.00 0.00 0.00 0.00 0.00 0.00 0.00 0.00 0.00 0.00 0.00 0.00 0.00
51.00 51.00 51.00 49.00 49.00 51.00 52.00 49.00 49.00 48.00 47.00 47.00 47.00 46.00 45.00 43.00 40.00 40.00 39.00 37.00 35.00 33.00 32.00 30.00 28.00 27.00 26.00 25.00 23.00 22.00 21.00 20.00 19.00 17.00 16.00 15.00 14.00 13.00 12.00 10.00 9.00 7.00 4.00 3.00 1.00 0.00 0.00 0.00 0.00 0.00 0.00 0.00 0.00 0.00 0.00 0.00 0.00 0.00 0.00 0.00 0.00 0.00 0.00 0.00 0.00 0.00 0.00 0.00 0.00 0.00 0.00 0.00 0.00 0.00 0.00 0.00 0.00 0.00
50.00 50.00 50.00 48.00 48.00 50.00 51.00 48.00 48.00 47.00 46.00 46.00 46.00 45.00 44.00 42.00 39.00 39.00 38.00 36.00 34.00 32.00 31.00 29.00 27.00 26.00 25.00 24.00 22.00 21.00 20.00 19.00 18.00 16.00 15.00 14.00 13.00 12.00 11.00 9.00 8.00 6.00 3.00 2.00 0.00 0.00 0.00 0.00 0.00 0.00 0.00 0.00 0.00 0.00 0.00 0.00 0.00 0.00 0.00 0.00 0.00 0.00 0.00 0.00 0.00 0.00 0.00 0.00 0.00 0.00 0.00 0.00 0.00 0.00 0.00 0.00 0.00 0.00
49.00 49.00 49.00 47.00 47.00 49.00 50.00 47.00 47.00 46.00 45.00 45.00 45.00 44.00 43.00 41.00 38.00 38.00 37.00 35.00 33.00 31.00 30.00 28.00 26.00 25.00 24.00 23.00 21.00 20.00 19.00 18.00 17.00 15.00 14.00 13.00 12.00 11.00 10.00 8.00 7.00 5.00 2.00 1.00 0.00 0.00 0.00 0.00 0.00 0.00 0.00 0.00 0.00 0.00 0.00 0.00 0.00 0.00 0.00 0.00 0.00 0.00 0.00 0.00 0.00 0.00 0.00 0.00 0.00 0.00 0.00 0.00 0.00 0.00 0.00 0.00 0.00 0.00
48.00 48.00 48.00 46.00 46.00 48.00 49.00 46.00 46.00 45.00 44.00 44.00 44.00 43.00 42.00 40.00 37.00 37.00 36.00 34.00 32.00 30.00 29.00 27.00 25.00 24.00 23.00 22.00 20.00 19.00 18.00 17.00 16.00 14.00 13.00 12.00 11.00 10.00 9.00 7.00 6.00 4.00 1.00 0.00 0.00 0.00 0.00 0.00 0.00 0.00 0.00 0.00 0.00 0.00 0.00 0.00 0.00 0.00 0.00 0.00 0.00 0.00 0.00 0.00 0.00 0.00 0.00 0.00 0.00 0.00 0.00 0.00 0.00 0.00 0.00 0.00 0.00 0.00
