examplesTmp/catchments/outlets/prepro/dem
north:     0
south:           0.00000000
east:      0
west:            0.00000000
rows:     15
cols:     15
   0.500003380000E+00   0.500003250000E+00   0.500003120000E+00   0.500002990000E+00   0.500002860000E+00   0.500002730000E+00   0.500002600000E+00   0.500002470000E+00   0.500002340000E+00   0.500002210000E+00   0.500002080000E+00   0.500001950000E+00   0.500001820000E+00   0.500001690000E+00   0.500001690000E+00
   0.500003250000E+00   0.115360000000E+01   0.115360000000E+01   0.115360000000E+01   0.115360000000E+01   0.115360000000E+01   0.115360000000E+01   0.115360000000E+01   0.115360000000E+01   0.115360000000E+01   0.115360000000E+01   0.115360000000E+01   0.115360000000E+01   0.115360000000E+01   0.500001560000E+00
   0.500003120000E+00   0.133070000000E+01   0.133070000000E+01   0.133070000000E+01   0.133070000000E+01   0.133070000000E+01   0.133070000000E+01   0.133070000000E+01   0.133070000000E+01   0.133070000000E+01   0.133070000000E+01   0.133070000000E+01   0.133070000000E+01   0.133070000000E+01   0.500001430000E+00
   0.500002990000E+00   0.153510000000E+01   0.153510000000E+01   0.153510000000E+01   0.153510000000E+01   0.153510000000E+01   0.153510000000E+01   0.153510000000E+01   0.153510000000E+01   0.153510000000E+01   0.153510000000E+01   0.153510000000E+01   0.153510000000E+01   0.153510000000E+01   0.500001300000E+00
   0.500002860000E+00   0.177080000000E+01   0.177080000000E+01   0.177080000000E+01   0.177080000000E+01   0.177080000000E+01   0.177080000000E+01   0.177080000000E+01   0.177080000000E+01   0.177080000000E+01   0.177080000000E+01   0.177080000000E+01   0.177080000000E+01   0.177080000000E+01   0.500001170000E+00
   0.500002730000E+00   0.204270000000E+01   0.204270000000E+01   0.204270000000E+01   0.204270000000E+01   0.204270000000E+01   0.204270000000E+01   0.204270000000E+01   0.204270000000E+01   0.204270000000E+01   0.204270000000E+01   0.204270000000E+01   0.204270000000E+01   0.204270000000E+01   0.500001040000E+00
   0.500002600000E+00   0.235640000000E+01   0.235640000000E+01   0.235640000000E+01   0.235640000000E+01   0.235640000000E+01   0.235640000000E+01   0.235640000000E+01   0.235640000000E+01   0.235640000000E+01   0.235640000000E+01   0.235640000000E+01   0.235640000000E+01   0.235640000000E+01   0.500000910000E+00
   0.500002470000E+00   0.271830000000E+01   0.271830000000E+01   0.271830000000E+01   0.271830000000E+01   0.271830000000E+01   0.271830000000E+01   0.271830000000E+01   0.271830000000E+01   0.271830000000E+01   0.271830000000E+01   0.271830000000E+01   0.271830000000E+01   0.271830000000E+01   0.500000780000E+00
   0.500002340000E+00   0.313570000000E+01   0.313570000000E+01   0.313570000000E+01   0.313570000000E+01   0.313570000000E+01   0.313570000000E+01   0.313570000000E+01   0.313570000000E+01   0.313570000000E+01   0.313570000000E+01   0.313570000000E+01   0.313570000000E+01   0.313570000000E+01   0.500000650000E+00
   0.500002210000E+00   0.361730000000E+01   0.361730000000E+01   0.361730000000E+01   0.361730000000E+01   0.361730000000E+01   0.361730000000E+01   0.361730000000E+01   0.361730000000E+01   0.361730000000E+01   0.361730000000E+01   0.361730000000E+01   0.361730000000E+01   0.361730000000E+01   0.500000520000E+00
   0.500002080000E+00   0.417270000000E+01   0.417270000000E+01   0.417270000000E+01   0.417270000000E+01   0.417270000000E+01   0.417270000000E+01   0.417270000000E+01   0.417270000000E+01   0.417270000000E+01   0.417270000000E+01   0.417270000000E+01   0.417270000000E+01   0.417270000000E+01   0.500000390000E+00
   0.500001950000E+00   0.481350000000E+01   0.481350000000E+01   0.481350000000E+01   0.481350000000E+01   0.481350000000E+01   0.481350000000E+01   0.481350000000E+01   0.481350000000E+01   0.481350000000E+01   0.481350000000E+01   0.481350000000E+01   0.481350000000E+01   0.481350000000E+01   0.500000260000E+00
   0.500001820000E+00   0.555270000000E+01   0.555270000000E+01   0.555270000000E+01   0.555270000000E+01   0.555270000000E+01   0.555270000000E+01   0.555270000000E+01   0.555270000000E+01   0.555270000000E+01   0.555270000000E+01   0.555270000000E+01   0.555270000000E+01   0.555270000000E+01   0.500000130000E+00
   0.500001690000E+00   0.640540000000E+01   0.640540000000E+01   0.640540000000E+01   0.640540000000E+01   0.640540000000E+01   0.640540000000E+01   0.640540000000E+01   0.640540000000E+01   0.640540000000E+01   0.640540000000E+01   0.640540000000E+01   0.640540000000E+01   0.640540000000E+01   0.500000000000E+00
   0.500001690000E+00   0.500001560000E+00   0.500001430000E+00   0.500001300000E+00   0.500001170000E+00   0.500001040000E+00   0.500000910000E+00   0.500000780000E+00   0.500000650000E+00   0.500000520000E+00   0.500000390000E+00   0.500000260000E+00   0.500000130000E+00   0.500000000000E+00   0.250000000000E+00
