examplesTmp/catchments/outlets/prepro/dtm_local_slope_1
north:     0
south:           0.00000000
east:      0
west:            0.00000000
rows:     15
cols:     15
   0.130000003651E-06   0.130000003651E-06   0.130000003651E-06   0.130000003651E-06   0.130000003651E-06   0.130000003651E-06   0.130000003651E-06   0.130000003651E-06   0.130000003651E-06   0.130000003651E-06   0.130000003651E-06   0.130000003651E-06   0.130000003651E-06   0.000000000000E+00   0.130000003651E-06
   0.130000003651E-06   0.653596758842E+00   0.653596878052E+00   0.653596997261E+00   0.653597116470E+00   0.653597295284E+00   0.653597414494E+00   0.653597533703E+00   0.653597652912E+00   0.653597772121E+00   0.653597891331E+00   0.653598070145E+00   0.653598189354E+00   0.653598427773E+00   0.130000003651E-06
   0.130000003651E-06   0.830696880817E+00   0.177100002766E+00   0.177100002766E+00   0.177100002766E+00   0.177100002766E+00   0.177100002766E+00   0.177100002766E+00   0.177100002766E+00   0.177100002766E+00   0.177100002766E+00   0.177100002766E+00   0.177100002766E+00   0.830698549747E+00   0.130000003651E-06
   0.130000003651E-06   0.103509700298E+01   0.204400002956E+00   0.204400002956E+00   0.204400002956E+00   0.204400002956E+00   0.204400002956E+00   0.204400002956E+00   0.204400002956E+00   0.204400002956E+00   0.204400002956E+00   0.204400002956E+00   0.204400002956E+00   0.103509867191E+01   0.130000003651E-06
   0.130000003651E-06   0.127079713345E+01   0.235699996352E+00   0.235699996352E+00   0.235699996352E+00   0.235699996352E+00   0.235699996352E+00   0.235699996352E+00   0.235699996352E+00   0.235699996352E+00   0.235699996352E+00   0.235699996352E+00   0.235699996352E+00   0.127079880238E+01   0.130000003651E-06
   0.130000003651E-06   0.154269731045E+01   0.271899998188E+00   0.271899998188E+00   0.271899998188E+00   0.271899998188E+00   0.271899998188E+00   0.271899998188E+00   0.271899998188E+00   0.271899998188E+00   0.271899998188E+00   0.271899998188E+00   0.271899998188E+00   0.154269897938E+01   0.130000003651E-06
   0.130000003651E-06   0.185639739037E+01   0.313699990511E+00   0.313699990511E+00   0.313699990511E+00   0.313699990511E+00   0.313699990511E+00   0.313699990511E+00   0.313699990511E+00   0.313699990511E+00   0.313699990511E+00   0.313699990511E+00   0.313699990511E+00   0.185639905930E+01   0.130000003651E-06
   0.130000003651E-06   0.221829748154E+01   0.361900001764E+00   0.361900001764E+00   0.361900001764E+00   0.361900001764E+00   0.361900001764E+00   0.361900001764E+00   0.361900001764E+00   0.361900001764E+00   0.361900001764E+00   0.361900001764E+00   0.361900001764E+00   0.221829915047E+01   0.130000003651E-06
   0.130000003651E-06   0.263569760323E+01   0.417400002480E+00   0.417400002480E+00   0.417400002480E+00   0.417400002480E+00   0.417400002480E+00   0.417400002480E+00   0.417400002480E+00   0.417400002480E+00   0.417400002480E+00   0.417400002480E+00   0.417400002480E+00   0.263569927216E+01   0.130000003651E-06
   0.130000003651E-06   0.311729788780E+01   0.481599986553E+00   0.481599986553E+00   0.481599986553E+00   0.481599986553E+00   0.481599986553E+00   0.481599986553E+00   0.481599986553E+00   0.481599986553E+00   0.481599986553E+00   0.481599986553E+00   0.481599986553E+00   0.311729955673E+01   0.130000003651E-06
   0.130000003651E-06   0.367269802094E+01   0.555400013924E+00   0.555400013924E+00   0.555400013924E+00   0.555400013924E+00   0.555400013924E+00   0.555400013924E+00   0.555400013924E+00   0.555400013924E+00   0.555400013924E+00   0.555400013924E+00   0.555400013924E+00   0.367269968987E+01   0.130000003651E-06
   0.130000003651E-06   0.431349802017E+01   0.640799999237E+00   0.640799999237E+00   0.640799999237E+00   0.640799999237E+00   0.640799999237E+00   0.640799999237E+00   0.640799999237E+00   0.640799999237E+00   0.640799999237E+00   0.640799999237E+00   0.640799999237E+00   0.431349992752E+01   0.130000003651E-06
   0.130000003651E-06   0.505269813538E+01   0.739199995995E+00   0.739199995995E+00   0.739199995995E+00   0.739199995995E+00   0.739199995995E+00   0.739199995995E+00   0.739199995995E+00   0.739199995995E+00   0.739199995995E+00   0.739199995995E+00   0.739199995995E+00   0.505270004272E+01   0.130000003651E-06
   0.000000000000E+00   0.590539836884E+01   0.590539836884E+01   0.590539884567E+01   0.590539884567E+01   0.590539884567E+01   0.590539932251E+01   0.590539932251E+01   0.590539932251E+01   0.590539932251E+01   0.590539979935E+01   0.590539979935E+01   0.590539979935E+01   0.590539979935E+01   0.250000000000E+00
   0.130000003651E-06   0.130000003651E-06   0.130000003651E-06   0.130000003651E-06   0.130000003651E-06   0.130000003651E-06   0.130000003651E-06   0.130000003651E-06   0.130000003651E-06   0.130000003651E-06   0.130000003651E-06   0.130000003651E-06   0.130000003651E-06   0.250000000000E+00   0.250000000000E+00
