examplesTmp/catchments/outlets/prepro/dtm_A_inflow
north:     0
south:           0.00000000
east:      0
west:            0.00000000
rows:     15
cols:     15
[rows 0 to 14 of 15, columns 0 to 14 of 15]
0.00 1.00 14.00 27.00 40.00 53.00 66.00 79.00 92.00 105.00 118.00 131.00 144.00 145.00 0.00
1.00 0.00 11.00 11.00 11.00 11.00 11.00 11.00 11.00 11.00 11.00 11.00 11.00 0.00 148.00
3.00 0.00 10.00 10.00 10.00 10.00 10.00 10.00 10.00 10.00 10.00 10.00 10.00 0.00 150.00
5.00 0.00 9.00 9.00 9.00 9.00 9.00 9.00 9.00 9.00 9.00 9.00 9.00 0.00 152.00
7.00 0.00 8.00 8.00 8.00 8.00 8.00 8.00 8.00 8.00 8.00 8.00 8.00 0.00 154.00
9.00 0.00 7.00 7.00 7.00 7.00 7.00 7.00 7.00 7.00 7.00 7.00 7.00 0.00 156.00
11.00 0.00 6.00 6.00 6.00 6.00 6.00 6.00 6.00 6.00 6.00 6.00 6.00 0.00 158.00
13.00 0.00 5.00 5.00 5.00 5.00 5.00 5.00 5.00 5.00 5.00 5.00 5.00 0.00 160.00
15.00 0.00 4.00 4.00 4.00 4.00 4.00 4.00 4.00 4.00 4.00 4.00 4.00 0.00 162.00
17.00 0.00 3.00 3.00 3.00 3.00 3.00 3.00 3.00 3.00 3.00 3.00 3.00 0.00 164.00
19.00 0.00 2.00 2.00 2.00 2.00 2.00 2.00 2.00 2.00 2.00 2.00 2.00 0.00 166.00
21.00 0.00 1.00 1.00 1.00 1.00 1.00 1.00 1.00 1.00 1.00 1.00 1.00 0.00 168.00
23.00 0.00 0.00 0.00 0.00 0.00 0.00 0.00 0.00 0.00 0.00 0.00 0.00 0.00 170.00
24.00 0.00 0.00 0.00 0.00 0.00 0.00 0.00 0.00 0.00 0.00 0.00 0.00 0.00 171.95
0.00 27.00 29.00 31.00 33.00 35.00 37.00 39.00 41.00 43.00 45.00 47.00 49.00 50.00 224.00
