examplesTmp/catchments/outlets/prepro/dtm_local_slope_2
north:     0
south:           0.00000000
east:      0
west:            0.00000000
rows:     15
cols:     15
   0.000000000000E+00   0.000000000000E+00   0.000000000000E+00   0.000000000000E+00   0.000000000000E+00   0.000000000000E+00   0.000000000000E+00   0.000000000000E+00   0.000000000000E+00   0.000000000000E+00   0.000000000000E+00   0.000000000000E+00   0.000000000000E+00   0.919238800634E-07   0.000000000000E+00
   0.000000000000E+00   0.462162792683E+00   0.462162882090E+00   0.462162971497E+00   0.462163060904E+00   0.462163150311E+00   0.462163239717E+00   0.462163358927E+00   0.462163448334E+00   0.462163537741E+00   0.462163627148E+00   0.462163716555E+00   0.462163805962E+00   0.462163984776E+00   0.000000000000E+00
   0.000000000000E+00   0.587391495705E+00   0.125228613615E+00   0.125228613615E+00   0.125228613615E+00   0.125228613615E+00   0.125228613615E+00   0.125228613615E+00   0.125228613615E+00   0.125228613615E+00   0.125228613615E+00   0.125228613615E+00   0.125228613615E+00   0.587392687798E+00   0.000000000000E+00
   0.000000000000E+00   0.731924235821E+00   0.144532635808E+00   0.144532635808E+00   0.144532635808E+00   0.144532635808E+00   0.144532635808E+00   0.144532635808E+00   0.144532635808E+00   0.144532635808E+00   0.144532635808E+00   0.144532635808E+00   0.144532635808E+00   0.731925427914E+00   0.000000000000E+00
   0.000000000000E+00   0.898589372635E+00   0.166665077209E+00   0.166665077209E+00   0.166665077209E+00   0.166665077209E+00   0.166665077209E+00   0.166665077209E+00   0.166665077209E+00   0.166665077209E+00   0.166665077209E+00   0.166665077209E+00   0.166665077209E+00   0.898590564728E+00   0.000000000000E+00
   0.000000000000E+00   0.109085178375E+01   0.192262336612E+00   0.192262336612E+00   0.192262336612E+00   0.192262336612E+00   0.192262336612E+00   0.192262336612E+00   0.192262336612E+00   0.192262336612E+00   0.192262336612E+00   0.192262336612E+00   0.192262336612E+00   0.109085297585E+01   0.000000000000E+00
   0.000000000000E+00   0.131267130375E+01   0.221819400787E+00   0.221819400787E+00   0.221819400787E+00   0.221819400787E+00   0.221819400787E+00   0.221819400787E+00   0.221819400787E+00   0.221819400787E+00   0.221819400787E+00   0.221819400787E+00   0.221819400787E+00   0.131267249584E+01   0.000000000000E+00
   0.000000000000E+00   0.156857335567E+01   0.255901962519E+00   0.255901962519E+00   0.255901962519E+00   0.255901962519E+00   0.255901962519E+00   0.255901962519E+00   0.255901962519E+00   0.255901962519E+00   0.255901962519E+00   0.255901962519E+00   0.255901962519E+00   0.156857454777E+01   0.000000000000E+00
   0.000000000000E+00   0.186371982098E+01   0.295146375895E+00   0.295146375895E+00   0.295146375895E+00   0.295146375895E+00   0.295146375895E+00   0.295146375895E+00   0.295146375895E+00   0.295146375895E+00   0.295146375895E+00   0.295146375895E+00   0.295146375895E+00   0.186372101307E+01   0.000000000000E+00
   0.000000000000E+00   0.220426249504E+01   0.340542644262E+00   0.340542644262E+00   0.340542644262E+00   0.340542644262E+00   0.340542644262E+00   0.340542644262E+00   0.340542644262E+00   0.340542644262E+00   0.340542644262E+00   0.340542644262E+00   0.340542644262E+00   0.220426368713E+01   0.000000000000E+00
   0.000000000000E+00   0.259698963165E+01   0.392727106810E+00   0.392727106810E+00   0.392727106810E+00   0.392727106810E+00   0.392727106810E+00   0.392727106810E+00   0.392727106810E+00   0.392727106810E+00   0.392727106810E+00   0.392727106810E+00   0.392727106810E+00   0.259699082375E+01   0.000000000000E+00
   0.000000000000E+00   0.305010390282E+01   0.453114032745E+00   0.453114032745E+00   0.453114032745E+00   0.453114032745E+00   0.453114032745E+00   0.453114032745E+00   0.453114032745E+00   0.453114032745E+00   0.453114032745E+00   0.453114032745E+00   0.453114032745E+00   0.305010509491E+01   0.000000000000E+00
   0.000000000000E+00   0.357279729843E+01   0.522693336010E+00   0.522693336010E+00   0.522693336010E+00   0.522693336010E+00   0.522693336010E+00   0.522693336010E+00   0.522693336010E+00   0.522693336010E+00   0.522693336010E+00   0.522693336010E+00   0.522693336010E+00   0.357279849052E+01   0.000000000000E+00
   0.919238800634E-07   0.417574739456E+01   0.417574739456E+01   0.417574739456E+01   0.417574787140E+01   0.417574787140E+01   0.417574787140E+01   0.417574787140E+01   0.417574787140E+01   0.417574834824E+01   0.417574834824E+01   0.417574834824E+01   0.417574834824E+01   0.435252523422E+01   0.000000000000E+00
   0.000000000000E+00   0.000000000000E+00   0.000000000000E+00   0.000000000000E+00   0.000000000000E+00   0.000000000000E+00   0.000000000000E+00   0.000000000000E+00   0.000000000000E+00   0.000000000000E+00   0.000000000000E+00   0.000000000000E+00   0.000000000000E+00   0.000000000000E+00   0.000000000000E+00
