examplesTmp/SSHydro/ERA5_ETp_spatially_from_weill/prepro/dem
north:     0
south:           0.00000000
east:      0
west:            0.00000000
rows:    100
cols:     50
[rows 76 to 94 of 100, columns 0 to 42 of 50]
0.100000624000E+01 0.100000611000E+01 0.100000598000E+01 0.100000585000E+01 0.100000572000E+01 0.100000559000E+01 0.100000546000E+01 0.100000533000E+01 0.100000520000E+01 0.100000507000E+01 0.100000494000E+01 0.100000481000E+01 0.100000468000E+01 0.100000455000E+01 0.100000442000E+01 0.100000429000E+01 0.100000416000E+01 0.100000403000E+01 0.100000390000E+01 0.100000377000E+01 0.100000364000E+01 0.100000351000E+01 0.100000338000E+01 0.100000325000E+01 0.100000312000E+01 0.100000299000E+01 0.100000286000E+01 0.100000286000E+01 0.100000286000E+01 0.100000286000E+01 0.100000286000E+01 0.100000286000E+01 0.100000286000E+01 0.100000286000E+01 0.100000286000E+01 0.100000286000E+01 0.100000286000E+01 0.100000286000E+01 0.100000286000E+01 0.100000286000E+01 0.100000286000E+01 0.100000286000E+01 0.100000286000E+01
0.100000624000E+01 0.100000611000E+01 0.100000598000E+01 0.100000585000E+01 0.100000572000E+01 0.100000559000E+01 0.100000546000E+01 0.100000533000E+01 0.100000520000E+01 0.100000507000E+01 0.100000494000E+01 0.100000481000E+01 0.100000468000E+01 0.100000455000E+01 0.100000442000E+01 0.100000429000E+01 0.100000416000E+01 0.100000403000E+01 0.100000390000E+01 0.100000377000E+01 0.100000364000E+01 0.100000351000E+01 0.100000338000E+01 0.100000325000E+01 0.100000312000E+01 0.100000299000E+01 0.100000286000E+01 0.100000273000E+01 0.100000273000E+01 0.100000273000E+01 0.100000273000E+01 0.100000273000E+01 0.100000273000E+01 0.100000273000E+01 0.100000273000E+01 0.100000273000E+01 0.100000273000E+01 0.100000273000E+01 0.100000273000E+01 0.100000273000E+01 0.100000273000E+01 0.100000273000E+01 0.100000273000E+01
0.100000624000E+01 0.100000611000E+01 0.100000598000E+01 0.100000585000E+01 0.100000572000E+01 0.100000559000E+01 0.100000546000E+01 0.100000533000E+01 0.100000520000E+01 0.100000507000E+01 0.100000494000E+01 0.100000481000E+01 0.100000468000E+01 0.100000455000E+01 0.100000442000E+01 0.100000429000E+01 0.100000416000E+01 0.100000403000E+01 0.100000390000E+01 0.100000377000E+01 0.100000364000E+01 0.100000351000E+01 0.100000338000E+01 0.100000325000E+01 0.100000312000E+01 0.100000299000E+01 0.100000286000E+01 0.100000273000E+01 0.100000260000E+01 0.100000260000E+01 0.100000260000E+01 0.100000260000E+01 0.100000260000E+01 0.100000260000E+01 0.100000260000E+01 0.100000260000E+01 0.100000260000E+01 0.100000260000E+01 0.100000260000E+01 0.100000260000E+01 0.100000260000E+01 0.100000260000E+01 0.100000260000E+01
0.100000624000E+01 0.100000611000E+01 0.100000598000E+01 0.100000585000E+01 0.100000572000E+01 0.100000559000E+01 0.100000546000E+01 0.100000533000E+01 0.100000520000E+01 0.100000507000E+01 0.100000494000E+01 0.100000481000E+01 0.100000468000E+01 0.100000455000E+01 0.100000442000E+01 0.100000429000E+01 0.100000416000E+01 0.100000403000E+01 0.100000390000E+01 0.100000377000E+01 0.100000364000E+01 0.100000351000E+01 0.100000338000E+01 0.100000325000E+01 0.100000312000E+01 0.100000299000E+01 0.100000286000E+01 0.100000273000E+01 0.100000260000E+01 0.100000247000E+01 0.100000247000E+01 0.100000247000E+01 0.100000247000E+01 0.100000247000E+01 0.100000247000E+01 0.100000247000E+01 0.100000247000E+01 0.100000247000E+01 0.100000247000E+01 0.100000247000E+01 0.100000247000E+01 0.100000247000E+01 0.100000247000E+01
0.100000624000E+01 0.100000611000E+01 0.100000598000E+01 0.100000585000E+01 0.100000572000E+01 0.100000559000E+01 0.100000546000E+01 0.100000533000E+01 0.100000520000E+01 0.100000507000E+01 0.100000494000E+01 0.100000481000E+01 0.100000468000E+01 0.100000455000E+01 0.100000442000E+01 0.100000429000E+01 0.100000416000E+01 0.100000403000E+01 0.100000390000E+01 0.100000377000E+01 0.100000364000E+01 0.100000351000E+01 0.100000338000E+01 0.100000325000E+01 0.100000312000E+01 0.100000299000E+01 0.100000286000E+01 0.100000273000E+01 0.100000260000E+01 0.100000247000E+01 0.100000234000E+01 0.100000234000E+01 0.100000234000E+01 0.100000234000E+01 0.100000234000E+01 0.100000234000E+01 0.100000234000E+01 0.100000234000E+01 0.100000234000E+01 0.100000234000E+01 0.100000234000E+01 0.100000234000E+01 0.100000234000E+01
0.100000624000E+01 0.100000611000E+01 0.100000598000E+01 0.100000585000E+01 0.100000572000E+01 0.100000559000E+01 0.100000546000E+01 0.100000533000E+01 0.100000520000E+01 0.100000507000E+01 0.100000494000E+01 0.100000481000E+01 0.100000468000E+01 0.100000455000E+01 0.100000442000E+01 0.100000429000E+01 0.100000416000E+01 0.100000403000E+01 0.100000390000E+01 0.100000377000E+01 0.100000364000E+01 0.100000351000E+01 0.100000338000E+01 0.100000325000E+01 0.100000312000E+01 0.100000299000E+01 0.100000286000E+01 0.100000273000E+01 0.100000260000E+01 0.100000247000E+01 0.100000234000E+01 0.100000221000E+01 0.100000221000E+01 0.100000221000E+01 0.100000221000E+01 0.100000221000E+01 0.100000221000E+01 0.100000221000E+01 0.100000221000E+01 0.100000221000E+01 0.100000221000E+01 0.100000221000E+01 0.100000221000E+01
0.100000624000E+01 0.100000611000E+01 0.100000598000E+01 0.100000585000E+01 0.100000572000E+01 0.100000559000E+01 0.100000546000E+01 0.100000533000E+01 0.100000520000E+01 0.100000507000E+01 0.100000494000E+01 0.100000481000E+01 0.100000468000E+01 0.100000455000E+01 0.100000442000E+01 0.100000429000E+01 0.100000416000E+01 0.100000403000E+01 0.100000390000E+01 0.100000377000E+01 0.100000364000E+01 0.100000351000E+01 0.100000338000E+01 0.100000325000E+01 0.100000312000E+01 0.100000299000E+01 0.100000286000E+01 0.100000273000E+01 0.100000260000E+01 0.100000247000E+01 0.100000234000E+01 0.100000221000E+01 0.100000208000E+01 0.100000208000E+01 0.100000208000E+01 0.100000208000E+01 0.100000208000E+01 0.100000208000E+01 0.100000208000E+01 0.100000208000E+01 0.100000208000E+01 0.100000208000E+01 0.100000208000E+01
0.100000624000E+01 0.100000611000E+01 0.100000598000E+01 0.100000585000E+01 0.100000572000E+01 0.100000559000E+01 0.100000546000E+01 0.100000533000E+01 0.100000520000E+01 0.100000507000E+01 0.100000494000E+01 0.100000481000E+01 0.100000468000E+01 0.100000455000E+01 0.100000442000E+01 0.100000429000E+01 0.100000416000E+01 0.100000403000E+01 0.100000390000E+01 0.100000377000E+01 0.100000364000E+01 0.100000351000E+01 0.100000338000E+01 0.100000325000E+01 0.100000312000E+01 0.100000299000E+01 0.100000286000E+01 0.100000273000E+01 0.100000260000E+01 0.100000247000E+01 0.100000234000E+01 0.100000221000E+01 0.100000208000E+01 0.100000195000E+01 0.100000195000E+01 0.100000195000E+01 0.100000195000E+01 0.100000195000E+01 0.100000195000E+01 0.100000195000E+01 0.100000195000E+01 0.100000195000E+01 0.100000195000E+01
0.100000624000E+01 0.100000611000E+01 0.100000598000E+01 0.100000585000E+01 0.100000572000E+01 0.100000559000E+01 0.100000546000E+01 0.100000533000E+01 0.100000520000E+01 0.100000507000E+01 0.100000494000E+01 0.100000481000E+01 0.100000468000E+01 0.100000455000E+01 0.100000442000E+01 0.100000429000E+01 0.100000416000E+01 0.100000403000E+01 0.100000390000E+01 0.100000377000E+01 0.100000364000E+01 0.100000351000E+01 0.100000338000E+01 0.100000325000E+01 0.100000312000E+01 0.100000299000E+01 0.100000286000E+01 0.100000273000E+01 0.100000260000E+01 0.100000247000E+01 0.100000234000E+01 0.100000221000E+01 0.100000208000E+01 0.100000195000E+01 0.100000182000E+01 0.100000182000E+01 0.100000182000E+01 0.100000182000E+01 0.100000182000E+01 0.100000182000E+01 0.100000182000E+01 0.100000182000E+01 0.100000182000E+01
0.100000624000E+01 0.100000611000E+01 0.100000598000E+01 0.100000585000E+01 0.100000572000E+01 0.100000559000E+01 0.100000546000E+01 0.100000533000E+01 0.100000520000E+01 0.100000507000E+01 0.100000494000E+01 0.100000481000E+01 0.100000468000E+01 0.100000455000E+01 0.100000442000E+01 0.100000429000E+01 0.100000416000E+01 0.100000403000E+01 0.100000390000E+01 0.100000377000E+01 0.100000364000E+01 0.100000351000E+01 0.100000338000E+01 0.100000325000E+01 0.100000312000E+01 0.100000299000E+01 0.100000286000E+01 0.100000273000E+01 0.100000260000E+01 0.100000247000E+01 0.100000234000E+01 0.100000221000E+01 0.100000208000E+01 0.100000195000E+01 0.100000182000E+01 0.100000169000E+01 0.100000169000E+01 0.100000169000E+01 0.100000169000E+01 0.100000169000E+01 0.100000169000E+01 0.100000169000E+01 0.100000169000E+01
0.100000624000E+01 0.100000611000E+01 0.100000598000E+01 0.100000585000E+01 0.100000572000E+01 0.100000559000E+01 0.100000546000E+01 0.100000533000E+01 0.100000520000E+01 0.100000507000E+01 0.100000494000E+01 0.100000481000E+01 0.100000468000E+01 0.100000455000E+01 0.100000442000E+01 0.100000429000E+01 0.100000416000E+01 0.100000403000E+01 0.100000390000E+01 0.100000377000E+01 0.100000364000E+01 0.100000351000E+01 0.100000338000E+01 0.100000325000E+01 0.100000312000E+01 0.100000299000E+01 0.100000286000E+01 0.100000273000E+01 0.100000260000E+01 0.100000247000E+01 0.100000234000E+01 0.100000221000E+01 0.100000208000E+01 0.100000195000E+01 0.100000182000E+01 0.100000169000E+01 0.100000156000E+01 0.100000156000E+01 0.100000156000E+01 0.100000156000E+01 0.100000156000E+01 0.100000156000E+01 0.100000156000E+01
0.100000624000E+01 0.100000611000E+01 0.100000598000E+01 0.100000585000E+01 0.100000572000E+01 0.100000559000E+01 0.100000546000E+01 0.100000533000E+01 0.100000520000E+01 0.100000507000E+01 0.100000494000E+01 0.100000481000E+01 0.100000468000E+01 0.100000455000E+01 0.100000442000E+01 0.100000429000E+01 0.100000416000E+01 0.100000403000E+01 0.100000390000E+01 0.100000377000E+01 0.100000364000E+01 0.100000351000E+01 0.100000338000E+01 0.100000325000E+01 0.100000312000E+01 0.100000299000E+01 0.100000286000E+01 0.100000273000E+01 0.100000260000E+01 0.100000247000E+01 0.100000234000E+01 0.100000221000E+01 0.100000208000E+01 0.100000195000E+01 0.100000182000E+01 0.100000169000E+01 0.100000156000E+01 0.100000143000E+01 0.100000143000E+01 0.100000143000E+01 0.100000143000E+01 0.100000143000E+01 0.100000143000E+01
0.100000624000E+01 0.100000611000E+01 0.100000598000E+01 0.100000585000E+01 0.100000572000E+01 0.100000559000E+01 0.100000546000E+01 0.100000533000E+01 0.100000520000E+01 0.100000507000E+01 0.100000494000E+01 0.100000481000E+01 0.100000468000E+01 0.100000455000E+01 0.100000442000E+01 0.100000429000E+01 0.100000416000E+01 0.100000403000E+01 0.100000390000E+01 0.100000377000E+01 0.100000364000E+01 0.100000351000E+01 0.100000338000E+01 0.100000325000E+01 0.100000312000E+01 0.100000299000E+01 0.100000286000E+01 0.100000273000E+01 0.100000260000E+01 0.100000247000E+01 0.100000234000E+01 0.100000221000E+01 0.100000208000E+01 0.100000195000E+01 0.100000182000E+01 0.100000169000E+01 0.100000156000E+01 0.100000143000E+01 0.100000130000E+01 0.100000130000E+01 0.100000130000E+01 0.100000130000E+01 0.100000130000E+01
0.100000624000E+01 0.100000611000E+01 0.100000598000E+01 0.100000585000E+01 0.100000572000E+01 0.100000559000E+01 0.100000546000E+01 0.100000533000E+01 0.100000520000E+01 0.100000507000E+01 0.100000494000E+01 0.100000481000E+01 0.100000468000E+01 0.100000455000E+01 0.100000442000E+01 0.100000429000E+01 0.100000416000E+01 0.100000403000E+01 0.100000390000E+01 0.100000377000E+01 0.100000364000E+01 0.100000351000E+01 0.100000338000E+01 0.100000325000E+01 0.100000312000E+01 0.100000299000E+01 0.100000286000E+01 0.100000273000E+01 0.100000260000E+01 0.100000247000E+01 0.100000234000E+01 0.100000221000E+01 0.100000208000E+01 0.100000195000E+01 0.100000182000E+01 0.100000169000E+01 0.100000156000E+01 0.100000143000E+01 0.100000130000E+01 0.100000117000E+01 0.100000117000E+01 0.100000117000E+01 0.100000117000E+01
0.100000624000E+01 0.100000611000E+01 0.100000598000E+01 0.100000585000E+01 0.100000572000E+01 0.100000559000E+01 0.100000546000E+01 0.100000533000E+01 0.100000520000E+01 0.100000507000E+01 0.100000494000E+01 0.100000481000E+01 0.100000468000E+01 0.100000455000E+01 0.100000442000E+01 0.100000429000E+01 0.100000416000E+01 0.100000403000E+01 0.100000390000E+01 0.100000377000E+01 0.100000364000E+01 0.100000351000E+01 0.100000338000E+01 0.100000325000E+01 0.100000312000E+01 0.100000299000E+01 0.100000286000E+01 0.100000273000E+01 0.100000260000E+01 0.100000247000E+01 0.100000234000E+01 0.100000221000E+01 0.100000208000E+01 0.100000195000E+01 0.100000182000E+01 0.100000169000E+01 0.100000156000E+01 0.100000143000E+01 0.100000130000E+01 0.100000117000E+01 0.100000104000E+01 0.100000104000E+01 0.100000104000E+01
0.100000624000E+01 0.100000611000E+01 0.100000598000E+01 0.100000585000E+01 0.100000572000E+01 0.100000559000E+01 0.100000546000E+01 0.100000533000E+01 0.100000520000E+01 0.100000507000E+01 0.100000494000E+01 0.100000481000E+01 0.100000468000E+01 0.100000455000E+01 0.100000442000E+01 0.100000429000E+01 0.100000416000E+01 0.100000403000E+01 0.100000390000E+01 0.100000377000E+01 0.100000364000E+01 0.100000351000E+01 0.100000338000E+01 0.100000325000E+01 0.100000312000E+01 0.100000299000E+01 0.100000286000E+01 0.100000273000E+01 0.100000260000E+01 0.100000247000E+01 0.100000234000E+01 0.100000221000E+01 0.100000208000E+01 0.100000195000E+01 0.100000182000E+01 0.100000169000E+01 0.100000156000E+01 0.100000143000E+01 0.100000130000E+01 0.100000117000E+01 0.100000104000E+01 0.100000091000E+01 0.100000091000E+01
0.100000624000E+01 0.100000611000E+01 0.100000598000E+01 0.100000585000E+01 0.100000572000E+01 0.100000559000E+01 0.100000546000E+01 0.100000533000E+01 0.100000520000E+01 0.100000507000E+01 0.100000494000E+01 0.100000481000E+01 0.100000468000E+01 0.100000455000E+01 0.100000442000E+01 0.100000429000E+01 0.100000416000E+01 0.100000403000E+01 0.100000390000E+01 0.100000377000E+01 0.100000364000E+01 0.100000351000E+01 0.100000338000E+01 0.100000325000E+01 0.100000312000E+01 0.100000299000E+01 0.100000286000E+01 0.100000273000E+01 0.100000260000E+01 0.100000247000E+01 0.100000234000E+01 0.100000221000E+01 0.100000208000E+01 0.100000195000E+01 0.100000182000E+01 0.100000169000E+01 0.100000156000E+01 0.100000143000E+01 0.100000130000E+01 0.100000117000E+01 0.100000104000E+01 0.100000091000E+01 0.100000078000E+01
0.100000624000E+01 0.100000611000E+01 0.100000598000E+01 0.100000585000E+01 0.100000572000E+01 0.100000559000E+01 0.100000546000E+01 0.100000533000E+01 0.100000520000E+01 0.100000507000E+01 0.100000494000E+01 0.100000481000E+01 0.100000468000E+01 0.100000455000E+01 0.100000442000E+01 0.100000429000E+01 0.100000416000E+01 0.100000403000E+01 0.100000390000E+01 0.100000377000E+01 0.100000364000E+01 0.100000351000E+01 0.100000338000E+01 0.100000325000E+01 0.100000312000E+01 0.100000299000E+01 0.100000286000E+01 0.100000273000E+01 0.100000260000E+01 0.100000247000E+01 0.100000234000E+01 0.100000221000E+01 0.100000208000E+01 0.100000195000E+01 0.100000182000E+01 0.100000169000E+01 0.100000156000E+01 0.100000143000E+01 0.100000130000E+01 0.100000117000E+01 0.100000104000E+01 0.100000091000E+01 0.100000078000E+01
0.100000624000E+01 0.100000611000E+01 0.100000598000E+01 0.100000585000E+01 0.100000572000E+01 0.100000559000E+01 0.100000546000E+01 0.100000533000E+01 0.100000520000E+01 0.100000507000E+01 0.100000494000E+01 0.100000481000E+01 0.100000468000E+01 0.100000455000E+01 0.100000442000E+01 0.100000429000E+01 0.100000416000E+01 0.100000403000E+01 0.100000390000E+01 0.100000377000E+01 0.100000364000E+01 0.100000351000E+01 0.100000338000E+01 0.100000325000E+01 0.100000312000E+01 0.100000299000E+01 0.100000286000E+01 0.100000273000E+01 0.100000260000E+01 0.100000247000E+01 0.100000234000E+01 0.100000221000E+01 0.100000208000E+01 0.100000195000E+01 0.100000182000E+01 0.100000169000E+01 0.100000156000E+01 0.100000143000E+01 0.100000130000E+01 0.100000117000E+01 0.100000104000E+01 0.100000091000E+01 0.100000078000E+01
