1	0	INDP	IPOND
-3.043e-01
-3.028e-01
-3.029e-01
-3.032e-01
-3.035e-01
-3.037e-01
-3.039e-01
-3.041e-01
-3.041e-01
-3.041e-01
-3.038e-01
-3.034e-01
-3.028e-01
-3.022e-01
-3.014e-01
-3.004e-01
-2.993e-01
-2.980e-01
-2.969e-01
-2.935e-01
-2.933e-01
-3.020e-01
-2.992e-01
-2.985e-01
-2.990e-01
-2.992e-01
-2.994e-01
-2.995e-01
-2.995e-01
-2.993e-01
-2.991e-01
-2.989e-01
-2.985e-01
-2.981e-01
-2.976e-01
-2.971e-01
-2.963e-01
-2.954e-01
-2.943e-01
-2.932e-01
-2.904e-01
-2.911e-01
-3.024e-01
-2.991e-01
-2.983e-01
-2.988e-01
-2.986e-01
-2.985e-01
-2.983e-01
-2.979e-01
-2.974e-01
-2.970e-01
-2.964e-01
-2.957e-01
-2.949e-01
-2.941e-01
-2.930e-01
-2.918e-01
-2.904e-01
-2.888e-01
-2.870e-01
-2.837e-01
-2.836e-01
-3.028e-01
-2.996e-01
-2.985e-01
-2.988e-01
-2.984e-01
-2.979e-01
-2.974e-01
-2.969e-01
-2.962e-01
-2.954e-01
-2.946e-01
-2.936e-01
-2.925e-01
-2.912e-01
-2.897e-01
-2.881e-01
-2.860e-01
-2.837e-01
-2.813e-01
-2.772e-01
-2.774e-01
-3.025e-01
-2.992e-01
-2.977e-01
-2.976e-01
-2.970e-01
-2.963e-01
-2.956e-01
-2.948e-01
-2.939e-01
-2.928e-01
-2.916e-01
-2.902e-01
-2.886e-01
-2.869e-01
-2.849e-01
-2.825e-01
-2.798e-01
-2.768e-01
-2.734e-01
-2.685e-01
-2.686e-01
-3.013e-01
-2.982e-01
-2.964e-01
-2.961e-01
-2.951e-01
-2.943e-01
-2.932e-01
-2.920e-01
-2.908e-01
-2.893e-01
-2.876e-01
-2.857e-01
-2.836e-01
-2.811e-01
-2.783e-01
-2.751e-01
-2.716e-01
-2.676e-01
-2.631e-01
-2.574e-01
-2.572e-01
-2.990e-01
-2.967e-01
-2.945e-01
-2.938e-01
-2.926e-01
-2.913e-01
-2.899e-01
-2.883e-01
-2.865e-01
-2.845e-01
-2.822e-01
-2.796e-01
-2.767e-01
-2.734e-01
-2.697e-01
-2.655e-01
-2.610e-01
-2.559e-01
-2.504e-01
-2.438e-01
-2.433e-01
-2.960e-01
-2.946e-01
-2.919e-01
-2.907e-01
-2.891e-01
-2.873e-01
-2.854e-01
-2.832e-01
-2.807e-01
-2.779e-01
-2.748e-01
-2.713e-01
-2.675e-01
-2.633e-01
-2.585e-01
-2.534e-01
-2.478e-01
-2.417e-01
-2.352e-01
-2.276e-01
-2.270e-01
-2.921e-01
-2.916e-01
-2.881e-01
-2.864e-01
-2.842e-01
-2.819e-01
-2.792e-01
-2.762e-01
-2.729e-01
-2.692e-01
-2.651e-01
-2.607e-01
-2.558e-01
-2.506e-01
-2.448e-01
-2.387e-01
-2.321e-01
-2.250e-01
-2.175e-01
-2.092e-01
-2.084e-01
-2.872e-01
-2.871e-01
-2.831e-01
-2.806e-01
-2.777e-01
-2.744e-01
-2.709e-01
-2.669e-01
-2.626e-01
-2.579e-01
-2.528e-01
-2.474e-01
-2.415e-01
-2.352e-01
-2.286e-01
-2.215e-01
-2.140e-01
-2.061e-01
-1.980e-01
-1.892e-01
-1.884e-01
-2.807e-01
-2.807e-01
-2.760e-01
-2.726e-01
-2.687e-01
-2.645e-01
-2.599e-01
-2.549e-01
-2.497e-01
-2.440e-01
-2.379e-01
-2.315e-01
-2.247e-01
-2.175e-01
-2.100e-01
-2.023e-01
-1.942e-01
-1.858e-01
-1.772e-01
-1.681e-01
-1.673e-01
-2.721e-01
-2.720e-01
-2.665e-01
-2.621e-01
-2.572e-01
-2.519e-01
-2.463e-01
-2.404e-01
-2.341e-01
-2.275e-01
-2.205e-01
-2.132e-01
-2.057e-01
-1.979e-01
-1.899e-01
-1.817e-01
-1.732e-01
-1.644e-01
-1.554e-01
-1.461e-01
-1.453e-01
-2.611e-01
-2.607e-01
-2.544e-01
-2.488e-01
-2.429e-01
-2.367e-01
-2.302e-01
-2.232e-01
-2.161e-01
-2.086e-01
-2.010e-01
-1.931e-01
-1.851e-01
-1.770e-01
-1.685e-01
-1.599e-01
-1.512e-01
-1.423e-01
-1.331e-01
-1.237e-01
-1.230e-01
-2.473e-01
-2.467e-01
-2.396e-01
-2.331e-01
-2.262e-01
-2.190e-01
-2.116e-01
-2.039e-01
-1.961e-01
-1.882e-01
-1.801e-01
-1.718e-01
-1.634e-01
-1.549e-01
-1.463e-01
-1.376e-01
-1.288e-01
-1.198e-01
-1.106e-01
-1.011e-01
-1.004e-01
-2.309e-01
-2.302e-01
-2.223e-01
-2.148e-01
-2.071e-01
-1.992e-01
-1.912e-01
-1.831e-01
-1.748e-01
-1.664e-01
-1.579e-01
-1.493e-01
-1.408e-01
-1.322e-01
-1.235e-01
-1.149e-01
-1.060e-01
-9.707e-02
-8.796e-02
-7.852e-02
-7.786e-02
-2.120e-01
-2.112e-01
-2.029e-01
-1.947e-01
-1.864e-01
-1.781e-01
-1.695e-01
-1.609e-01
-1.523e-01
-1.436e-01
-1.349e-01
-1.263e-01
-1.177e-01
-1.090e-01
-1.004e-01
-9.178e-02
-8.311e-02
-7.432e-02
-6.540e-02
-5.618e-02
-5.563e-02
-1.914e-01
-1.906e-01
-1.818e-01
-1.731e-01
-1.643e-01
-1.555e-01
-1.467e-01
-1.379e-01
-1.290e-01
-1.203e-01
-1.115e-01
-1.027e-01
-9.404e-02
-8.543e-02
-7.691e-02
-6.853e-02
-6.017e-02
-5.171e-02
-4.329e-02
-3.447e-02
-3.409e-02
-1.695e-01
-1.686e-01
-1.594e-01
-1.504e-01
-1.413e-01
-1.323e-01
-1.233e-01
-1.143e-01
-1.053e-01
-9.633e-02
-8.749e-02
-7.868e-02
-7.001e-02
-6.151e-02
-5.318e-02
-4.525e-02
-3.732e-02
-2.906e-02
-2.182e-02
-1.344e-02
-1.340e-02
-1.464e-01
-1.456e-01
-1.362e-01
-1.269e-01
-1.177e-01
-1.085e-01
-9.924e-02
-9.012e-02
-8.100e-02
-7.198e-02
-6.309e-02
-5.433e-02
-4.571e-02
-3.725e-02
-2.885e-02
-2.180e-02
-1.392e-02
-1.107e-03
2.194e-04
3.371e-04
2.298e-04
-1.225e-01
-1.218e-01
-1.122e-01
-1.028e-01
-9.337e-02
-8.402e-02
-7.470e-02
-6.547e-02
-5.636e-02
-4.731e-02
-3.843e-02
-2.971e-02
-2.116e-02
-1.256e-02
6.913e-05
4.286e-04
8.294e-04
1.236e-03
1.772e-03
2.330e-03
1.857e-03
-1.145e-01
-1.113e-01
-1.017e-01
-9.217e-02
-8.273e-02
-7.332e-02
-6.399e-02
-5.476e-02
-4.561e-02
-3.659e-02
-2.772e-02
-1.905e-02
-1.067e-02
-3.052e-03
1.387e-04
6.498e-04
1.440e-03
2.160e-03
2.913e-03
3.711e-03
4.196e-03
-2.983e-01
-2.970e-01
-2.970e-01
-2.973e-01
-2.976e-01
-2.978e-01
-2.981e-01
-2.982e-01
-2.982e-01
-2.982e-01
-2.979e-01
-2.975e-01
-2.969e-01
-2.963e-01
-2.955e-01
-2.945e-01
-2.934e-01
-2.921e-01
-2.910e-01
-2.876e-01
-2.874e-01
-2.962e-01
-2.934e-01
-2.927e-01
-2.932e-01
-2.934e-01
-2.936e-01
-2.936e-01
-2.937e-01
-2.935e-01
-2.933e-01
-2.931e-01
-2.927e-01
-2.923e-01
-2.918e-01
-2.913e-01
-2.905e-01
-2.896e-01
-2.885e-01
-2.874e-01
-2.846e-01
-2.854e-01
-2.965e-01
-2.933e-01
-2.925e-01
-2.930e-01
-2.928e-01
-2.927e-01
-2.925e-01
-2.921e-01
-2.916e-01
-2.912e-01
-2.906e-01
-2.899e-01
-2.891e-01
-2.883e-01
-2.872e-01
-2.860e-01
-2.845e-01
-2.830e-01
-2.812e-01
-2.779e-01
-2.779e-01
-2.969e-01
-2.938e-01
-2.927e-01
-2.930e-01
-2.926e-01
-2.921e-01
-2.916e-01
-2.911e-01
-2.904e-01
-2.896e-01
-2.888e-01
-2.878e-01
-2.866e-01
-2.854e-01
-2.839e-01
-2.823e-01
-2.802e-01
-2.779e-01
-2.754e-01
-2.714e-01
-2.716e-01
-2.967e-01
-2.934e-01
-2.919e-01
-2.918e-01
-2.912e-01
-2.905e-01
-2.898e-01
-2.890e-01
-2.880e-01
-2.870e-01
-2.858e-01
-2.844e-01
-2.828e-01
-2.810e-01
-2.790e-01
-2.767e-01
-2.740e-01
-2.709e-01
-2.675e-01
-2.627e-01
-2.627e-01
-2.954e-01
-2.924e-01
-2.906e-01
-2.903e-01
-2.893e-01
-2.885e-01
-2.874e-01
-2.862e-01
-2.849e-01
-2.835e-01
-2.818e-01
-2.799e-01
-2.778e-01
-2.753e-01
-2.725e-01
-2.693e-01
-2.657e-01
-2.617e-01
-2.572e-01
-2.515e-01
-2.514e-01
-2.932e-01
-2.909e-01
-2.887e-01
-2.880e-01
-2.868e-01
-2.855e-01
-2.841e-01
-2.825e-01
-2.807e-01
-2.787e-01
-2.763e-01
-2.737e-01
-2.708e-01
-2.675e-01
-2.638e-01
-2.597e-01
-2.551e-01
-2.500e-01
-2.445e-01
-2.379e-01
-2.374e-01
-2.902e-01
-2.888e-01
-2.861e-01
-2.849e-01
-2.833e-01
-2.815e-01
-2.796e-01
-2.774e-01
-2.749e-01
-2.721e-01
-2.690e-01
-2.655e-01
-2.617e-01
-2.574e-01
-2.527e-01
-2.475e-01
-2.419e-01
-2.358e-01
-2.292e-01
-2.217e-01
-2.211e-01
-2.863e-01
-2.857e-01
-2.823e-01
-2.806e-01
-2.784e-01
-2.760e-01
-2.734e-01
-2.703e-01
-2.670e-01
-2.633e-01
-2.593e-01
-2.548e-01
-2.499e-01
-2.447e-01
-2.389e-01
-2.328e-01
-2.262e-01
-2.190e-01
-2.116e-01
-2.033e-01
-2.025e-01
-2.813e-01
-2.812e-01
-2.772e-01
-2.747e-01
-2.718e-01
-2.685e-01
-2.650e-01
-2.610e-01
-2.567e-01
-2.520e-01
-2.470e-01
-2.415e-01
-2.356e-01
-2.293e-01
-2.227e-01
-2.155e-01
-2.080e-01
-2.002e-01
-1.920e-01
-1.833e-01
-1.825e-01
-2.748e-01
-2.749e-01
-2.701e-01
-2.667e-01
-2.628e-01
-2.586e-01
-2.541e-01
-2.491e-01
-2.438e-01
-2.381e-01
-2.320e-01
-2.256e-01
-2.188e-01
-2.116e-01
-2.041e-01
-1.963e-01
-1.882e-01
-1.799e-01
-1.713e-01
-1.621e-01
-1.613e-01
-2.662e-01
-2.661e-01
-2.607e-01
-2.562e-01
-2.513e-01
-2.460e-01
-2.404e-01
-2.345e-01
-2.282e-01
-2.215e-01
-2.145e-01
-2.073e-01
-1.997e-01
-1.919e-01
-1.839e-01
-1.757e-01
-1.672e-01
-1.584e-01
-1.494e-01
-1.401e-01
-1.393e-01
-2.551e-01
-2.548e-01
-2.485e-01
-2.430e-01
-2.370e-01
-2.308e-01
-2.242e-01
-2.173e-01
-2.101e-01
-2.027e-01
-1.950e-01
-1.872e-01
-1.792e-01
-1.710e-01
-1.626e-01
-1.540e-01
-1.452e-01
-1.363e-01
-1.272e-01
-1.177e-01
-1.170e-01
-2.413e-01
-2.408e-01
-2.337e-01
-2.272e-01
-2.203e-01
-2.131e-01
-2.056e-01
-1.980e-01
-1.902e-01
-1.822e-01
-1.741e-01
-1.658e-01
-1.574e-01
-1.489e-01
-1.403e-01
-1.316e-01
-1.228e-01
-1.138e-01
-1.046e-01
-9.514e-02
-9.442e-02
-2.249e-01
-2.243e-01
-2.164e-01
-2.089e-01
-2.012e-01
-1.933e-01
-1.853e-01
-1.771e-01
-1.688e-01
-1.604e-01
-1.519e-01
-1.434e-01
-1.348e-01
-1.262e-01
-1.176e-01
-1.089e-01
-1.000e-01
-9.108e-02
-8.197e-02
-7.253e-02
-7.187e-02
-2.061e-01
-2.053e-01
-1.969e-01
-1.887e-01
-1.805e-01
-1.721e-01
-1.635e-01
-1.549e-01
-1.463e-01
-1.376e-01
-1.290e-01
-1.203e-01
-1.117e-01
-1.030e-01
-9.439e-02
-8.579e-02
-7.712e-02
-6.833e-02
-5.941e-02
-5.018e-02
-4.964e-02
-1.855e-01
-1.846e-01
-1.759e-01
-1.672e-01
-1.584e-01
-1.496e-01
-1.407e-01
-1.319e-01
-1.231e-01
-1.143e-01
-1.055e-01
-9.672e-02
-8.805e-02
-7.944e-02
-7.092e-02
-6.253e-02
-5.417e-02
-4.571e-02
-3.730e-02
-2.847e-02
-2.810e-02
-1.635e-01
-1.626e-01
-1.534e-01
-1.444e-01
-1.354e-01
-1.263e-01
-1.173e-01
-1.083e-01
-9.928e-02
-9.034e-02
-8.150e-02
-7.269e-02
-6.402e-02
-5.551e-02
-4.718e-02
-3.925e-02
-3.132e-02
-2.306e-02
-1.582e-02
-7.525e-03
-7.506e-03
-1.404e-01
-1.396e-01
-1.302e-01
-1.210e-01
-1.117e-01
-1.025e-01
-9.325e-02
-8.413e-02
-7.501e-02
-6.598e-02
-5.709e-02
-4.833e-02
-3.971e-02
-3.125e-02
-2.285e-02
-1.583e-02
-8.027e-03
4.594e-03
6.095e-03
6.375e-03
6.241e-03
-1.165e-01
-1.158e-01
-1.062e-01
-9.678e-02
-8.739e-02
-7.803e-02
-6.870e-02
-5.948e-02
-5.036e-02
-4.132e-02
-3.243e-02
-2.371e-02
-1.516e-02
-6.565e-03
5.880e-03
6.396e-03
6.896e-03
7.397e-03
7.983e-03
8.637e-03
8.131e-03
-1.085e-01
-1.053e-01
-9.568e-02
-8.619e-02
-7.674e-02
-6.733e-02
-5.800e-02
-4.877e-02
-3.962e-02
-3.060e-02
-2.172e-02
-1.305e-02
-4.675e-03
2.948e-03
6.254e-03
6.826e-03
7.664e-03
8.432e-03
9.233e-03
1.010e-02
1.067e-02
-2.874e-01
-2.861e-01
-2.862e-01
-2.865e-01
-2.868e-01
-2.870e-01
-2.872e-01
-2.874e-01
-2.874e-01
-2.874e-01
-2.871e-01
-2.867e-01
-2.862e-01
-2.855e-01
-2.847e-01
-2.837e-01
-2.826e-01
-2.812e-01
-2.801e-01
-2.767e-01
-2.767e-01
-2.853e-01
-2.827e-01
-2.821e-01
-2.826e-01
-2.828e-01
-2.830e-01
-2.831e-01
-2.831e-01
-2.829e-01
-2.827e-01
-2.825e-01
-2.821e-01
-2.817e-01
-2.812e-01
-2.807e-01
-2.799e-01
-2.789e-01
-2.778e-01
-2.767e-01
-2.739e-01
-2.748e-01
-2.857e-01
-2.827e-01
-2.819e-01
-2.824e-01
-2.823e-01
-2.821e-01
-2.819e-01
-2.815e-01
-2.811e-01
-2.806e-01
-2.800e-01
-2.793e-01
-2.785e-01
-2.776e-01
-2.765e-01
-2.753e-01
-2.738e-01
-2.722e-01
-2.704e-01
-2.670e-01
-2.672e-01
-2.861e-01
-2.832e-01
-2.821e-01
-2.824e-01
-2.820e-01
-2.815e-01
-2.810e-01
-2.805e-01
-2.798e-01
-2.790e-01
-2.781e-01
-2.771e-01
-2.760e-01
-2.747e-01
-2.732e-01
-2.715e-01
-2.694e-01
-2.671e-01
-2.646e-01
-2.605e-01
-2.609e-01
-2.859e-01
-2.828e-01
-2.813e-01
-2.812e-01
-2.806e-01
-2.799e-01
-2.791e-01
-2.784e-01
-2.774e-01
-2.763e-01
-2.751e-01
-2.737e-01
-2.721e-01
-2.703e-01
-2.682e-01
-2.658e-01
-2.631e-01
-2.600e-01
-2.566e-01
-2.516e-01
-2.518e-01
-2.846e-01
-2.818e-01
-2.800e-01
-2.796e-01
-2.787e-01
-2.778e-01
-2.767e-01
-2.755e-01
-2.742e-01
-2.727e-01
-2.710e-01
-2.691e-01
-2.670e-01
-2.644e-01
-2.616e-01
-2.583e-01
-2.547e-01
-2.506e-01
-2.461e-01
-2.404e-01
-2.403e-01
-2.824e-01
-2.803e-01
-2.780e-01
-2.773e-01
-2.762e-01
-2.748e-01
-2.734e-01
-2.717e-01
-2.699e-01
-2.679e-01
-2.655e-01
-2.628e-01
-2.599e-01
-2.565e-01
-2.528e-01
-2.486e-01
-2.440e-01
-2.388e-01
-2.333e-01
-2.266e-01
-2.262e-01
-2.793e-01
-2.781e-01
-2.754e-01
-2.742e-01
-2.726e-01
-2.707e-01
-2.688e-01
-2.665e-01
-2.640e-01
-2.611e-01
-2.580e-01
-2.545e-01
-2.506e-01
-2.463e-01
-2.415e-01
-2.363e-01
-2.306e-01
-2.244e-01
-2.178e-01
-2.103e-01
-2.097e-01
-2.754e-01
-2.750e-01
-2.716e-01
-2.698e-01
-2.676e-01
-2.652e-01
-2.624e-01
-2.594e-01
-2.560e-01
-2.523e-01
-2.482e-01
-2.437e-01
-2.387e-01
-2.334e-01
-2.276e-01
-2.214e-01
-2.147e-01
-2.076e-01
-2.000e-01
-1.917e-01
-1.910e-01
-2.704e-01
-2.704e-01
-2.664e-01
-2.638e-01
-2.609e-01
-2.575e-01
-2.540e-01
-2.499e-01
-2.456e-01
-2.408e-01
-2.357e-01
-2.302e-01
-2.243e-01
-2.179e-01
-2.112e-01
-2.040e-01
-1.965e-01
-1.886e-01
-1.804e-01
-1.716e-01
-1.709e-01
-2.638e-01
-2.639e-01
-2.592e-01
-2.557e-01
-2.518e-01
-2.475e-01
-2.429e-01
-2.378e-01
-2.325e-01
-2.268e-01
-2.206e-01
-2.142e-01
-2.073e-01
-2.001e-01
-1.925e-01
-1.847e-01
-1.766e-01
-1.682e-01
-1.596e-01
-1.504e-01
-1.496e-01
-2.550e-01
-2.551e-01
-2.496e-01
-2.451e-01
-2.401e-01
-2.348e-01
-2.291e-01
-2.231e-01
-2.168e-01
-2.101e-01
-2.030e-01
-1.957e-01
-1.881e-01
-1.803e-01
-1.723e-01
-1.640e-01
-1.555e-01
-1.467e-01
-1.377e-01
-1.283e-01
-1.275e-01
-2.438e-01
-2.437e-01
-2.373e-01
-2.317e-01
-2.257e-01
-2.194e-01
-2.128e-01
-2.059e-01
-1.986e-01
-1.911e-01
-1.834e-01
-1.756e-01
-1.675e-01
-1.593e-01
-1.508e-01
-1.422e-01
-1.334e-01
-1.245e-01
-1.153e-01
-1.059e-01
-1.051e-01
-2.299e-01
-2.295e-01
-2.224e-01
-2.158e-01
-2.088e-01
-2.016e-01
-1.941e-01
-1.864e-01
-1.785e-01
-1.705e-01
-1.624e-01
-1.541e-01
-1.456e-01
-1.371e-01
-1.285e-01
-1.198e-01
-1.109e-01
-1.019e-01
-9.273e-02
-8.322e-02
-8.252e-02
-2.134e-01
-2.128e-01
-2.049e-01
-1.974e-01
-1.896e-01
-1.817e-01
-1.736e-01
-1.654e-01
-1.571e-01
-1.487e-01
-1.401e-01
-1.316e-01
-1.230e-01
-1.143e-01
-1.057e-01
-9.697e-02
-8.813e-02
-7.915e-02
-7.002e-02
-6.058e-02
-5.993e-02
-1.945e-01
-1.937e-01
-1.853e-01
-1.771e-01
-1.688e-01
-1.604e-01
-1.518e-01
-1.432e-01
-1.345e-01
-1.258e-01
-1.171e-01
-1.085e-01
-9.982e-02
-9.113e-02
-8.247e-02
-7.385e-02
-6.516e-02
-5.637e-02
-4.744e-02
-3.821e-02
-3.766e-02
-1.738e-01
-1.730e-01
-1.642e-01
-1.555e-01
-1.466e-01
-1.378e-01
-1.289e-01
-1.201e-01
-1.112e-01
-1.024e-01
-9.359e-02
-8.480e-02
-7.611e-02
-6.749e-02
-5.895e-02
-5.056e-02
-4.219e-02
-3.373e-02
-2.530e-02
-1.648e-02
-1.610e-02
-1.517e-01
-1.509e-01
-1.417e-01
-1.326e-01
-1.235e-01
-1.145e-01
-1.054e-01
-9.641e-02
-8.737e-02
-7.842e-02
-6.955e-02
-6.073e-02
-5.205e-02
-4.353e-02
-3.519e-02
-2.726e-02
-1.932e-02
-1.106e-02
-3.831e-03
4.386e-03
4.414e-03
-1.286e-01
-1.278e-01
-1.184e-01
-1.091e-01
-9.987e-02
-9.057e-02
-8.133e-02
-7.219e-02
-6.306e-02
-5.402e-02
-4.512e-02
-3.635e-02
-2.772e-02
-1.925e-02
-1.086e-02
-3.874e-03
3.866e-03
1.613e-02
1.787e-02
1.845e-02
1.826e-02
-1.046e-01
-1.039e-01
-9.437e-02
-8.489e-02
-7.548e-02
-6.610e-02
-5.676e-02
-4.752e-02
-3.839e-02
-2.934e-02
-2.044e-02
-1.172e-02
-3.162e-03
5.431e-03
1.755e-02
1.834e-02
1.902e-02
1.969e-02
2.040e-02
2.124e-02
2.067e-02
-9.667e-02
-9.346e-02
-8.381e-02
-7.430e-02
-6.483e-02
-5.540e-02
-4.605e-02
-3.681e-02
-2.764e-02
-1.861e-02
-9.729e-03
-1.050e-03
7.324e-03
1.495e-02
1.845e-02
1.917e-02
2.010e-02
2.097e-02
2.186e-02
2.288e-02
2.360e-02
-2.729e-01
-2.718e-01
-2.719e-01
-2.722e-01
-2.725e-01
-2.728e-01
-2.730e-01
-2.732e-01
-2.733e-01
-2.733e-01
-2.730e-01
-2.726e-01
-2.721e-01
-2.714e-01
-2.706e-01
-2.696e-01
-2.684e-01
-2.669e-01
-2.658e-01
-2.623e-01
-2.625e-01
-2.710e-01
-2.688e-01
-2.682e-01
-2.687e-01
-2.690e-01
-2.692e-01
-2.693e-01
-2.693e-01
-2.692e-01
-2.690e-01
-2.688e-01
-2.684e-01
-2.679e-01
-2.674e-01
-2.668e-01
-2.659e-01
-2.649e-01
-2.638e-01
-2.625e-01
-2.596e-01
-2.608e-01
-2.715e-01
-2.689e-01
-2.681e-01
-2.686e-01
-2.685e-01
-2.683e-01
-2.682e-01
-2.678e-01
-2.673e-01
-2.669e-01
-2.662e-01
-2.655e-01
-2.646e-01
-2.637e-01
-2.625e-01
-2.612e-01
-2.596e-01
-2.579e-01
-2.560e-01
-2.526e-01
-2.530e-01
-2.720e-01
-2.695e-01
-2.684e-01
-2.687e-01
-2.683e-01
-2.678e-01
-2.672e-01
-2.667e-01
-2.659e-01
-2.651e-01
-2.642e-01
-2.631e-01
-2.619e-01
-2.605e-01
-2.589e-01
-2.571e-01
-2.550e-01
-2.525e-01
-2.499e-01
-2.457e-01
-2.463e-01
-2.718e-01
-2.691e-01
-2.676e-01
-2.675e-01
-2.668e-01
-2.661e-01
-2.653e-01
-2.645e-01
-2.634e-01
-2.623e-01
-2.610e-01
-2.595e-01
-2.578e-01
-2.559e-01
-2.537e-01
-2.512e-01
-2.483e-01
-2.451e-01
-2.415e-01
-2.365e-01
-2.369e-01
-2.706e-01
-2.681e-01
-2.662e-01
-2.658e-01
-2.648e-01
-2.639e-01
-2.627e-01
-2.615e-01
-2.601e-01
-2.585e-01
-2.567e-01
-2.546e-01
-2.524e-01
-2.497e-01
-2.467e-01
-2.433e-01
-2.396e-01
-2.354e-01
-2.307e-01
-2.248e-01
-2.250e-01
-2.683e-01
-2.664e-01
-2.641e-01
-2.634e-01
-2.621e-01
-2.607e-01
-2.592e-01
-2.574e-01
-2.555e-01
-2.533e-01
-2.508e-01
-2.481e-01
-2.449e-01
-2.415e-01
-2.376e-01
-2.332e-01
-2.284e-01
-2.231e-01
-2.174e-01
-2.106e-01
-2.104e-01
-2.651e-01
-2.641e-01
-2.613e-01
-2.600e-01
-2.583e-01
-2.564e-01
-2.543e-01
-2.519e-01
-2.493e-01
-2.463e-01
-2.430e-01
-2.393e-01
-2.353e-01
-2.308e-01
-2.259e-01
-2.205e-01
-2.146e-01
-2.083e-01
-2.016e-01
-1.939e-01
-1.935e-01
-2.609e-01
-2.608e-01
-2.573e-01
-2.554e-01
-2.530e-01
-2.505e-01
-2.477e-01
-2.445e-01
-2.409e-01
-2.371e-01
-2.328e-01
-2.281e-01
-2.230e-01
-2.175e-01
-2.116e-01
-2.052e-01
-1.984e-01
-1.911e-01
-1.834e-01
-1.750e-01
-1.744e-01
-2.556e-01
-2.559e-01
-2.518e-01
-2.491e-01
-2.460e-01
-2.426e-01
-2.388e-01
-2.346e-01
-2.301e-01
-2.252e-01
-2.199e-01
-2.142e-01
-2.082e-01
-2.016e-01
-1.948e-01
-1.875e-01
-1.798e-01
-1.718e-01
-1.634e-01
-1.546e-01
-1.539e-01
-2.487e-01
-2.491e-01
-2.443e-01
-2.406e-01
-2.366e-01
-2.321e-01
-2.273e-01
-2.221e-01
-2.166e-01
-2.107e-01
-2.044e-01
-1.978e-01
-1.908e-01
-1.834e-01
-1.757e-01
-1.678e-01
-1.596e-01
-1.511e-01
-1.423e-01
-1.331e-01
-1.324e-01
-2.396e-01
-2.399e-01
-2.343e-01
-2.296e-01
-2.245e-01
-2.190e-01
-2.132e-01
-2.070e-01
-2.005e-01
-1.937e-01
-1.865e-01
-1.790e-01
-1.713e-01
-1.634e-01
-1.552e-01
-1.468e-01
-1.382e-01
-1.293e-01
-1.202e-01
-1.108e-01
-1.101e-01
-2.281e-01
-2.281e-01
-2.216e-01
-2.158e-01
-2.097e-01
-2.032e-01
-1.965e-01
-1.894e-01
-1.820e-01
-1.744e-01
-1.665e-01
-1.585e-01
-1.504e-01
-1.421e-01
-1.335e-01
-1.248e-01
-1.159e-01
-1.069e-01
-9.766e-02
-8.817e-02
-8.746e-02
-2.137e-01
-2.135e-01
-2.063e-01
-1.995e-01
-1.924e-01
-1.850e-01
-1.774e-01
-1.696e-01
-1.616e-01
-1.535e-01
-1.452e-01
-1.368e-01
-1.283e-01
-1.196e-01
-1.109e-01
-1.021e-01
-9.323e-02
-8.420e-02
-7.494e-02
-6.540e-02
-6.471e-02
-1.969e-01
-1.965e-01
-1.884e-01
-1.808e-01
-1.729e-01
-1.648e-01
-1.566e-01
-1.483e-01
-1.399e-01
-1.313e-01
-1.227e-01
-1.141e-01
-1.054e-01
-9.668e-02
-8.797e-02
-7.920e-02
-7.031e-02
-6.129e-02
-5.212e-02
-4.266e-02
-4.202e-02
-1.776e-01
-1.770e-01
-1.685e-01
-1.602e-01
-1.517e-01
-1.432e-01
-1.346e-01
-1.258e-01
-1.171e-01
-1.083e-01
-9.951e-02
-9.077e-02
-8.207e-02
-7.333e-02
-6.462e-02
-5.596e-02
-4.725e-02
-3.843e-02
-2.948e-02
-2.023e-02
-1.969e-02
-1.567e-01
-1.560e-01
-1.471e-01
-1.383e-01
-1.293e-01
-1.204e-01
-1.114e-01
-1.025e-01
-9.357e-02
-8.471e-02
-7.582e-02
-6.698e-02
-5.824e-02
-4.959e-02
-4.102e-02
-3.261e-02
-2.422e-02
-1.574e-02
-7.313e-03
1.516e-03
1.892e-03
-1.344e-01
-1.336e-01
-1.243e-01
-1.152e-01
-1.060e-01
-9.686e-02
-8.775e-02
-7.867e-02
-6.958e-02
-6.057e-02
-5.167e-02
-4.281e-02
-3.410e-02
-2.556e-02
-1.721e-02
-9.267e-03
-1.323e-03
6.942e-03
1.416e-02
2.231e-02
2.235e-02
-1.110e-01
-1.103e-01
-1.008e-01
-9.147e-02
-8.216e-02
-7.281e-02
-6.351e-02
-5.432e-02
-4.515e-02
-3.608e-02
-2.716e-02
-1.837e-02
-9.726e-03
-1.256e-03
7.135e-03
1.409e-02
2.176e-02
3.355e-02
3.559e-02
3.656e-02
3.631e-02
-8.698e-02
-8.628e-02
-7.668e-02
-6.713e-02
-5.766e-02
-4.824e-02
-3.886e-02
-2.959e-02
-2.043e-02
-1.136e-02
-2.453e-03
6.275e-03
1.483e-02
2.342e-02
3.513e-02
3.627e-02
3.719e-02
3.812e-02
3.901e-02
4.013e-02
3.948e-02
-7.899e-02
-7.578e-02
-6.609e-02
-5.651e-02
-4.699e-02
-3.751e-02
-2.813e-02
-1.885e-02
-9.669e-03
-6.221e-04
8.266e-03
1.695e-02
2.532e-02
3.295e-02
3.672e-02
3.766e-02
3.874e-02
3.975e-02
4.079e-02
4.202e-02
4.297e-02
-2.567e-01
-2.557e-01
-2.558e-01
-2.562e-01
-2.565e-01
-2.569e-01
-2.572e-01
-2.575e-01
-2.576e-01
-2.577e-01
-2.575e-01
-2.571e-01
-2.565e-01
-2.558e-01
-2.549e-01
-2.538e-01
-2.525e-01
-2.509e-01
-2.495e-01
-2.459e-01
-2.464e-01
-2.550e-01
-2.533e-01
-2.527e-01
-2.533e-01
-2.537e-01
-2.540e-01
-2.542e-01
-2.542e-01
-2.541e-01
-2.539e-01
-2.536e-01
-2.532e-01
-2.527e-01
-2.520e-01
-2.513e-01
-2.504e-01
-2.492e-01
-2.479e-01
-2.464e-01
-2.433e-01
-2.448e-01
-2.555e-01
-2.536e-01
-2.527e-01
-2.533e-01
-2.533e-01
-2.532e-01
-2.530e-01
-2.526e-01
-2.521e-01
-2.516e-01
-2.509e-01
-2.500e-01
-2.491e-01
-2.480e-01
-2.467e-01
-2.452e-01
-2.435e-01
-2.415e-01
-2.394e-01
-2.357e-01
-2.365e-01
-2.562e-01
-2.544e-01
-2.532e-01
-2.535e-01
-2.531e-01
-2.526e-01
-2.520e-01
-2.514e-01
-2.506e-01
-2.496e-01
-2.486e-01
-2.474e-01
-2.460e-01
-2.444e-01
-2.426e-01
-2.406e-01
-2.382e-01
-2.355e-01
-2.325e-01
-2.281e-01
-2.291e-01
-2.563e-01
-2.541e-01
-2.524e-01
-2.523e-01
-2.516e-01
-2.508e-01
-2.499e-01
-2.489e-01
-2.477e-01
-2.464e-01
-2.449e-01
-2.433e-01
-2.414e-01
-2.392e-01
-2.368e-01
-2.340e-01
-2.308e-01
-2.273e-01
-2.234e-01
-2.181e-01
-2.188e-01
-2.551e-01
-2.529e-01
-2.509e-01
-2.505e-01
-2.493e-01
-2.483e-01
-2.470e-01
-2.455e-01
-2.440e-01
-2.422e-01
-2.401e-01
-2.378e-01
-2.353e-01
-2.324e-01
-2.291e-01
-2.254e-01
-2.213e-01
-2.167e-01
-2.117e-01
-2.055e-01
-2.060e-01
-2.526e-01
-2.511e-01
-2.486e-01
-2.477e-01
-2.463e-01
-2.447e-01
-2.429e-01
-2.410e-01
-2.389e-01
-2.364e-01
-2.336e-01
-2.306e-01
-2.271e-01
-2.233e-01
-2.191e-01
-2.144e-01
-2.092e-01
-2.036e-01
-1.975e-01
-1.904e-01
-1.904e-01
-2.491e-01
-2.484e-01
-2.454e-01
-2.439e-01
-2.420e-01
-2.398e-01
-2.375e-01
-2.349e-01
-2.319e-01
-2.286e-01
-2.250e-01
-2.210e-01
-2.166e-01
-2.118e-01
-2.065e-01
-2.007e-01
-1.945e-01
-1.879e-01
-1.808e-01
-1.729e-01
-1.727e-01
-2.444e-01
-2.445e-01
-2.408e-01
-2.387e-01
-2.361e-01
-2.333e-01
-2.302e-01
-2.266e-01
-2.228e-01
-2.186e-01
-2.140e-01
-2.089e-01
-2.034e-01
-1.976e-01
-1.913e-01
-1.846e-01
-1.774e-01
-1.699e-01
-1.619e-01
-1.533e-01
-1.528e-01
-2.385e-01
-2.391e-01
-2.347e-01
-2.318e-01
-2.283e-01
-2.246e-01
-2.205e-01
-2.160e-01
-2.111e-01
-2.058e-01
-2.002e-01
-1.941e-01
-1.877e-01
-1.809e-01
-1.737e-01
-1.661e-01
-1.581e-01
-1.498e-01
-1.413e-01
-1.322e-01
-1.316e-01
-2.308e-01
-2.316e-01
-2.264e-01
-2.225e-01
-2.181e-01
-2.133e-01
-2.081e-01
-2.026e-01
-1.967e-01
-1.904e-01
-1.838e-01
-1.769e-01
-1.696e-01
-1.619e-01
-1.539e-01
-1.457e-01
-1.373e-01
-1.285e-01
-1.196e-01
-1.102e-01
-1.096e-01
-2.209e-01
-2.215e-01
-2.156e-01
-2.106e-01
-2.051e-01
-1.993e-01
-1.931e-01
-1.866e-01
-1.797e-01
-1.726e-01
-1.651e-01
-1.574e-01
-1.494e-01
-1.412e-01
-1.328e-01
-1.242e-01
-1.154e-01
-1.063e-01
-9.703e-02
-8.750e-02
-8.680e-02
-2.085e-01
-2.088e-01
-2.020e-01
-1.959e-01
-1.894e-01
-1.826e-01
-1.756e-01
-1.682e-01
-1.605e-01
-1.526e-01
-1.445e-01
-1.362e-01
-1.278e-01
-1.193e-01
-1.106e-01
-1.017e-01
-9.267e-02
-8.350e-02
-7.415e-02
-6.458e-02
-6.388e-02
-1.934e-01
-1.934e-01
-1.858e-01
-1.788e-01
-1.714e-01
-1.637e-01
-1.558e-01
-1.477e-01
-1.394e-01
-1.311e-01
-1.226e-01
-1.140e-01
-1.053e-01
-9.647e-02
-8.762e-02
-7.869e-02
-6.966e-02
-6.053e-02
-5.119e-02
-4.159e-02
-4.090e-02
-1.758e-01
-1.755e-01
-1.673e-01
-1.593e-01
-1.511e-01
-1.428e-01
-1.344e-01
-1.258e-01
-1.172e-01
-1.084e-01
-9.963e-02
-9.083e-02
-8.201e-02
-7.317e-02
-6.434e-02
-5.549e-02
-4.652e-02
-3.744e-02
-2.822e-02
-1.873e-02
-1.808e-02
-1.558e-01
-1.553e-01
-1.466e-01
-1.380e-01
-1.294e-01
-1.206e-01
-1.118e-01
-1.028e-01
-9.390e-02
-8.497e-02
-7.606e-02
-6.720e-02
-5.840e-02
-4.957e-02
-4.079e-02
-3.208e-02
-2.332e-02
-1.447e-02
-5.493e-03
3.757e-03
4.302e-03
-1.343e-01
-1.337e-01
-1.246e-01
-1.156e-01
-1.065e-01
-9.733e-02
-8.822e-02
-7.912e-02
-7.006e-02
-6.108e-02
-5.210e-02
-4.318e-02
-3.438e-02
-2.567e-02
-1.707e-02
-8.632e-03
-2.316e-04
8.249e-03
1.668e-02
2.551e-02
2.589e-02
-1.115e-01
-1.108e-01
-1.014e-01
-9.204e-02
-8.272e-02
-7.342e-02
-6.418e-02
-5.499e-02
-4.581e-02
-3.673e-02
-2.777e-02
-1.887e-02
-1.013e-02
-1.574e-03
6.779e-03
1.473e-02
2.268e-02
3.094e-02
3.815e-02
4.623e-02
4.627e-02
-8.778e-02
-8.707e-02
-7.746e-02
-6.796e-02
-5.854e-02
-4.908e-02
-3.971e-02
-3.044e-02
-2.122e-02
-1.212e-02
-3.172e-03
5.625e-03
1.427e-02
2.274e-02
3.112e-02
3.806e-02
4.564e-02
5.687e-02
5.926e-02
6.071e-02
6.039e-02
-6.347e-02
-6.275e-02
-5.306e-02
-4.341e-02
-3.386e-02
-2.437e-02
-1.493e-02
-5.624e-03
3.555e-03
1.263e-02
2.154e-02
3.027e-02
3.883e-02
4.741e-02
5.863e-02
6.019e-02
6.142e-02
6.268e-02
6.381e-02
6.527e-02
6.453e-02
-5.539e-02
-5.215e-02
-4.238e-02
-3.271e-02
-2.312e-02
-1.359e-02
-4.161e-03
5.131e-03
1.432e-02
2.337e-02
3.226e-02
4.095e-02
4.932e-02
5.696e-02
6.106e-02
6.229e-02
6.356e-02
6.476e-02
6.599e-02
6.749e-02
6.873e-02
-2.401e-01
-2.393e-01
-2.394e-01
-2.398e-01
-2.403e-01
-2.407e-01
-2.412e-01
-2.416e-01
-2.419e-01
-2.421e-01
-2.420e-01
-2.416e-01
-2.411e-01
-2.403e-01
-2.393e-01
-2.379e-01
-2.363e-01
-2.345e-01
-2.327e-01
-2.288e-01
-2.293e-01
-2.386e-01
-2.374e-01
-2.369e-01
-2.377e-01
-2.383e-01
-2.387e-01
-2.390e-01
-2.392e-01
-2.392e-01
-2.389e-01
-2.387e-01
-2.381e-01
-2.375e-01
-2.366e-01
-2.357e-01
-2.345e-01
-2.330e-01
-2.313e-01
-2.295e-01
-2.260e-01
-2.277e-01
-2.393e-01
-2.380e-01
-2.372e-01
-2.380e-01
-2.381e-01
-2.380e-01
-2.379e-01
-2.375e-01
-2.370e-01
-2.364e-01
-2.355e-01
-2.345e-01
-2.333e-01
-2.319e-01
-2.303e-01
-2.285e-01
-2.264e-01
-2.240e-01
-2.213e-01
-2.172e-01
-2.183e-01
-2.403e-01
-2.393e-01
-2.381e-01
-2.385e-01
-2.381e-01
-2.376e-01
-2.369e-01
-2.361e-01
-2.351e-01
-2.340e-01
-2.326e-01
-2.311e-01
-2.294e-01
-2.274e-01
-2.252e-01
-2.227e-01
-2.199e-01
-2.167e-01
-2.131e-01
-2.083e-01
-2.095e-01
-2.407e-01
-2.392e-01
-2.374e-01
-2.372e-01
-2.364e-01
-2.354e-01
-2.343e-01
-2.331e-01
-2.316e-01
-2.300e-01
-2.282e-01
-2.261e-01
-2.238e-01
-2.211e-01
-2.182e-01
-2.149e-01
-2.112e-01
-2.071e-01
-2.025e-01
-1.967e-01
-1.977e-01
-2.396e-01
-2.379e-01
-2.356e-01
-2.350e-01
-2.336e-01
-2.323e-01
-2.307e-01
-2.289e-01
-2.270e-01
-2.248e-01
-2.223e-01
-2.195e-01
-2.165e-01
-2.130e-01
-2.091e-01
-2.048e-01
-2.001e-01
-1.949e-01
-1.893e-01
-1.826e-01
-1.832e-01
-2.369e-01
-2.355e-01
-2.328e-01
-2.315e-01
-2.298e-01
-2.279e-01
-2.258e-01
-2.233e-01
-2.208e-01
-2.178e-01
-2.145e-01
-2.109e-01
-2.069e-01
-2.025e-01
-1.976e-01
-1.923e-01
-1.865e-01
-1.802e-01
-1.735e-01
-1.659e-01
-1.661e-01
-2.327e-01
-2.321e-01
-2.288e-01
-2.269e-01
-2.245e-01
-2.219e-01
-2.191e-01
-2.160e-01
-2.125e-01
-2.087e-01
-2.045e-01
-1.999e-01
-1.948e-01
-1.893e-01
-1.834e-01
-1.770e-01
-1.702e-01
-1.630e-01
-1.553e-01
-1.471e-01
-1.469e-01
-2.270e-01
-2.273e-01
-2.232e-01
-2.205e-01
-2.175e-01
-2.142e-01
-2.104e-01
-2.063e-01
-2.019e-01
-1.971e-01
-1.918e-01
-1.861e-01
-1.800e-01
-1.736e-01
-1.667e-01
-1.593e-01
-1.517e-01
-1.437e-01
-1.352e-01
-1.262e-01
-1.258e-01
-2.198e-01
-2.206e-01
-2.159e-01
-2.123e-01
-2.083e-01
-2.040e-01
-1.993e-01
-1.941e-01
-1.886e-01
-1.827e-01
-1.764e-01
-1.698e-01
-1.628e-01
-1.554e-01
-1.477e-01
-1.396e-01
-1.312e-01
-1.225e-01
-1.135e-01
-1.042e-01
-1.036e-01
-2.108e-01
-2.117e-01
-2.061e-01
-2.015e-01
-1.965e-01
-1.911e-01
-1.853e-01
-1.792e-01
-1.727e-01
-1.658e-01
-1.586e-01
-1.511e-01
-1.434e-01
-1.352e-01
-1.268e-01
-1.182e-01
-1.093e-01
-1.003e-01
-9.104e-02
-8.148e-02
-8.078e-02
-1.993e-01
-2.002e-01
-1.937e-01
-1.881e-01
-1.820e-01
-1.755e-01
-1.687e-01
-1.616e-01
-1.542e-01
-1.466e-01
-1.387e-01
-1.304e-01
-1.220e-01
-1.134e-01
-1.047e-01
-9.576e-02
-8.670e-02
-7.736e-02
-6.786e-02
-5.817e-02
-5.745e-02
-1.854e-01
-1.859e-01
-1.786e-01
-1.719e-01
-1.648e-01
-1.574e-01
-1.498e-01
-1.420e-01
-1.338e-01
-1.254e-01
-1.170e-01
-1.083e-01
-9.958e-02
-9.076e-02
-8.176e-02
-7.262e-02
-6.339e-02
-5.404e-02
-4.455e-02
-3.487e-02
-3.415e-02
-1.688e-01
-1.689e-01
-1.609e-01
-1.533e-01
-1.454e-01
-1.372e-01
-1.289e-01
-1.204e-01
-1.117e-01
-1.030e-01
-9.419e-02
-8.533e-02
-7.632e-02
-6.729e-02
-5.825e-02
-4.915e-02
-3.998e-02
-3.075e-02
-2.132e-02
-1.168e-02
-1.097e-02
-1.499e-01
-1.496e-01
-1.411e-01
-1.326e-01
-1.240e-01
-1.153e-01
-1.065e-01
-9.758e-02
-8.870e-02
-7.963e-02
-7.057e-02
-6.155e-02
-5.254e-02
-4.355e-02
-3.460e-02
-2.566e-02
-1.662e-02
-7.485e-03
1.764e-03
1.126e-02
1.191e-02
-1.288e-01
-1.284e-01
-1.193e-01
-1.103e-01
-1.013e-01
-9.224e-02
-8.310e-02
-7.389e-02
-6.472e-02
-5.559e-02
-4.651e-02
-3.751e-02
-2.860e-02
-1.969e-02
-1.086e-02
-2.101e-03
6.667e-03
1.552e-02
2.450e-02
3.375e-02
3.430e-02
-1.063e-01
-1.057e-01
-9.634e-02
-8.708e-02
-7.765e-02
-6.826e-02
-5.893e-02
-4.965e-02
-4.043e-02
-3.132e-02
-2.225e-02
-1.326e-02
-4.411e-03
4.310e-03
1.292e-02
2.136e-02
2.976e-02
3.824e-02
4.668e-02
5.551e-02
5.589e-02
-8.284e-02
-8.211e-02
-7.243e-02
-6.286e-02
-5.333e-02
-4.385e-02
-3.448e-02
-2.518e-02
-1.591e-02
-6.778e-03
2.214e-03
1.112e-02
1.986e-02
2.842e-02
3.677e-02
4.472e-02
5.267e-02
6.092e-02
6.814e-02
7.615e-02
7.619e-02
-5.848e-02
-5.774e-02
-4.798e-02
-3.832e-02
-2.878e-02
-1.922e-02
-9.773e-03
-4.673e-04
8.761e-03
1.787e-02
2.682e-02
3.562e-02
4.426e-02
5.274e-02
6.110e-02
6.803e-02
7.551e-02
8.611e-02
8.890e-02
9.091e-02
9.052e-02
-3.383e-02
-3.307e-02
-2.328e-02
-1.354e-02
-3.913e-03
5.607e-03
1.505e-02
2.436e-02
3.355e-02
4.263e-02
5.154e-02
6.027e-02
6.883e-02
7.739e-02
8.808e-02
9.012e-02
9.171e-02
9.334e-02
9.477e-02
9.664e-02
9.581e-02
-2.562e-02
-2.234e-02
-1.249e-02
-2.762e-03
6.857e-03
1.640e-02
2.583e-02
3.512e-02
4.431e-02
5.337e-02
6.226e-02
7.094e-02
7.932e-02
8.697e-02
9.144e-02
9.301e-02
9.452e-02
9.596e-02
9.743e-02
9.927e-02
1.008e-01
-2.269e-01
-2.260e-01
-2.261e-01
-2.266e-01
-2.272e-01
-2.277e-01
-2.284e-01
-2.290e-01
-2.296e-01
-2.299e-01
-2.299e-01
-2.296e-01
-2.290e-01
-2.281e-01
-2.269e-01
-2.252e-01
-2.233e-01
-2.210e-01
-2.186e-01
-2.142e-01
-2.146e-01
-2.253e-01
-2.243e-01
-2.240e-01
-2.250e-01
-2.259e-01
-2.266e-01
-2.272e-01
-2.275e-01
-2.275e-01
-2.273e-01
-2.270e-01
-2.264e-01
-2.255e-01
-2.243e-01
-2.231e-01
-2.215e-01
-2.195e-01
-2.173e-01
-2.148e-01
-2.109e-01
-2.125e-01
-2.261e-01
-2.255e-01
-2.247e-01
-2.257e-01
-2.260e-01
-2.261e-01
-2.262e-01
-2.258e-01
-2.252e-01
-2.244e-01
-2.233e-01
-2.220e-01
-2.204e-01
-2.187e-01
-2.166e-01
-2.142e-01
-2.115e-01
-2.085e-01
-2.051e-01
-2.004e-01
-2.017e-01
-2.277e-01
-2.274e-01
-2.262e-01
-2.267e-01
-2.263e-01
-2.258e-01
-2.250e-01
-2.240e-01
-2.227e-01
-2.213e-01
-2.195e-01
-2.176e-01
-2.154e-01
-2.128e-01
-2.100e-01
-2.068e-01
-2.033e-01
-1.993e-01
-1.950e-01
-1.895e-01
-1.908e-01
-2.285e-01
-2.277e-01
-2.257e-01
-2.253e-01
-2.244e-01
-2.232e-01
-2.218e-01
-2.202e-01
-2.183e-01
-2.162e-01
-2.139e-01
-2.112e-01
-2.082e-01
-2.049e-01
-2.012e-01
-1.971e-01
-1.927e-01
-1.877e-01
-1.823e-01
-1.759e-01
-1.770e-01
-2.276e-01
-2.261e-01
-2.235e-01
-2.226e-01
-2.209e-01
-2.192e-01
-2.172e-01
-2.149e-01
-2.124e-01
-2.095e-01
-2.063e-01
-2.029e-01
-1.991e-01
-1.948e-01
-1.902e-01
-1.850e-01
-1.796e-01
-1.735e-01
-1.670e-01
-1.597e-01
-1.604e-01
-2.245e-01
-2.231e-01
-2.200e-01
-2.182e-01
-2.160e-01
-2.135e-01
-2.108e-01
-2.077e-01
-2.045e-01
-2.008e-01
-1.967e-01
-1.924e-01
-1.875e-01
-1.823e-01
-1.766e-01
-1.704e-01
-1.638e-01
-1.567e-01
-1.493e-01
-1.412e-01
-1.413e-01
-2.192e-01
-2.185e-01
-2.147e-01
-2.122e-01
-2.092e-01
-2.060e-01
-2.025e-01
-1.986e-01
-1.944e-01
-1.897e-01
-1.847e-01
-1.793e-01
-1.734e-01
-1.671e-01
-1.603e-01
-1.532e-01
-1.457e-01
-1.377e-01
-1.294e-01
-1.207e-01
-1.205e-01
-2.120e-01
-2.123e-01
-2.076e-01
-2.042e-01
-2.004e-01
-1.963e-01
-1.918e-01
-1.869e-01
-1.817e-01
-1.760e-01
-1.700e-01
-1.635e-01
-1.566e-01
-1.494e-01
-1.417e-01
-1.338e-01
-1.255e-01
-1.170e-01
-1.080e-01
-9.867e-02
-9.817e-02
-2.030e-01
-2.038e-01
-1.984e-01
-1.941e-01
-1.893e-01
-1.841e-01
-1.786e-01
-1.727e-01
-1.663e-01
-1.596e-01
-1.526e-01
-1.452e-01
-1.375e-01
-1.295e-01
-1.212e-01
-1.126e-01
-1.037e-01
-9.458e-02
-8.524e-02
-7.569e-02
-7.500e-02
-1.919e-01
-1.929e-01
-1.867e-01
-1.812e-01
-1.754e-01
-1.692e-01
-1.626e-01
-1.557e-01
-1.484e-01
-1.409e-01
-1.330e-01
-1.249e-01
-1.167e-01
-1.080e-01
-9.909e-02
-9.007e-02
-8.086e-02
-7.147e-02
-6.195e-02
-5.222e-02
-5.147e-02
-1.785e-01
-1.793e-01
-1.722e-01
-1.657e-01
-1.589e-01
-1.517e-01
-1.442e-01
-1.364e-01
-1.284e-01
-1.202e-01
-1.117e-01
-1.030e-01
-9.412e-02
-8.513e-02
-7.603e-02
-6.681e-02
-5.751e-02
-4.794e-02
-3.826e-02
-2.846e-02
-2.770e-02
-1.625e-01
-1.630e-01
-1.551e-01
-1.476e-01
-1.399e-01
-1.319e-01
-1.236e-01
-1.153e-01
-1.066e-01
-9.775e-02
-8.885e-02
-7.985e-02
-7.077e-02
-6.167e-02
-5.244e-02
-4.310e-02
-3.371e-02
-2.424e-02
-1.466e-02
-4.930e-03
-4.191e-03
-1.441e-01
-1.442e-01
-1.357e-01
-1.274e-01
-1.190e-01
-1.103e-01
-1.014e-01
-9.246e-02
-8.343e-02
-7.433e-02
-6.523e-02
-5.612e-02
-4.689e-02
-3.769e-02
-2.850e-02
-1.930e-02
-1.006e-02
-7.743e-04
8.660e-03
1.831e-02
1.901e-02
-1.236e-01
-1.233e-01
-1.144e-01
-1.054e-01
-9.631e-02
-8.718e-02
-7.798e-02
-6.877e-02
-5.962e-02
-5.030e-02
-4.104e-02
-3.186e-02
-2.273e-02
-1.365e-02
-4.648e-03
4.322e-03
1.337e-02
2.250e-02
3.176e-02
4.126e-02
4.190e-02
-1.013e-01
-1.008e-01
-9.140e-02
-8.205e-02
-7.265e-02
-6.327e-02
-5.388e-02
-4.444e-02
-3.510e-02
-2.582e-02
-1.664e-02
-7.569e-03
1.375e-03
1.029e-02
1.913e-02
2.789e-02
3.666e-02
4.551e-02
5.449e-02
6.375e-02
6.430e-02
-7.786e-02
-7.717e-02
-6.752e-02
-5.799e-02
-4.831e-02
-3.872e-02
-2.923e-02
-1.982e-02
-1.051e-02
-1.348e-03
7.729e-03
1.672e-02
2.558e-02
3.430e-02
4.291e-02
5.135e-02
5.976e-02
6.824e-02
7.668e-02
8.551e-02
8.588e-02
-5.364e-02
-5.285e-02
-4.298e-02
-3.323e-02
-2.355e-02
-1.397e-02
-4.525e-03
4.797e-03
1.407e-02
2.321e-02
3.221e-02
4.111e-02
4.985e-02
5.841e-02
6.677e-02
7.472e-02
8.267e-02
9.090e-02
9.813e-02
1.061e-01
1.061e-01
-2.879e-02
-2.800e-02
-1.814e-02
-8.395e-03
1.198e-03
1.076e-02
2.021e-02
2.952e-02
3.875e-02
4.786e-02
5.681e-02
6.561e-02
7.426e-02
8.273e-02
9.107e-02
9.800e-02
1.054e-01
1.155e-01
1.186e-01
1.211e-01
1.207e-01
-3.906e-03
-3.121e-03
6.691e-03
1.644e-02
2.607e-02
3.560e-02
4.504e-02
5.435e-02
6.354e-02
7.262e-02
8.153e-02
9.026e-02
9.882e-02
1.074e-01
1.176e-01
1.201e-01
1.220e-01
1.240e-01
1.257e-01
1.279e-01
1.270e-01
4.346e-03
7.637e-03
1.749e-02
2.722e-02
3.685e-02
4.639e-02
5.582e-02
6.512e-02
7.431e-02
8.336e-02
9.225e-02
1.009e-01
1.093e-01
1.170e-01
1.218e-01
1.237e-01
1.254e-01
1.271e-01
1.288e-01
1.310e-01
1.328e-01
-2.061e-01
-2.051e-01
-2.051e-01
-2.057e-01
-2.066e-01
-2.075e-01
-2.088e-01
-2.101e-01
-2.113e-01
-2.121e-01
-2.126e-01
-2.125e-01
-2.118e-01
-2.106e-01
-2.086e-01
-2.059e-01
-2.025e-01
-1.986e-01
-1.943e-01
-1.884e-01
-1.879e-01
-2.041e-01
-2.039e-01
-2.038e-01
-2.056e-01
-2.074e-01
-2.090e-01
-2.106e-01
-2.117e-01
-2.123e-01
-2.124e-01
-2.120e-01
-2.110e-01
-2.094e-01
-2.073e-01
-2.046e-01
-2.015e-01
-1.977e-01
-1.935e-01
-1.888e-01
-1.829e-01
-1.840e-01
-2.052e-01
-2.064e-01
-2.059e-01
-2.078e-01
-2.091e-01
-2.100e-01
-2.104e-01
-2.103e-01
-2.096e-01
-2.084e-01
-2.066e-01
-2.042e-01
-2.013e-01
-1.980e-01
-1.941e-01
-1.897e-01
-1.849e-01
-1.795e-01
-1.737e-01
-1.669e-01
-1.676e-01
-2.082e-01
-2.107e-01
-2.097e-01
-2.107e-01
-2.108e-01
-2.103e-01
-2.092e-01
-2.076e-01
-2.054e-01
-2.028e-01
-1.996e-01
-1.959e-01
-1.918e-01
-1.872e-01
-1.821e-01
-1.765e-01
-1.705e-01
-1.641e-01
-1.574e-01
-1.499e-01
-1.505e-01
-2.107e-01
-2.126e-01
-2.103e-01
-2.098e-01
-2.084e-01
-2.064e-01
-2.039e-01
-2.010e-01
-1.975e-01
-1.936e-01
-1.892e-01
-1.844e-01
-1.791e-01
-1.734e-01
-1.672e-01
-1.607e-01
-1.538e-01
-1.466e-01
-1.389e-01
-1.307e-01
-1.309e-01
-2.102e-01
-2.107e-01
-2.072e-01
-2.052e-01
-2.024e-01
-1.992e-01
-1.954e-01
-1.912e-01
-1.866e-01
-1.816e-01
-1.760e-01
-1.701e-01
-1.639e-01
-1.572e-01
-1.502e-01
-1.428e-01
-1.350e-01
-1.269e-01
-1.185e-01
-1.097e-01
-1.095e-01
-2.056e-01
-2.053e-01
-2.008e-01
-1.973e-01
-1.933e-01
-1.888e-01
-1.839e-01
-1.785e-01
-1.728e-01
-1.667e-01
-1.603e-01
-1.535e-01
-1.463e-01
-1.388e-01
-1.310e-01
-1.228e-01
-1.144e-01
-1.056e-01
-9.656e-02
-8.725e-02
-8.672e-02
-1.969e-01
-1.966e-01
-1.910e-01
-1.863e-01
-1.812e-01
-1.755e-01
-1.695e-01
-1.632e-01
-1.566e-01
-1.496e-01
-1.423e-01
-1.347e-01
-1.267e-01
-1.185e-01
-1.100e-01
-1.012e-01
-9.223e-02
-8.303e-02
-7.358e-02
-6.398e-02
-6.325e-02
-1.848e-01
-1.849e-01
-1.784e-01
-1.724e-01
-1.662e-01
-1.597e-01
-1.528e-01
-1.457e-01
-1.382e-01
-1.304e-01
-1.223e-01
-1.140e-01
-1.054e-01
-9.660e-02
-8.763e-02
-7.847e-02
-6.913e-02
-5.977e-02
-4.999e-02
-4.009e-02
-3.931e-02
-1.698e-01
-1.703e-01
-1.630e-01
-1.562e-01
-1.491e-01
-1.416e-01
-1.339e-01
-1.259e-01
-1.177e-01
-1.092e-01
-1.006e-01
-9.177e-02
-8.279e-02
-7.362e-02
-6.438e-02
-5.503e-02
-4.541e-02
-3.571e-02
-2.594e-02
-1.608e-02
-1.529e-02
-1.529e-01
-1.533e-01
-1.453e-01
-1.376e-01
-1.297e-01
-1.215e-01
-1.131e-01
-1.044e-01
-9.565e-02
-8.674e-02
-7.769e-02
-6.855e-02
-5.945e-02
-4.998e-02
-4.048e-02
-3.097e-02
-2.140e-02
-1.175e-02
-2.059e-03
7.726e-03
8.490e-03
-1.339e-01
-1.341e-01
-1.255e-01
-1.170e-01
-1.084e-01
-9.960e-02
-9.067e-02
-8.162e-02
-7.246e-02
-6.329e-02
-5.404e-02
-4.463e-02
-3.523e-02
-2.582e-02
-1.641e-02
-6.990e-03
2.434e-03
1.200e-02
2.169e-02
3.149e-02
3.226e-02
-1.131e-01
-1.130e-01
-1.038e-01
-9.483e-02
-8.571e-02
-7.649e-02
-6.723e-02
-5.802e-02
-4.854e-02
-3.910e-02
-2.972e-02
-2.036e-02
-1.104e-02
-1.772e-03
7.504e-03
1.685e-02
2.624e-02
3.572e-02
4.530e-02
5.504e-02
5.578e-02
-9.080e-02
-9.034e-02
-8.089e-02
-7.146e-02
-6.208e-02
-5.259e-02
-4.302e-02
-3.353e-02
-2.409e-02
-1.469e-02
-5.395e-03
3.814e-03
1.305e-02
2.226e-02
3.145e-02
4.066e-02
4.990e-02
5.920e-02
6.864e-02
7.829e-02
7.899e-02
-6.738e-02
-6.668e-02
-5.711e-02
-4.733e-02
-3.763e-02
-2.801e-02
-1.846e-02
-9.006e-03
3.113e-04
9.646e-03
1.891e-02
2.810e-02
3.723e-02
4.631e-02
5.532e-02
6.431e-02
7.335e-02
8.248e-02
9.174e-02
1.012e-01
1.019e-01
-4.307e-02
-4.230e-02
-3.245e-02
-2.268e-02
-1.298e-02
-3.410e-03
6.055e-03
1.550e-02
2.485e-02
3.413e-02
4.332e-02
5.240e-02
6.136e-02
7.027e-02
7.911e-02
8.787e-02
9.665e-02
1.055e-01
1.145e-01
1.237e-01
1.243e-01
-1.838e-02
-1.759e-02
-7.742e-03
1.945e-03
1.163e-02
2.123e-02
3.073e-02
4.014e-02
4.945e-02
5.863e-02
6.771e-02
7.670e-02
8.556e-02
9.429e-02
1.029e-01
1.113e-01
1.198e-01
1.282e-01
1.367e-01
1.455e-01
1.459e-01
6.292e-03
7.090e-03
1.696e-02
2.672e-02
3.640e-02
4.598e-02
5.544e-02
6.478e-02
7.404e-02
8.319e-02
9.219e-02
1.011e-01
1.098e-01
1.184e-01
1.268e-01
1.347e-01
1.427e-01
1.508e-01
1.581e-01
1.660e-01
1.660e-01
3.115e-02
3.195e-02
4.181e-02
5.156e-02
6.118e-02
7.074e-02
8.018e-02
8.950e-02
9.873e-02
1.078e-01
1.168e-01
1.256e-01
1.342e-01
1.427e-01
1.510e-01
1.579e-01
1.652e-01
1.744e-01
1.782e-01
1.816e-01
1.811e-01
5.606e-02
5.684e-02
6.667e-02
7.642e-02
8.605e-02
9.558e-02
1.050e-01
1.143e-01
1.235e-01
1.326e-01
1.415e-01
1.503e-01
1.588e-01
1.673e-01
1.768e-01
1.800e-01
1.826e-01
1.852e-01
1.874e-01
1.904e-01
1.894e-01
6.432e-02
6.761e-02
7.746e-02
8.720e-02
9.683e-02
1.064e-01
1.158e-01
1.251e-01
1.343e-01
1.433e-01
1.522e-01
1.609e-01
1.693e-01
1.770e-01
1.823e-01
1.849e-01
1.871e-01
1.892e-01
1.914e-01
1.942e-01
1.966e-01
-1.920e-01
-1.901e-01
-1.898e-01
-1.903e-01
-1.914e-01
-1.930e-01
-1.950e-01
-1.974e-01
-1.996e-01
-2.014e-01
-2.026e-01
-2.027e-01
-2.017e-01
-1.994e-01
-1.958e-01
-1.909e-01
-1.848e-01
-1.777e-01
-1.698e-01
-1.611e-01
-1.584e-01
-1.888e-01
-1.879e-01
-1.879e-01
-1.907e-01
-1.940e-01
-1.974e-01
-2.007e-01
-2.035e-01
-2.055e-01
-2.064e-01
-2.060e-01
-2.043e-01
-2.013e-01
-1.970e-01
-1.915e-01
-1.849e-01
-1.774e-01
-1.692e-01
-1.604e-01
-1.512e-01
-1.506e-01
-1.896e-01
-1.918e-01
-1.919e-01
-1.953e-01
-1.985e-01
-2.011e-01
-2.029e-01
-2.036e-01
-2.029e-01
-2.010e-01
-1.976e-01
-1.930e-01
-1.873e-01
-1.806e-01
-1.729e-01
-1.646e-01
-1.557e-01
-1.465e-01
-1.367e-01
-1.268e-01
-1.260e-01
-1.943e-01
-2.001e-01
-1.999e-01
-2.021e-01
-2.033e-01
-2.032e-01
-2.019e-01
-1.992e-01
-1.952e-01
-1.900e-01
-1.837e-01
-1.765e-01
-1.686e-01
-1.600e-01
-1.510e-01
-1.415e-01
-1.317e-01
-1.219e-01
-1.120e-01
-1.021e-01
-1.013e-01
-1.992e-01
-2.055e-01
-2.035e-01
-2.027e-01
-2.006e-01
-1.972e-01
-1.925e-01
-1.867e-01
-1.799e-01
-1.723e-01
-1.640e-01
-1.552e-01
-1.461e-01
-1.364e-01
-1.267e-01
-1.169e-01
-1.071e-01
-9.728e-02
-8.738e-02
-7.743e-02
-7.664e-02
-1.992e-01
-2.036e-01
-1.990e-01
-1.949e-01
-1.895e-01
-1.832e-01
-1.759e-01
-1.679e-01
-1.593e-01
-1.504e-01
-1.409e-01
-1.312e-01
-1.216e-01
-1.119e-01
-1.021e-01
-9.235e-02
-8.254e-02
-7.268e-02
-6.278e-02
-5.282e-02
-5.202e-02
-1.914e-01
-1.934e-01
-1.864e-01
-1.795e-01
-1.718e-01
-1.633e-01
-1.545e-01
-1.453e-01
-1.357e-01
-1.260e-01
-1.164e-01
-1.067e-01
-9.701e-02
-8.730e-02
-7.757e-02
-6.781e-02
-5.801e-02
-4.817e-02
-3.828e-02
-2.834e-02
-2.754e-02
-1.760e-01
-1.761e-01
-1.676e-01
-1.588e-01
-1.499e-01
-1.402e-01
-1.305e-01
-1.208e-01
-1.111e-01
-1.015e-01
-9.180e-02
-8.213e-02
-7.246e-02
-6.277e-02
-5.307e-02
-4.334e-02
-3.361e-02
-2.386e-02
-1.401e-02
-4.162e-03
-3.367e-03
-1.550e-01
-1.544e-01
-1.450e-01
-1.352e-01
-1.254e-01
-1.157e-01
-1.059e-01
-9.622e-02
-8.653e-02
-7.687e-02
-6.722e-02
-5.758e-02
-4.795e-02
-3.832e-02
-2.870e-02
-1.908e-02
-9.428e-03
1.469e-04
9.946e-03
1.984e-02
2.063e-02
-1.311e-01
-1.303e-01
-1.204e-01
-1.106e-01
-1.008e-01
-9.101e-02
-8.128e-02
-7.158e-02
-6.191e-02
-5.228e-02
-4.268e-02
-3.313e-02
-2.361e-02
-1.406e-02
-4.565e-03
4.897e-03
1.453e-02
2.423e-02
3.401e-02
4.387e-02
4.466e-02
-1.065e-01
-1.057e-01
-9.579e-02
-8.592e-02
-7.610e-02
-6.633e-02
-5.661e-02
-4.694e-02
-3.732e-02
-2.778e-02
-1.828e-02
-8.838e-03
4.750e-04
9.954e-03
1.945e-02
2.898e-02
3.856e-02
4.820e-02
5.791e-02
6.771e-02
6.847e-02
-8.178e-02
-8.101e-02
-7.108e-02
-6.120e-02
-5.138e-02
-4.164e-02
-3.198e-02
-2.240e-02
-1.287e-02
-3.458e-03
5.880e-03
1.530e-02
2.471e-02
3.413e-02
4.354e-02
5.297e-02
6.242e-02
7.199e-02
8.166e-02
9.147e-02
9.223e-02
-5.702e-02
-5.625e-02
-4.632e-02
-3.647e-02
-2.672e-02
-1.704e-02
-7.487e-03
1.898e-03
1.139e-02
2.084e-02
3.023e-02
3.959e-02
4.892e-02
5.820e-02
6.748e-02
7.682e-02
8.622e-02
9.569e-02
1.053e-01
1.150e-01
1.157e-01
-3.226e-02
-3.151e-02
-2.164e-02
-1.185e-02
-2.225e-03
7.327e-03
1.690e-02
2.641e-02
3.586e-02
4.526e-02
5.457e-02
6.380e-02
7.303e-02
8.224e-02
9.143e-02
1.006e-01
1.099e-01
1.192e-01
1.286e-01
1.383e-01
1.390e-01
-7.676e-03
-6.898e-03
2.810e-03
1.259e-02
2.230e-02
3.193e-02
4.149e-02
5.095e-02
6.029e-02
6.962e-02
7.889e-02
8.807e-02
9.720e-02
1.063e-01
1.153e-01
1.243e-01
1.333e-01
1.425e-01
1.517e-01
1.612e-01
1.619e-01
1.684e-02
1.763e-02
2.749e-02
3.727e-02
4.697e-02
5.655e-02
6.603e-02
7.547e-02
8.483e-02
9.410e-02
1.033e-01
1.124e-01
1.213e-01
1.303e-01
1.391e-01
1.479e-01
1.566e-01
1.655e-01
1.745e-01
1.837e-01
1.843e-01
4.157e-02
4.236e-02
5.221e-02
6.192e-02
7.161e-02
8.120e-02
9.070e-02
1.001e-01
1.094e-01
1.186e-01
1.277e-01
1.367e-01
1.455e-01
1.543e-01
1.629e-01
1.713e-01
1.797e-01
1.882e-01
1.967e-01
2.055e-01
2.059e-01
6.627e-02
6.707e-02
7.693e-02
8.670e-02
9.637e-02
1.060e-01
1.154e-01
1.248e-01
1.340e-01
1.432e-01
1.522e-01
1.611e-01
1.698e-01
1.784e-01
1.867e-01
1.947e-01
2.026e-01
2.108e-01
2.181e-01
2.260e-01
2.260e-01
9.113e-02
9.192e-02
1.018e-01
1.115e-01
1.212e-01
1.307e-01
1.402e-01
1.495e-01
1.587e-01
1.678e-01
1.768e-01
1.856e-01
1.942e-01
2.027e-01
2.109e-01
2.179e-01
2.250e-01
2.336e-01
2.379e-01
2.421e-01
2.415e-01
1.160e-01
1.168e-01
1.266e-01
1.364e-01
1.460e-01
1.556e-01
1.650e-01
1.743e-01
1.835e-01
1.926e-01
2.015e-01
2.102e-01
2.188e-01
2.273e-01
2.362e-01
2.400e-01
2.431e-01
2.463e-01
2.490e-01
2.526e-01
2.516e-01
1.243e-01
1.276e-01
1.374e-01
1.472e-01
1.568e-01
1.663e-01
1.758e-01
1.851e-01
1.943e-01
2.033e-01
2.122e-01
2.209e-01
2.293e-01
2.371e-01
2.428e-01
2.459e-01
2.485e-01
2.511e-01
2.537e-01
2.571e-01
2.599e-01
-1.811e-01
-1.796e-01
-1.732e-01
-1.660e-01
-1.580e-01
-1.495e-01
-1.398e-01
-1.301e-01
-1.203e-01
-1.105e-01
-1.007e-01
-9.086e-02
-8.103e-02
-7.119e-02
-6.132e-02
-5.144e-02
-4.156e-02
-3.168e-02
-2.187e-02
-1.208e-02
-8.874e-03
-1.729e-01
-1.736e-01
-1.654e-01
-1.570e-01
-1.484e-01
-1.388e-01
-1.291e-01
-1.193e-01
-1.095e-01
-9.972e-02
-8.991e-02
-8.009e-02
-7.027e-02
-6.043e-02
-5.059e-02
-4.074e-02
-3.091e-02
-2.110e-02
-1.128e-02
-1.532e-03
-7.828e-04
-1.531e-01
-1.525e-01
-1.431e-01
-1.334e-01
-1.237e-01
-1.139e-01
-1.041e-01
-9.433e-02
-8.453e-02
-7.473e-02
-6.492e-02
-5.511e-02
-4.530e-02
-3.551e-02
-2.575e-02
-1.598e-02
-6.275e-03
3.334e-03
1.318e-02
2.308e-02
2.388e-02
-1.291e-01
-1.284e-01
-1.185e-01
-1.086e-01
-9.882e-02
-8.900e-02
-7.919e-02
-6.938e-02
-5.958e-02
-4.978e-02
-4.000e-02
-3.026e-02
-2.056e-02
-1.086e-02
-1.292e-03
8.363e-03
1.814e-02
2.796e-02
3.784e-02
4.777e-02
4.858e-02
-1.044e-01
-1.037e-01
-9.372e-02
-8.381e-02
-7.394e-02
-6.410e-02
-5.427e-02
-4.447e-02
-3.473e-02
-2.503e-02
-1.533e-02
-5.733e-03
3.755e-03
1.345e-02
2.318e-02
3.294e-02
4.275e-02
5.259e-02
6.248e-02
7.241e-02
7.324e-02
-7.959e-02
-7.884e-02
-6.888e-02
-5.896e-02
-4.908e-02
-3.925e-02
-2.949e-02
-1.979e-02
-1.014e-02
-6.538e-04
8.944e-03
1.861e-02
2.829e-02
3.801e-02
4.774e-02
5.751e-02
6.731e-02
7.716e-02
8.705e-02
9.699e-02
9.781e-02
-5.473e-02
-5.401e-02
-4.406e-02
-3.419e-02
-2.440e-02
-1.463e-02
-5.003e-03
4.494e-03
1.416e-02
2.382e-02
3.349e-02
4.317e-02
5.285e-02
6.255e-02
7.227e-02
8.202e-02
9.181e-02
1.016e-01
1.115e-01
1.214e-01
1.223e-01
-2.999e-02
-2.929e-02
-1.942e-02
-9.644e-03
-8.892e-05
9.632e-03
1.935e-02
2.904e-02
3.873e-02
4.840e-02
5.806e-02
6.771e-02
7.738e-02
8.705e-02
9.674e-02
1.065e-01
1.162e-01
1.260e-01
1.358e-01
1.457e-01
1.465e-01
-5.597e-03
-4.844e-03
4.850e-03
1.467e-02
2.445e-02
3.421e-02
4.394e-02
5.364e-02
6.332e-02
7.297e-02
8.260e-02
9.223e-02
1.019e-01
1.115e-01
1.211e-01
1.307e-01
1.404e-01
1.501e-01
1.599e-01
1.698e-01
1.706e-01
1.872e-02
1.952e-02
2.941e-02
3.927e-02
4.908e-02
5.884e-02
6.857e-02
7.825e-02
8.790e-02
9.752e-02
1.071e-01
1.167e-01
1.262e-01
1.358e-01
1.453e-01
1.548e-01
1.645e-01
1.742e-01
1.839e-01
1.938e-01
1.946e-01
4.333e-02
4.415e-02
5.406e-02
6.393e-02
7.374e-02
8.349e-02
9.320e-02
1.029e-01
1.125e-01
1.220e-01
1.315e-01
1.410e-01
1.504e-01
1.599e-01
1.694e-01
1.789e-01
1.885e-01
1.981e-01
2.078e-01
2.177e-01
2.184e-01
6.801e-02
6.884e-02
7.876e-02
8.862e-02
9.842e-02
1.082e-01
1.178e-01
1.274e-01
1.370e-01
1.464e-01
1.558e-01
1.652e-01
1.746e-01
1.840e-01
1.935e-01
2.029e-01
2.124e-01
2.219e-01
2.316e-01
2.414e-01
2.422e-01
9.274e-02
9.356e-02
1.035e-01
1.133e-01
1.231e-01
1.328e-01
1.424e-01
1.518e-01
1.613e-01
1.708e-01
1.802e-01
1.895e-01
1.988e-01
2.081e-01
2.174e-01
2.268e-01
2.362e-01
2.456e-01
2.552e-01
2.650e-01
2.657e-01
1.175e-01
1.183e-01
1.282e-01
1.380e-01
1.477e-01
1.573e-01
1.668e-01
1.763e-01
1.858e-01
1.952e-01
2.045e-01
2.137e-01
2.230e-01
2.322e-01
2.414e-01
2.506e-01
2.598e-01
2.691e-01
2.786e-01
2.882e-01
2.889e-01
1.421e-01
1.429e-01
1.527e-01
1.625e-01
1.722e-01
1.819e-01
1.914e-01
2.009e-01
2.102e-01
2.196e-01
2.288e-01
2.380e-01
2.471e-01
2.562e-01
2.652e-01
2.743e-01
2.833e-01
2.924e-01
3.017e-01
3.112e-01
3.119e-01
1.668e-01
1.676e-01
1.774e-01
1.872e-01
1.969e-01
2.065e-01
2.160e-01
2.254e-01
2.348e-01
2.440e-01
2.532e-01
2.623e-01
2.713e-01
2.802e-01
2.891e-01
2.978e-01
3.066e-01
3.155e-01
3.245e-01
3.338e-01
3.343e-01
1.915e-01
1.923e-01
2.021e-01
2.119e-01
2.215e-01
2.311e-01
2.406e-01
2.500e-01
2.594e-01
2.685e-01
2.776e-01
2.866e-01
2.955e-01
3.042e-01
3.128e-01
3.213e-01
3.297e-01
3.382e-01
3.467e-01
3.556e-01
3.560e-01
2.162e-01
2.170e-01
2.269e-01
2.366e-01
2.463e-01
2.559e-01
2.653e-01
2.747e-01
2.840e-01
2.931e-01
3.021e-01
3.110e-01
3.198e-01
3.284e-01
3.367e-01
3.447e-01
3.526e-01
3.606e-01
3.681e-01
3.761e-01
3.762e-01
2.411e-01
2.419e-01
2.517e-01
2.615e-01
2.711e-01
2.807e-01
2.901e-01
2.994e-01
3.087e-01
3.178e-01
3.267e-01
3.356e-01
3.442e-01
3.526e-01
3.608e-01
3.678e-01
3.749e-01
3.825e-01
3.878e-01
3.934e-01
3.929e-01
2.660e-01
2.667e-01
2.766e-01
2.863e-01
2.960e-01
3.055e-01
3.150e-01
3.243e-01
3.335e-01
3.426e-01
3.515e-01
3.602e-01
3.688e-01
3.771e-01
3.853e-01
3.902e-01
3.945e-01
3.986e-01
4.026e-01
4.074e-01
4.065e-01
2.742e-01
2.775e-01
2.874e-01
2.971e-01
3.068e-01
3.163e-01
3.257e-01
3.350e-01
3.442e-01
3.533e-01
3.622e-01
3.709e-01
3.793e-01
3.872e-01
3.936e-01
3.978e-01
4.015e-01
4.051e-01
4.088e-01
4.134e-01
4.171e-01
-4.416e-02
-3.774e-02
-2.791e-02
-1.842e-02
-9.078e-03
2.342e-04
9.939e-03
1.970e-02
2.948e-02
3.927e-02
4.907e-02
5.887e-02
6.868e-02
7.851e-02
8.834e-02
9.819e-02
1.080e-01
1.179e-01
1.278e-01
1.377e-01
1.409e-01
-2.795e-02
-2.728e-02
-1.750e-02
-7.916e-03
1.376e-03
1.102e-02
2.076e-02
3.053e-02
4.031e-02
5.010e-02
5.990e-02
6.970e-02
7.951e-02
8.932e-02
9.915e-02
1.090e-01
1.188e-01
1.287e-01
1.385e-01
1.483e-01
1.491e-01
-3.704e-03
-2.963e-03
6.663e-03
1.643e-02
2.616e-02
3.592e-02
4.569e-02
5.548e-02
6.527e-02
7.506e-02
8.485e-02
9.464e-02
1.044e-01
1.142e-01
1.240e-01
1.338e-01
1.435e-01
1.533e-01
1.631e-01
1.730e-01
1.738e-01
2.064e-02
2.144e-02
3.133e-02
4.118e-02
5.100e-02
6.080e-02
7.060e-02
8.039e-02
9.018e-02
9.995e-02
1.097e-01
1.195e-01
1.292e-01
1.389e-01
1.486e-01
1.583e-01
1.681e-01
1.779e-01
1.878e-01
1.977e-01
1.985e-01
4.534e-02
4.617e-02
5.609e-02
6.598e-02
7.584e-02
8.566e-02
9.547e-02
1.052e-01
1.150e-01
1.247e-01
1.344e-01
1.441e-01
1.537e-01
1.634e-01
1.731e-01
1.829e-01
1.927e-01
2.025e-01
2.124e-01
2.223e-01
2.232e-01
7.012e-02
7.095e-02
8.089e-02
9.079e-02
1.006e-01
1.105e-01
1.202e-01
1.300e-01
1.396e-01
1.492e-01
1.589e-01
1.686e-01
1.782e-01
1.879e-01
1.977e-01
2.074e-01
2.172e-01
2.271e-01
2.370e-01
2.469e-01
2.477e-01
9.491e-02
9.573e-02
1.057e-01
1.155e-01
1.253e-01
1.351e-01
1.448e-01
1.544e-01
1.641e-01
1.738e-01
1.834e-01
1.931e-01
2.028e-01
2.125e-01
2.222e-01
2.319e-01
2.417e-01
2.515e-01
2.614e-01
2.713e-01
2.721e-01
1.196e-01
1.204e-01
1.303e-01
1.401e-01
1.498e-01
1.596e-01
1.693e-01
1.790e-01
1.887e-01
1.983e-01
2.080e-01
2.176e-01
2.273e-01
2.370e-01
2.466e-01
2.564e-01
2.661e-01
2.759e-01
2.857e-01
2.956e-01
2.964e-01
1.442e-01
1.450e-01
1.548e-01
1.646e-01
1.744e-01
1.841e-01
1.939e-01
2.036e-01
2.132e-01
2.229e-01
2.325e-01
2.421e-01
2.517e-01
2.614e-01
2.710e-01
2.806e-01
2.903e-01
3.000e-01
3.098e-01
3.197e-01
3.205e-01
1.687e-01
1.695e-01
1.793e-01
1.892e-01
1.990e-01
2.088e-01
2.185e-01
2.282e-01
2.378e-01
2.474e-01
2.570e-01
2.666e-01
2.761e-01
2.857e-01
2.952e-01
3.048e-01
3.144e-01
3.241e-01
3.339e-01
3.437e-01
3.445e-01
1.933e-01
1.941e-01
2.040e-01
2.138e-01
2.237e-01
2.334e-01
2.431e-01
2.528e-01
2.624e-01
2.719e-01
2.814e-01
2.909e-01
3.003e-01
3.098e-01
3.193e-01
3.288e-01
3.384e-01
3.481e-01
3.578e-01
3.676e-01
3.684e-01
2.179e-01
2.188e-01
2.287e-01
2.385e-01
2.483e-01
2.580e-01
2.677e-01
2.773e-01
2.868e-01
2.963e-01
3.057e-01
3.152e-01
3.246e-01
3.340e-01
3.434e-01
3.528e-01
3.623e-01
3.719e-01
3.816e-01
3.913e-01
3.921e-01
2.427e-01
2.435e-01
2.534e-01
2.632e-01
2.730e-01
2.826e-01
2.923e-01
3.018e-01
3.113e-01
3.207e-01
3.301e-01
3.394e-01
3.488e-01
3.581e-01
3.674e-01
3.767e-01
3.861e-01
3.956e-01
4.052e-01
4.149e-01
4.156e-01
2.674e-01
2.682e-01
2.781e-01
2.879e-01
2.976e-01
3.072e-01
3.168e-01
3.263e-01
3.357e-01
3.451e-01
3.544e-01
3.637e-01
3.729e-01
3.821e-01
3.913e-01
4.005e-01
4.098e-01
4.191e-01
4.286e-01
4.382e-01
4.389e-01
2.920e-01
2.928e-01
3.027e-01
3.124e-01
3.222e-01
3.318e-01
3.413e-01
3.508e-01
3.602e-01
3.695e-01
3.788e-01
3.880e-01
3.971e-01
4.062e-01
4.152e-01
4.242e-01
4.333e-01
4.424e-01
4.517e-01
4.612e-01
4.619e-01
3.167e-01
3.175e-01
3.273e-01
3.371e-01
3.468e-01
3.564e-01
3.659e-01
3.754e-01
3.847e-01
3.940e-01
4.032e-01
4.123e-01
4.213e-01
4.302e-01
4.390e-01
4.478e-01
4.566e-01
4.655e-01
4.745e-01
4.838e-01
4.844e-01
3.414e-01
3.422e-01
3.521e-01
3.618e-01
3.715e-01
3.811e-01
3.906e-01
4.000e-01
4.093e-01
4.185e-01
4.276e-01
4.366e-01
4.455e-01
4.542e-01
4.628e-01
4.713e-01
4.798e-01
4.882e-01
4.968e-01
5.057e-01
5.061e-01
3.662e-01
3.670e-01
3.768e-01
3.866e-01
3.962e-01
4.058e-01
4.153e-01
4.247e-01
4.339e-01
4.431e-01
4.521e-01
4.610e-01
4.698e-01
4.783e-01
4.867e-01
4.947e-01
5.026e-01
5.106e-01
5.183e-01
5.264e-01
5.265e-01
3.910e-01
3.918e-01
4.016e-01
4.114e-01
4.210e-01
4.306e-01
4.401e-01
4.494e-01
4.586e-01
4.677e-01
4.767e-01
4.855e-01
4.942e-01
5.026e-01
5.107e-01
5.179e-01
5.249e-01
5.322e-01
5.383e-01
5.448e-01
5.445e-01
4.159e-01
4.167e-01
4.265e-01
4.363e-01
4.459e-01
4.555e-01
4.649e-01
4.742e-01
4.834e-01
4.925e-01
5.015e-01
5.102e-01
5.188e-01
5.270e-01
5.348e-01
5.406e-01
5.457e-01
5.507e-01
5.556e-01
5.614e-01
5.607e-01
4.242e-01
4.275e-01
4.373e-01
4.471e-01
4.567e-01
4.663e-01
4.757e-01
4.850e-01
4.942e-01
5.033e-01
5.122e-01
5.209e-01
5.293e-01
5.373e-01
5.441e-01
5.493e-01
5.539e-01
5.583e-01
5.630e-01
5.685e-01
5.728e-01
2.545e-01
2.612e-01
2.710e-01
2.808e-01
2.905e-01
3.001e-01
3.098e-01
3.195e-01
3.293e-01
3.391e-01
3.489e-01
3.587e-01
3.685e-01
3.783e-01
3.881e-01
3.979e-01
4.078e-01
4.176e-01
4.275e-01
4.374e-01
4.407e-01
2.711e-01
2.719e-01
2.818e-01
2.915e-01
3.012e-01
3.109e-01
3.206e-01
3.304e-01
3.401e-01
3.499e-01
3.597e-01
3.695e-01
3.793e-01
3.891e-01
3.989e-01
4.087e-01
4.185e-01
4.284e-01
4.382e-01
4.481e-01
4.489e-01
2.958e-01
2.966e-01
3.064e-01
3.162e-01
3.260e-01
3.357e-01
3.455e-01
3.553e-01
3.651e-01
3.748e-01
3.846e-01
3.944e-01
4.042e-01
4.139e-01
4.237e-01
4.335e-01
4.433e-01
4.531e-01
4.630e-01
4.729e-01
4.737e-01
3.204e-01
3.212e-01
3.311e-01
3.410e-01
3.508e-01
3.606e-01
3.704e-01
3.802e-01
3.899e-01
3.997e-01
4.095e-01
4.192e-01
4.289e-01
4.387e-01
4.484e-01
4.581e-01
4.679e-01
4.778e-01
4.876e-01
4.976e-01
4.984e-01
3.452e-01
3.460e-01
3.559e-01
3.658e-01
3.756e-01
3.854e-01
3.952e-01
4.050e-01
4.147e-01
4.245e-01
4.342e-01
4.439e-01
4.535e-01
4.632e-01
4.730e-01
4.827e-01
4.925e-01
5.024e-01
5.123e-01
5.222e-01
5.230e-01
3.699e-01
3.707e-01
3.807e-01
3.906e-01
4.004e-01
4.102e-01
4.200e-01
4.297e-01
4.394e-01
4.491e-01
4.587e-01
4.684e-01
4.781e-01
4.878e-01
4.975e-01
5.073e-01
5.171e-01
5.269e-01
5.368e-01
5.467e-01
5.475e-01
3.947e-01
3.955e-01
4.054e-01
4.153e-01
4.251e-01
4.349e-01
4.446e-01
4.543e-01
4.639e-01
4.736e-01
4.833e-01
4.930e-01
5.026e-01
5.123e-01
5.220e-01
5.318e-01
5.415e-01
5.514e-01
5.612e-01
5.711e-01
5.720e-01
4.194e-01
4.202e-01
4.301e-01
4.399e-01
4.497e-01
4.594e-01
4.691e-01
4.788e-01
4.885e-01
4.982e-01
5.078e-01
5.175e-01
5.271e-01
5.368e-01
5.465e-01
5.562e-01
5.659e-01
5.757e-01
5.855e-01
5.954e-01
5.962e-01
4.440e-01
4.448e-01
4.546e-01
4.645e-01
4.742e-01
4.840e-01
4.937e-01
5.034e-01
5.131e-01
5.227e-01
5.324e-01
5.420e-01
5.516e-01
5.612e-01
5.708e-01
5.805e-01
5.901e-01
5.999e-01
6.097e-01
6.196e-01
6.204e-01
4.685e-01
4.693e-01
4.792e-01
4.891e-01
4.989e-01
5.086e-01
5.183e-01
5.280e-01
5.376e-01
5.472e-01
5.568e-01
5.664e-01
5.759e-01
5.855e-01
5.950e-01
6.046e-01
6.143e-01
6.240e-01
6.337e-01
6.436e-01
6.444e-01
4.931e-01
4.939e-01
5.038e-01
5.137e-01
5.235e-01
5.332e-01
5.429e-01
5.526e-01
5.622e-01
5.717e-01
5.812e-01
5.907e-01
6.002e-01
6.097e-01
6.192e-01
6.287e-01
6.383e-01
6.479e-01
6.577e-01
6.675e-01
6.683e-01
5.178e-01
5.186e-01
5.285e-01
5.384e-01
5.481e-01
5.579e-01
5.675e-01
5.771e-01
5.867e-01
5.962e-01
6.056e-01
6.150e-01
6.244e-01
6.339e-01
6.433e-01
6.527e-01
6.622e-01
6.718e-01
6.815e-01
6.913e-01
6.920e-01
5.425e-01
5.433e-01
5.532e-01
5.630e-01
5.728e-01
5.825e-01
5.921e-01
6.016e-01
6.111e-01
6.206e-01
6.300e-01
6.393e-01
6.486e-01
6.580e-01
6.673e-01
6.766e-01
6.860e-01
6.955e-01
7.051e-01
7.148e-01
7.156e-01
5.672e-01
5.680e-01
5.779e-01
5.877e-01
5.974e-01
6.070e-01
6.166e-01
6.261e-01
6.356e-01
6.450e-01
6.543e-01
6.636e-01
6.728e-01
6.820e-01
6.912e-01
7.004e-01
7.097e-01
7.191e-01
7.285e-01
7.382e-01
7.389e-01
5.919e-01
5.927e-01
6.025e-01
6.123e-01
6.220e-01
6.316e-01
6.412e-01
6.507e-01
6.601e-01
6.694e-01
6.787e-01
6.879e-01
6.970e-01
7.061e-01
7.151e-01
7.242e-01
7.332e-01
7.424e-01
7.517e-01
7.613e-01
7.619e-01
6.165e-01
6.173e-01
6.272e-01
6.370e-01
6.467e-01
6.563e-01
6.658e-01
6.752e-01
6.846e-01
6.939e-01
7.031e-01
7.122e-01
7.212e-01
7.301e-01
7.390e-01
7.478e-01
7.566e-01
7.655e-01
7.746e-01
7.840e-01
7.846e-01
6.413e-01
6.421e-01
6.519e-01
6.617e-01
6.714e-01
6.810e-01
6.905e-01
6.999e-01
7.092e-01
7.184e-01
7.275e-01
7.365e-01
7.454e-01
7.542e-01
7.628e-01
7.713e-01
7.798e-01
7.884e-01
7.971e-01
8.061e-01
8.066e-01
6.660e-01
6.668e-01
6.767e-01
6.865e-01
6.961e-01
7.057e-01
7.152e-01
7.246e-01
7.338e-01
7.430e-01
7.520e-01
7.609e-01
7.697e-01
7.783e-01
7.867e-01
7.948e-01
8.028e-01
8.109e-01
8.189e-01
8.274e-01
8.276e-01
6.909e-01
6.917e-01
7.015e-01
7.113e-01
7.209e-01
7.305e-01
7.400e-01
7.493e-01
7.586e-01
7.677e-01
7.767e-01
7.855e-01
7.941e-01
8.026e-01
8.106e-01
8.181e-01
8.254e-01
8.328e-01
8.398e-01
8.475e-01
8.475e-01
7.158e-01
7.166e-01
7.264e-01
7.362e-01
7.458e-01
7.554e-01
7.648e-01
7.742e-01
7.834e-01
7.925e-01
8.014e-01
8.102e-01
8.187e-01
8.270e-01
8.347e-01
8.414e-01
8.477e-01
8.539e-01
8.602e-01
8.674e-01
8.671e-01
7.241e-01
7.274e-01
7.372e-01
7.470e-01
7.566e-01
7.662e-01
7.756e-01
7.849e-01
7.942e-01
8.032e-01
8.122e-01
8.209e-01
8.294e-01
8.374e-01
8.448e-01
8.512e-01
8.571e-01
8.630e-01
8.690e-01
8.760e-01
8.811e-01
5.542e-01
5.608e-01
5.707e-01
5.805e-01
5.902e-01
5.999e-01
6.096e-01
6.194e-01
6.292e-01
6.390e-01
6.487e-01
6.585e-01
6.683e-01
6.781e-01
6.879e-01
6.977e-01
7.076e-01
7.174e-01
7.273e-01
7.372e-01
7.405e-01
5.708e-01
5.716e-01
5.814e-01
5.912e-01
6.010e-01
6.107e-01
6.204e-01
6.302e-01
6.400e-01
6.498e-01
6.595e-01
6.693e-01
6.791e-01
6.889e-01
6.987e-01
7.085e-01
7.183e-01
7.282e-01
7.380e-01
7.479e-01
7.487e-01
5.955e-01
5.963e-01
6.062e-01
6.160e-01
6.258e-01
6.356e-01
6.454e-01
6.551e-01
6.649e-01
6.747e-01
6.844e-01
6.942e-01
7.040e-01
7.137e-01
7.235e-01
7.333e-01
7.431e-01
7.529e-01
7.628e-01
7.727e-01
7.735e-01
6.202e-01
6.211e-01
6.310e-01
6.408e-01
6.506e-01
6.604e-01
6.702e-01
6.800e-01
6.897e-01
6.995e-01
7.092e-01
7.190e-01
7.287e-01
7.385e-01
7.482e-01
7.580e-01
7.678e-01
7.776e-01
7.875e-01
7.974e-01
7.982e-01
6.450e-01
6.458e-01
6.557e-01
6.656e-01
6.754e-01
6.852e-01
6.950e-01
7.048e-01
7.145e-01
7.242e-01
7.340e-01
7.437e-01
7.534e-01
7.631e-01
7.728e-01
7.826e-01
7.924e-01
8.022e-01
8.121e-01
8.220e-01
8.229e-01
6.697e-01
6.705e-01
6.805e-01
6.903e-01
7.002e-01
7.100e-01
7.198e-01
7.295e-01
7.392e-01
7.489e-01
7.586e-01
7.683e-01
7.780e-01
7.877e-01
7.974e-01
8.072e-01
8.169e-01
8.268e-01
8.366e-01
8.466e-01
8.474e-01
6.945e-01
6.953e-01
7.052e-01
7.151e-01
7.249e-01
7.347e-01
7.444e-01
7.541e-01
7.638e-01
7.735e-01
7.832e-01
7.928e-01
8.025e-01
8.122e-01
8.219e-01
8.316e-01
8.414e-01
8.512e-01
8.611e-01
8.710e-01
8.718e-01
7.191e-01
7.199e-01
7.298e-01
7.397e-01
7.495e-01
7.593e-01
7.690e-01
7.787e-01
7.884e-01
7.980e-01
8.077e-01
8.173e-01
8.270e-01
8.366e-01
8.463e-01
8.560e-01
8.658e-01
8.755e-01
8.854e-01
8.953e-01
8.961e-01
7.438e-01
7.446e-01
7.545e-01
7.643e-01
7.741e-01
7.839e-01
7.936e-01
8.033e-01
8.129e-01
8.226e-01
8.322e-01
8.418e-01
8.514e-01
8.610e-01
8.707e-01
8.803e-01
8.900e-01
8.997e-01
9.096e-01
9.194e-01
9.202e-01
7.684e-01
7.692e-01
7.791e-01
7.889e-01
7.987e-01
8.085e-01
8.182e-01
8.279e-01
8.375e-01
8.471e-01
8.567e-01
8.662e-01
8.758e-01
8.853e-01
8.949e-01
9.045e-01
9.141e-01
9.238e-01
9.336e-01
9.435e-01
9.443e-01
7.930e-01
7.938e-01
8.037e-01
8.136e-01
8.234e-01
8.331e-01
8.428e-01
8.524e-01
8.620e-01
8.716e-01
8.811e-01
8.906e-01
9.001e-01
9.096e-01
9.191e-01
9.286e-01
9.382e-01
9.478e-01
9.576e-01
9.674e-01
9.682e-01
8.177e-01
8.185e-01
8.284e-01
8.382e-01
8.480e-01
8.577e-01
8.674e-01
8.770e-01
8.865e-01
8.960e-01
9.055e-01
9.149e-01
9.243e-01
9.337e-01
9.432e-01
9.526e-01
9.621e-01
9.717e-01
9.814e-01
9.912e-01
9.919e-01
8.423e-01
8.431e-01
8.530e-01
8.629e-01
8.726e-01
8.823e-01
8.919e-01
9.015e-01
9.110e-01
9.204e-01
9.298e-01
9.392e-01
9.485e-01
9.579e-01
9.672e-01
9.765e-01
9.860e-01
9.954e-01
1.005e+00
1.015e+00
1.016e+00
8.670e-01
8.678e-01
8.777e-01
8.875e-01
8.972e-01
9.069e-01
9.165e-01
9.260e-01
9.355e-01
9.449e-01
9.542e-01
9.635e-01
9.727e-01
9.820e-01
9.912e-01
1.000e+00
1.010e+00
1.019e+00
1.029e+00
1.038e+00
1.039e+00
8.917e-01
8.925e-01
9.024e-01
9.122e-01
9.219e-01
9.315e-01
9.411e-01
9.506e-01
9.600e-01
9.693e-01
9.786e-01
9.878e-01
9.969e-01
1.006e+00
1.015e+00
1.024e+00
1.033e+00
1.042e+00
1.052e+00
1.061e+00
1.062e+00
9.164e-01
9.172e-01
9.271e-01
9.369e-01
9.466e-01
9.562e-01
9.657e-01
9.751e-01
9.845e-01
9.938e-01
1.003e+00
1.012e+00
1.021e+00
1.030e+00
1.039e+00
1.048e+00
1.057e+00
1.066e+00
1.075e+00
1.084e+00
1.085e+00
9.412e-01
9.419e-01
9.518e-01
9.616e-01
9.713e-01
9.809e-01
9.904e-01
9.998e-01
1.009e+00
1.018e+00
1.027e+00
1.036e+00
1.045e+00
1.054e+00
1.063e+00
1.071e+00
1.080e+00
1.089e+00
1.097e+00
1.107e+00
1.107e+00
9.659e-01
9.667e-01
9.766e-01
9.864e-01
9.960e-01
1.006e+00
1.015e+00
1.024e+00
1.034e+00
1.043e+00
1.052e+00
1.061e+00
1.070e+00
1.078e+00
1.087e+00
1.095e+00
1.103e+00
1.111e+00
1.120e+00
1.128e+00
1.129e+00
9.908e-01
9.916e-01
1.001e+00
1.011e+00
1.021e+00
1.030e+00
1.040e+00
1.049e+00
1.058e+00
1.068e+00
1.077e+00
1.085e+00
1.094e+00
1.103e+00
1.111e+00
1.119e+00
1.126e+00
1.134e+00
1.142e+00
1.150e+00
1.150e+00
1.016e+00
1.016e+00
1.026e+00
1.036e+00
1.046e+00
1.055e+00
1.065e+00
1.074e+00
1.083e+00
1.092e+00
1.101e+00
1.110e+00
1.119e+00
1.127e+00
1.135e+00
1.142e+00
1.149e+00
1.156e+00
1.164e+00
1.172e+00
1.172e+00
1.024e+00
1.027e+00
1.037e+00
1.047e+00
1.057e+00
1.066e+00
1.076e+00
1.085e+00
1.094e+00
1.103e+00
1.112e+00
1.121e+00
1.129e+00
1.138e+00
1.145e+00
1.153e+00
1.159e+00
1.166e+00
1.173e+00
1.181e+00
1.187e+00
1.154e+00
1.160e+00
1.170e+00
1.180e+00
1.190e+00
1.200e+00
1.209e+00
1.219e+00
1.229e+00
1.239e+00
1.248e+00
1.258e+00
1.268e+00
1.278e+00
1.288e+00
1.297e+00
1.307e+00
1.317e+00
1.327e+00
1.337e+00
1.340e+00
1.170e+00
1.171e+00
1.181e+00
1.191e+00
1.201e+00
1.210e+00
1.220e+00
1.230e+00
1.240e+00
1.249e+00
1.259e+00
1.269e+00
1.279e+00
1.289e+00
1.298e+00
1.308e+00
1.318e+00
1.328e+00
1.338e+00
1.348e+00
1.348e+00
1.195e+00
1.196e+00
1.206e+00
1.216e+00
1.225e+00
1.235e+00
1.245e+00
1.255e+00
1.265e+00
1.274e+00
1.284e+00
1.294e+00
1.304e+00
1.313e+00
1.323e+00
1.333e+00
1.343e+00
1.353e+00
1.363e+00
1.372e+00
1.373e+00
1.220e+00
1.221e+00
1.231e+00
1.240e+00
1.250e+00
1.260e+00
1.270e+00
1.280e+00
1.289e+00
1.299e+00
1.309e+00
1.319e+00
1.328e+00
1.338e+00
1.348e+00
1.358e+00
1.368e+00
1.377e+00
1.387e+00
1.397e+00
1.398e+00
1.245e+00
1.245e+00
1.255e+00
1.265e+00
1.275e+00
1.285e+00
1.295e+00
1.304e+00
1.314e+00
1.324e+00
1.334e+00
1.343e+00
1.353e+00
1.363e+00
1.373e+00
1.382e+00
1.392e+00
1.402e+00
1.412e+00
1.422e+00
1.423e+00
1.269e+00
1.270e+00
1.280e+00
1.290e+00
1.300e+00
1.310e+00
1.319e+00
1.329e+00
1.339e+00
1.349e+00
1.358e+00
1.368e+00
1.378e+00
1.387e+00
1.397e+00
1.407e+00
1.417e+00
1.427e+00
1.436e+00
1.446e+00
1.447e+00
1.294e+00
1.295e+00
1.305e+00
1.315e+00
1.325e+00
1.334e+00
1.344e+00
1.354e+00
1.364e+00
1.373e+00
1.383e+00
1.393e+00
1.402e+00
1.412e+00
1.422e+00
1.431e+00
1.441e+00
1.451e+00
1.461e+00
1.471e+00
1.472e+00
1.319e+00
1.320e+00
1.330e+00
1.339e+00
1.349e+00
1.359e+00
1.369e+00
1.378e+00
1.388e+00
1.398e+00
1.407e+00
1.417e+00
1.427e+00
1.436e+00
1.446e+00
1.456e+00
1.466e+00
1.475e+00
1.485e+00
1.495e+00
1.496e+00
1.343e+00
1.344e+00
1.354e+00
1.364e+00
1.374e+00
1.384e+00
1.393e+00
1.403e+00
1.413e+00
1.422e+00
1.432e+00
1.442e+00
1.451e+00
1.461e+00
1.470e+00
1.480e+00
1.490e+00
1.500e+00
1.509e+00
1.519e+00
1.520e+00
1.368e+00
1.369e+00
1.379e+00
1.389e+00
1.398e+00
1.408e+00
1.418e+00
1.428e+00
1.437e+00
1.447e+00
1.456e+00
1.466e+00
1.476e+00
1.485e+00
1.495e+00
1.504e+00
1.514e+00
1.524e+00
1.533e+00
1.543e+00
1.544e+00
1.393e+00
1.394e+00
1.403e+00
1.413e+00
1.423e+00
1.433e+00
1.443e+00
1.452e+00
1.462e+00
1.471e+00
1.481e+00
1.490e+00
1.500e+00
1.509e+00
1.519e+00
1.528e+00
1.538e+00
1.548e+00
1.557e+00
1.567e+00
1.568e+00
1.417e+00
1.418e+00
1.428e+00
1.438e+00
1.448e+00
1.457e+00
1.467e+00
1.477e+00
1.486e+00
1.496e+00
1.505e+00
1.515e+00
1.524e+00
1.534e+00
1.543e+00
1.552e+00
1.562e+00
1.572e+00
1.581e+00
1.591e+00
1.592e+00
1.442e+00
1.443e+00
1.453e+00
1.463e+00
1.472e+00
1.482e+00
1.492e+00
1.501e+00
1.511e+00
1.520e+00
1.530e+00
1.539e+00
1.548e+00
1.558e+00
1.567e+00
1.576e+00
1.586e+00
1.595e+00
1.605e+00
1.615e+00
1.615e+00
1.467e+00
1.468e+00
1.477e+00
1.487e+00
1.497e+00
1.507e+00
1.516e+00
1.526e+00
1.535e+00
1.545e+00
1.554e+00
1.563e+00
1.573e+00
1.582e+00
1.591e+00
1.600e+00
1.610e+00
1.619e+00
1.629e+00
1.638e+00
1.639e+00
1.491e+00
1.492e+00
1.502e+00
1.512e+00
1.522e+00
1.531e+00
1.541e+00
1.550e+00
1.560e+00
1.569e+00
1.578e+00
1.588e+00
1.597e+00
1.606e+00
1.615e+00
1.624e+00
1.633e+00
1.643e+00
1.652e+00
1.662e+00
1.662e+00
1.516e+00
1.517e+00
1.527e+00
1.537e+00
1.546e+00
1.556e+00
1.566e+00
1.575e+00
1.584e+00
1.594e+00
1.603e+00
1.612e+00
1.621e+00
1.630e+00
1.639e+00
1.648e+00
1.657e+00
1.666e+00
1.675e+00
1.685e+00
1.685e+00
1.541e+00
1.542e+00
1.552e+00
1.561e+00
1.571e+00
1.581e+00
1.590e+00
1.600e+00
1.609e+00
1.618e+00
1.627e+00
1.636e+00
1.645e+00
1.654e+00
1.663e+00
1.672e+00
1.680e+00
1.689e+00
1.698e+00
1.708e+00
1.708e+00
1.566e+00
1.567e+00
1.576e+00
1.586e+00
1.596e+00
1.605e+00
1.615e+00
1.624e+00
1.634e+00
1.643e+00
1.652e+00
1.661e+00
1.670e+00
1.678e+00
1.687e+00
1.695e+00
1.704e+00
1.713e+00
1.721e+00
1.730e+00
1.731e+00
1.591e+00
1.591e+00
1.601e+00
1.611e+00
1.621e+00
1.630e+00
1.640e+00
1.649e+00
1.658e+00
1.668e+00
1.677e+00
1.685e+00
1.694e+00
1.703e+00
1.711e+00
1.719e+00
1.728e+00
1.736e+00
1.744e+00
1.753e+00
1.754e+00
1.616e+00
1.616e+00
1.626e+00
1.636e+00
1.646e+00
1.655e+00
1.665e+00
1.674e+00
1.683e+00
1.692e+00
1.701e+00
1.710e+00
1.719e+00
1.727e+00
1.736e+00
1.744e+00
1.752e+00
1.760e+00
1.768e+00
1.777e+00
1.777e+00
1.624e+00
1.627e+00
1.637e+00
1.647e+00
1.656e+00
1.666e+00
1.675e+00
1.685e+00
1.694e+00
1.703e+00
1.712e+00
1.721e+00
1.730e+00
1.738e+00
1.746e+00
1.754e+00
1.762e+00
1.770e+00
1.778e+00
1.787e+00
1.793e+00
1.753e+00
1.760e+00
1.770e+00
1.780e+00
1.790e+00
1.799e+00
1.809e+00
1.819e+00
1.829e+00
1.839e+00
1.848e+00
1.858e+00
1.868e+00
1.878e+00
1.887e+00
1.897e+00
1.907e+00
1.917e+00
1.927e+00
1.937e+00
1.940e+00
1.770e+00
1.771e+00
1.781e+00
1.791e+00
1.800e+00
1.810e+00
1.820e+00
1.830e+00
1.840e+00
1.849e+00
1.859e+00
1.869e+00
1.879e+00
1.888e+00
1.898e+00
1.908e+00
1.918e+00
1.928e+00
1.938e+00
1.948e+00
1.948e+00
1.795e+00
1.796e+00
1.806e+00
1.815e+00
1.825e+00
1.835e+00
1.845e+00
1.855e+00
1.864e+00
1.874e+00
1.884e+00
1.894e+00
1.903e+00
1.913e+00
1.923e+00
1.933e+00
1.943e+00
1.953e+00
1.962e+00
1.972e+00
1.973e+00
1.820e+00
1.820e+00
1.830e+00
1.840e+00
1.850e+00
1.860e+00
1.870e+00
1.880e+00
1.889e+00
1.899e+00
1.909e+00
1.918e+00
1.928e+00
1.938e+00
1.948e+00
1.958e+00
1.967e+00
1.977e+00
1.987e+00
1.997e+00
1.998e+00
1.844e+00
1.845e+00
1.855e+00
1.865e+00
1.875e+00
1.885e+00
1.895e+00
1.904e+00
1.914e+00
1.924e+00
1.933e+00
1.943e+00
1.953e+00
1.963e+00
1.972e+00
1.982e+00
1.992e+00
2.002e+00
2.012e+00
2.022e+00
2.022e+00
1.869e+00
1.870e+00
1.880e+00
1.890e+00
1.900e+00
1.909e+00
1.919e+00
1.929e+00
1.939e+00
1.948e+00
1.958e+00
1.968e+00
1.978e+00
1.987e+00
1.997e+00
2.007e+00
2.017e+00
2.026e+00
2.036e+00
2.046e+00
2.047e+00
1.894e+00
1.895e+00
1.905e+00
1.915e+00
1.924e+00
1.934e+00
1.944e+00
1.954e+00
1.963e+00
1.973e+00
1.983e+00
1.992e+00
2.002e+00
2.012e+00
2.022e+00
2.031e+00
2.041e+00
2.051e+00
2.061e+00
2.071e+00
2.071e+00
1.919e+00
1.919e+00
1.929e+00
1.939e+00
1.949e+00
1.959e+00
1.969e+00
1.978e+00
1.988e+00
1.998e+00
2.007e+00
2.017e+00
2.027e+00
2.036e+00
2.046e+00
2.056e+00
2.065e+00
2.075e+00
2.085e+00
2.095e+00
2.096e+00
1.943e+00
1.944e+00
1.954e+00
1.964e+00
1.974e+00
1.983e+00
1.993e+00
2.003e+00
2.013e+00
2.022e+00
2.032e+00
2.041e+00
2.051e+00
2.061e+00
2.070e+00
2.080e+00
2.090e+00
2.099e+00
2.109e+00
2.119e+00
2.120e+00
1.968e+00
1.969e+00
1.979e+00
1.989e+00
1.998e+00
2.008e+00
2.018e+00
2.027e+00
2.037e+00
2.047e+00
2.056e+00
2.066e+00
2.075e+00
2.085e+00
2.095e+00
2.104e+00
2.114e+00
2.124e+00
2.133e+00
2.143e+00
2.144e+00
1.993e+00
1.993e+00
2.003e+00
2.013e+00
2.023e+00
2.033e+00
2.042e+00
2.052e+00
2.062e+00
2.071e+00
2.081e+00
2.090e+00
2.100e+00
2.109e+00
2.119e+00
2.128e+00
2.138e+00
2.148e+00
2.157e+00
2.167e+00
2.168e+00
2.017e+00
2.018e+00
2.028e+00
2.038e+00
2.048e+00
2.057e+00
2.067e+00
2.077e+00
2.086e+00
2.096e+00
2.105e+00
2.115e+00
2.124e+00
2.133e+00
2.143e+00
2.152e+00
2.162e+00
2.171e+00
2.181e+00
2.191e+00
2.192e+00
2.042e+00
2.043e+00
2.053e+00
2.062e+00
2.072e+00
2.082e+00
2.092e+00
2.101e+00
2.111e+00
2.120e+00
2.130e+00
2.139e+00
2.148e+00
2.158e+00
2.167e+00
2.176e+00
2.186e+00
2.195e+00
2.205e+00
2.215e+00
2.215e+00
2.067e+00
2.067e+00
2.077e+00
2.087e+00
2.097e+00
2.107e+00
2.116e+00
2.126e+00
2.135e+00
2.145e+00
2.154e+00
2.163e+00
2.172e+00
2.182e+00
2.191e+00
2.200e+00
2.210e+00
2.219e+00
2.229e+00
2.238e+00
2.239e+00
2.091e+00
2.092e+00
2.102e+00
2.112e+00
2.122e+00
2.131e+00
2.141e+00
2.150e+00
2.160e+00
2.169e+00
2.178e+00
2.188e+00
2.197e+00
2.206e+00
2.215e+00
2.224e+00
2.233e+00
2.243e+00
2.252e+00
2.262e+00
2.262e+00
2.116e+00
2.117e+00
2.127e+00
2.137e+00
2.146e+00
2.156e+00
2.165e+00
2.175e+00
2.184e+00
2.194e+00
2.203e+00
2.212e+00
2.221e+00
2.230e+00
2.239e+00
2.248e+00
2.257e+00
2.266e+00
2.276e+00
2.285e+00
2.286e+00
2.141e+00
2.142e+00
2.152e+00
2.161e+00
2.171e+00
2.181e+00
2.190e+00
2.200e+00
2.209e+00
2.218e+00
2.227e+00
2.236e+00
2.245e+00
2.254e+00
2.263e+00
2.272e+00
2.281e+00
2.290e+00
2.299e+00
2.308e+00
2.309e+00
2.166e+00
2.166e+00
2.176e+00
2.186e+00
2.196e+00
2.205e+00
2.215e+00
2.224e+00
2.234e+00
2.243e+00
2.252e+00
2.261e+00
2.270e+00
2.278e+00
2.287e+00
2.296e+00
2.305e+00
2.313e+00
2.322e+00
2.332e+00
2.332e+00
2.191e+00
2.191e+00
2.201e+00
2.211e+00
2.221e+00
2.230e+00
2.240e+00
2.249e+00
2.258e+00
2.267e+00
2.277e+00
2.285e+00
2.294e+00
2.303e+00
2.311e+00
2.320e+00
2.329e+00
2.337e+00
2.346e+00
2.355e+00
2.356e+00
2.215e+00
2.216e+00
2.226e+00
2.236e+00
2.246e+00
2.255e+00
2.265e+00
2.274e+00
2.283e+00
2.292e+00
2.301e+00
2.310e+00
2.319e+00
2.328e+00
2.336e+00
2.344e+00
2.353e+00
2.361e+00
2.370e+00
2.379e+00
2.380e+00
2.224e+00
2.227e+00
2.237e+00
2.247e+00
2.256e+00
2.266e+00
2.275e+00
2.285e+00
2.294e+00
2.303e+00
2.312e+00
2.321e+00
2.330e+00
2.338e+00
2.347e+00
2.355e+00
2.363e+00
2.372e+00
2.381e+00
2.390e+00
2.396e+00
2.413e+00
2.420e+00
2.430e+00
2.440e+00
2.450e+00
2.459e+00
2.469e+00
2.479e+00
2.489e+00
2.498e+00
2.508e+00
2.518e+00
2.528e+00
2.538e+00
2.547e+00
2.557e+00
2.567e+00
2.577e+00
2.587e+00
2.597e+00
2.600e+00
2.430e+00
2.431e+00
2.441e+00
2.450e+00
2.460e+00
2.470e+00
2.480e+00
2.490e+00
2.499e+00
2.509e+00
2.519e+00
2.529e+00
2.539e+00
2.548e+00
2.558e+00
2.568e+00
2.578e+00
2.588e+00
2.598e+00
2.607e+00
2.608e+00
2.455e+00
2.456e+00
2.465e+00
2.475e+00
2.485e+00
2.495e+00
2.505e+00
2.515e+00
2.524e+00
2.534e+00
2.544e+00
2.554e+00
2.563e+00
2.573e+00
2.583e+00
2.593e+00
2.603e+00
2.612e+00
2.622e+00
2.632e+00
2.633e+00
2.480e+00
2.480e+00
2.490e+00
2.500e+00
2.510e+00
2.520e+00
2.530e+00
2.539e+00
2.549e+00
2.559e+00
2.569e+00
2.578e+00
2.588e+00
2.598e+00
2.608e+00
2.617e+00
2.627e+00
2.637e+00
2.647e+00
2.657e+00
2.658e+00
2.504e+00
2.505e+00
2.515e+00
2.525e+00
2.535e+00
2.545e+00
2.554e+00
2.564e+00
2.574e+00
2.584e+00
2.593e+00
2.603e+00
2.613e+00
2.623e+00
2.632e+00
2.642e+00
2.652e+00
2.662e+00
2.672e+00
2.682e+00
2.682e+00
2.529e+00
2.530e+00
2.540e+00
2.550e+00
2.560e+00
2.569e+00
2.579e+00
2.589e+00
2.599e+00
2.608e+00
2.618e+00
2.628e+00
2.637e+00
2.647e+00
2.657e+00
2.667e+00
2.676e+00
2.686e+00
2.696e+00
2.706e+00
2.707e+00
2.554e+00
2.555e+00
2.565e+00
2.574e+00
2.584e+00
2.594e+00
2.604e+00
2.614e+00
2.623e+00
2.633e+00
2.643e+00
2.652e+00
2.662e+00
2.672e+00
2.681e+00
2.691e+00
2.701e+00
2.711e+00
2.721e+00
2.731e+00
2.731e+00
2.579e+00
2.579e+00
2.589e+00
2.599e+00
2.609e+00
2.619e+00
2.629e+00
2.638e+00
2.648e+00
2.658e+00
2.667e+00
2.677e+00
2.687e+00
2.696e+00
2.706e+00
2.716e+00
2.725e+00
2.735e+00
2.745e+00
2.755e+00
2.756e+00
2.603e+00
2.604e+00
2.614e+00
2.624e+00
2.634e+00
2.643e+00
2.653e+00
2.663e+00
2.672e+00
2.682e+00
2.692e+00
2.701e+00
2.711e+00
2.721e+00
2.730e+00
2.740e+00
2.750e+00
2.759e+00
2.769e+00
2.779e+00
2.780e+00
2.628e+00
2.629e+00
2.639e+00
2.648e+00
2.658e+00
2.668e+00
2.678e+00
2.687e+00
2.697e+00
2.707e+00
2.716e+00
2.726e+00
2.735e+00
2.745e+00
2.754e+00
2.764e+00
2.774e+00
2.783e+00
2.793e+00
2.803e+00
2.804e+00
2.653e+00
2.653e+00
2.663e+00
2.673e+00
2.683e+00
2.693e+00
2.702e+00
2.712e+00
2.722e+00
2.731e+00
2.741e+00
2.750e+00
2.760e+00
2.769e+00
2.779e+00
2.788e+00
2.798e+00
2.807e+00
2.817e+00
2.827e+00
2.828e+00
2.677e+00
2.678e+00
2.688e+00
2.698e+00
2.708e+00
2.717e+00
2.727e+00
2.736e+00
2.746e+00
2.756e+00
2.765e+00
2.774e+00
2.784e+00
2.793e+00
2.803e+00
2.812e+00
2.822e+00
2.831e+00
2.841e+00
2.851e+00
2.852e+00
2.702e+00
2.703e+00
2.713e+00
2.722e+00
2.732e+00
2.742e+00
2.751e+00
2.761e+00
2.771e+00
2.780e+00
2.789e+00
2.799e+00
2.808e+00
2.818e+00
2.827e+00
2.836e+00
2.846e+00
2.855e+00
2.865e+00
2.875e+00
2.875e+00
2.727e+00
2.727e+00
2.737e+00
2.747e+00
2.757e+00
2.766e+00
2.776e+00
2.786e+00
2.795e+00
2.804e+00
2.814e+00
2.823e+00
2.832e+00
2.842e+00
2.851e+00
2.860e+00
2.870e+00
2.879e+00
2.889e+00
2.898e+00
2.899e+00
2.751e+00
2.752e+00
2.762e+00
2.772e+00
2.781e+00
2.791e+00
2.801e+00
2.810e+00
2.820e+00
2.829e+00
2.838e+00
2.847e+00
2.857e+00
2.866e+00
2.875e+00
2.884e+00
2.893e+00
2.903e+00
2.912e+00
2.922e+00
2.923e+00
2.776e+00
2.777e+00
2.787e+00
2.796e+00
2.806e+00
2.816e+00
2.825e+00
2.835e+00
2.844e+00
2.853e+00
2.863e+00
2.872e+00
2.881e+00
2.890e+00
2.899e+00
2.908e+00
2.917e+00
2.926e+00
2.936e+00
2.945e+00
2.946e+00
2.801e+00
2.802e+00
2.811e+00
2.821e+00
2.831e+00
2.841e+00
2.850e+00
2.859e+00
2.869e+00
2.878e+00
2.887e+00
2.896e+00
2.905e+00
2.914e+00
2.923e+00
2.932e+00
2.941e+00
2.950e+00
2.959e+00
2.969e+00
2.969e+00
2.826e+00
2.826e+00
2.836e+00
2.846e+00
2.856e+00
2.865e+00
2.875e+00
2.884e+00
2.893e+00
2.903e+00
2.912e+00
2.921e+00
2.930e+00
2.938e+00
2.947e+00
2.956e+00
2.965e+00
2.974e+00
2.983e+00
2.992e+00
2.993e+00
2.850e+00
2.851e+00
2.861e+00
2.871e+00
2.881e+00
2.890e+00
2.900e+00
2.909e+00
2.918e+00
2.927e+00
2.936e+00
2.945e+00
2.954e+00
2.963e+00
2.972e+00
2.980e+00
2.989e+00
2.998e+00
3.007e+00
3.016e+00
3.016e+00
2.875e+00
2.876e+00
2.886e+00
2.896e+00
2.905e+00
2.915e+00
2.925e+00
2.934e+00
2.943e+00
2.952e+00
2.961e+00
2.970e+00
2.979e+00
2.988e+00
2.996e+00
3.005e+00
3.013e+00
3.022e+00
3.031e+00
3.040e+00
3.041e+00
2.884e+00
2.887e+00
2.897e+00
2.907e+00
2.916e+00
2.926e+00
2.935e+00
2.945e+00
2.954e+00
2.963e+00
2.972e+00
2.981e+00
2.990e+00
2.998e+00
3.007e+00
3.015e+00
3.024e+00
3.032e+00
3.041e+00
3.050e+00
3.057e+00
