doc/content/FromLiterature/LaCecilia_2022_HP/prepro/dem
north:     0
south:           0.00000000
east:      0
west:            0.00000000
rows:    123
cols:    110
[rows 57 to 75 of 123, columns 0 to 42 of 110]
0.000000000000E+00 0.000000000000E+00 0.000000000000E+00 0.000000000000E+00 0.000000000000E+00 0.000000000000E+00 0.000000000000E+00 0.000000000000E+00 0.000000000000E+00 0.000000000000E+00 0.000000000000E+00 0.000000000000E+00 0.000000000000E+00 0.000000000000E+00 0.000000000000E+00 0.000000000000E+00 0.000000000000E+00 0.000000000000E+00 0.000000000000E+00 0.000000000000E+00 0.000000000000E+00 0.000000000000E+00 0.000000000000E+00 0.000000000000E+00 0.000000000000E+00 0.000000000000E+00 0.000000000000E+00 0.000000000000E+00 0.000000000000E+00 0.000000000000E+00 0.000000000000E+00 0.450101500000E+03 0.449338400000E+03 0.448673000000E+03 0.448384800000E+03 0.447768100000E+03 0.447551700000E+03 0.446909300000E+03 0.446411300000E+03 0.446056100000E+03 0.445644100000E+03 0.445191700000E+03 0.444506500000E+03
0.000000000000E+00 0.000000000000E+00 0.000000000000E+00 0.000000000000E+00 0.000000000000E+00 0.000000000000E+00 0.000000000000E+00 0.000000000000E+00 0.000000000000E+00 0.000000000000E+00 0.000000000000E+00 0.000000000000E+00 0.000000000000E+00 0.000000000000E+00 0.000000000000E+00 0.000000000000E+00 0.000000000000E+00 0.000000000000E+00 0.000000000000E+00 0.000000000000E+00 0.000000000000E+00 0.000000000000E+00 0.000000000000E+00 0.000000000000E+00 0.000000000000E+00 0.000000000000E+00 0.000000000000E+00 0.000000000000E+00 0.000000000000E+00 0.000000000000E+00 0.451814600000E+03 0.451254100000E+03 0.450514100000E+03 0.450442100000E+03 0.449727600000E+03 0.449039200000E+03 0.448341000000E+03 0.447895400000E+03 0.447417600000E+03 0.446854400000E+03 0.446211200000E+03 0.445719900000E+03 0.445141200000E+03
0.000000000000E+00 0.000000000000E+00 0.000000000000E+00 0.000000000000E+00 0.000000000000E+00 0.000000000000E+00 0.000000000000E+00 0.000000000000E+00 0.000000000000E+00 0.000000000000E+00 0.000000000000E+00 0.000000000000E+00 0.000000000000E+00 0.000000000000E+00 0.000000000000E+00 0.000000000000E+00 0.000000000000E+00 0.000000000000E+00 0.000000000000E+00 0.000000000000E+00 0.000000000000E+00 0.000000000000E+00 0.000000000000E+00 0.000000000000E+00 0.000000000000E+00 0.000000000000E+00 0.000000000000E+00 0.000000000000E+00 0.000000000000E+00 0.453137000000E+03 0.452852700000E+03 0.452731800000E+03 0.452171800000E+03 0.451522900000E+03 0.451251400000E+03 0.450423200000E+03 0.449729800000E+03 0.449166200000E+03 0.448370100000E+03 0.447688600000E+03 0.447050400000E+03 0.446255000000E+03 0.446022700000E+03
0.000000000000E+00 0.000000000000E+00 0.000000000000E+00 0.000000000000E+00 0.000000000000E+00 0.000000000000E+00 0.000000000000E+00 0.000000000000E+00 0.000000000000E+00 0.000000000000E+00 0.000000000000E+00 0.000000000000E+00 0.000000000000E+00 0.000000000000E+00 0.000000000000E+00 0.000000000000E+00 0.000000000000E+00 0.000000000000E+00 0.000000000000E+00 0.000000000000E+00 0.000000000000E+00 0.000000000000E+00 0.000000000000E+00 0.000000000000E+00 0.000000000000E+00 0.000000000000E+00 0.000000000000E+00 0.000000000000E+00 0.454508500000E+03 0.454299200000E+03 0.453923800000E+03 0.453875400000E+03 0.453305800000E+03 0.452922500000E+03 0.452125300000E+03 0.451606900000E+03 0.451087400000E+03 0.450293500000E+03 0.449467500000E+03 0.448714500000E+03 0.447901800000E+03 0.447280800000E+03 0.446458900000E+03
0.000000000000E+00 0.000000000000E+00 0.000000000000E+00 0.000000000000E+00 0.000000000000E+00 0.000000000000E+00 0.000000000000E+00 0.000000000000E+00 0.000000000000E+00 0.000000000000E+00 0.000000000000E+00 0.000000000000E+00 0.000000000000E+00 0.000000000000E+00 0.000000000000E+00 0.000000000000E+00 0.000000000000E+00 0.000000000000E+00 0.000000000000E+00 0.000000000000E+00 0.000000000000E+00 0.000000000000E+00 0.000000000000E+00 0.000000000000E+00 0.000000000000E+00 0.000000000000E+00 0.000000000000E+00 0.000000000000E+00 0.455607500000E+03 0.455295400000E+03 0.454751600000E+03 0.454377700000E+03 0.454260700000E+03 0.453546700000E+03 0.453101200000E+03 0.452332000000E+03 0.451725500000E+03 0.451030600000E+03 0.450219800000E+03 0.449466000000E+03 0.448386200000E+03 0.447812500000E+03 0.446917200000E+03
0.000000000000E+00 0.000000000000E+00 0.000000000000E+00 0.000000000000E+00 0.000000000000E+00 0.000000000000E+00 0.000000000000E+00 0.000000000000E+00 0.000000000000E+00 0.000000000000E+00 0.000000000000E+00 0.000000000000E+00 0.000000000000E+00 0.000000000000E+00 0.000000000000E+00 0.000000000000E+00 0.000000000000E+00 0.000000000000E+00 0.000000000000E+00 0.000000000000E+00 0.000000000000E+00 0.000000000000E+00 0.000000000000E+00 0.000000000000E+00 0.000000000000E+00 0.000000000000E+00 0.000000000000E+00 0.000000000000E+00 0.457126100000E+03 0.456127800000E+03 0.455650700000E+03 0.455228100000E+03 0.454804800000E+03 0.454408800000E+03 0.453509100000E+03 0.452970500000E+03 0.452081900000E+03 0.451506000000E+03 0.450970900000E+03 0.449926900000E+03 0.448816600000E+03 0.447901400000E+03 0.446882700000E+03
0.000000000000E+00 0.000000000000E+00 0.000000000000E+00 0.000000000000E+00 0.000000000000E+00 0.000000000000E+00 0.000000000000E+00 0.000000000000E+00 0.000000000000E+00 0.000000000000E+00 0.000000000000E+00 0.000000000000E+00 0.000000000000E+00 0.000000000000E+00 0.000000000000E+00 0.000000000000E+00 0.000000000000E+00 0.000000000000E+00 0.466206400000E+03 0.465647000000E+03 0.000000000000E+00 0.000000000000E+00 0.000000000000E+00 0.000000000000E+00 0.000000000000E+00 0.000000000000E+00 0.000000000000E+00 0.459111600000E+03 0.458331600000E+03 0.457455000000E+03 0.456767300000E+03 0.456298000000E+03 0.455803500000E+03 0.455157800000E+03 0.454518400000E+03 0.453513400000E+03 0.452729400000E+03 0.452121200000E+03 0.451308200000E+03 0.449502800000E+03 0.449556200000E+03 0.448958000000E+03 0.448101500000E+03
0.000000000000E+00 0.000000000000E+00 0.000000000000E+00 0.000000000000E+00 0.000000000000E+00 0.000000000000E+00 0.000000000000E+00 0.000000000000E+00 0.000000000000E+00 0.000000000000E+00 0.000000000000E+00 0.000000000000E+00 0.000000000000E+00 0.000000000000E+00 0.000000000000E+00 0.000000000000E+00 0.000000000000E+00 0.000000000000E+00 0.467116300000E+03 0.466302000000E+03 0.465644400000E+03 0.465169100000E+03 0.464777000000E+03 0.000000000000E+00 0.000000000000E+00 0.000000000000E+00 0.461587300000E+03 0.460821700000E+03 0.459847200000E+03 0.459047600000E+03 0.458304200000E+03 0.457683400000E+03 0.457191300000E+03 0.456511000000E+03 0.455569200000E+03 0.454336300000E+03 0.453404000000E+03 0.452642100000E+03 0.451207400000E+03 0.450843000000E+03 0.450544600000E+03 0.449836400000E+03 0.449175100000E+03
0.000000000000E+00 0.000000000000E+00 0.000000000000E+00 0.000000000000E+00 0.000000000000E+00 0.000000000000E+00 0.000000000000E+00 0.000000000000E+00 0.000000000000E+00 0.000000000000E+00 0.000000000000E+00 0.000000000000E+00 0.000000000000E+00 0.000000000000E+00 0.000000000000E+00 0.000000000000E+00 0.000000000000E+00 0.000000000000E+00 0.468684900000E+03 0.467887500000E+03 0.467144000000E+03 0.466325900000E+03 0.465427800000E+03 0.464774400000E+03 0.464538200000E+03 0.463949400000E+03 0.463207000000E+03 0.462257800000E+03 0.461708000000E+03 0.460732600000E+03 0.459936300000E+03 0.459346600000E+03 0.458751600000E+03 0.458095400000E+03 0.456843800000E+03 0.455501500000E+03 0.454193700000E+03 0.453040000000E+03 0.452100500000E+03 0.451925900000E+03 0.451134700000E+03 0.450625500000E+03 0.450124600000E+03
0.000000000000E+00 0.000000000000E+00 0.000000000000E+00 0.000000000000E+00 0.000000000000E+00 0.000000000000E+00 0.000000000000E+00 0.000000000000E+00 0.000000000000E+00 0.000000000000E+00 0.000000000000E+00 0.000000000000E+00 0.000000000000E+00 0.000000000000E+00 0.000000000000E+00 0.000000000000E+00 0.000000000000E+00 0.470982800000E+03 0.470257700000E+03 0.469411000000E+03 0.468702000000E+03 0.467997200000E+03 0.467172500000E+03 0.466469900000E+03 0.465726500000E+03 0.465089200000E+03 0.464587400000E+03 0.464199900000E+03 0.463521900000E+03 0.462582600000E+03 0.461728400000E+03 0.461029600000E+03 0.460479000000E+03 0.459694000000E+03 0.458456200000E+03 0.456728800000E+03 0.455397700000E+03 0.453455800000E+03 0.453481800000E+03 0.452660500000E+03 0.452149800000E+03 0.451473300000E+03 0.451056000000E+03
0.000000000000E+00 0.000000000000E+00 0.000000000000E+00 0.000000000000E+00 0.000000000000E+00 0.000000000000E+00 0.000000000000E+00 0.000000000000E+00 0.000000000000E+00 0.000000000000E+00 0.000000000000E+00 0.000000000000E+00 0.000000000000E+00 0.000000000000E+00 0.000000000000E+00 0.000000000000E+00 0.473318700000E+03 0.472743700000E+03 0.471819600000E+03 0.471017100000E+03 0.470239600000E+03 0.469357400000E+03 0.468665300000E+03 0.467901000000E+03 0.467337900000E+03 0.466689300000E+03 0.466028900000E+03 0.465514000000E+03 0.464874900000E+03 0.463942200000E+03 0.463393500000E+03 0.462871100000E+03 0.462155200000E+03 0.461299600000E+03 0.459942400000E+03 0.458211300000E+03 0.453458400000E+03 0.454796200000E+03 0.454565400000E+03 0.454257900000E+03 0.454013200000E+03 0.453344600000E+03 0.452470200000E+03
0.000000000000E+00 0.000000000000E+00 0.000000000000E+00 0.000000000000E+00 0.000000000000E+00 0.000000000000E+00 0.000000000000E+00 0.000000000000E+00 0.000000000000E+00 0.000000000000E+00 0.000000000000E+00 0.000000000000E+00 0.000000000000E+00 0.000000000000E+00 0.000000000000E+00 0.000000000000E+00 0.474829700000E+03 0.474230500000E+03 0.473175500000E+03 0.472522900000E+03 0.471768200000E+03 0.470780000000E+03 0.470016400000E+03 0.469396800000E+03 0.468753200000E+03 0.468184100000E+03 0.467517500000E+03 0.466799600000E+03 0.466282200000E+03 0.465730600000E+03 0.464998100000E+03 0.464152700000E+03 0.463574000000E+03 0.462667600000E+03 0.461207000000E+03 0.459312400000E+03 0.455466400000E+03 0.456519000000E+03 0.456302600000E+03 0.456359400000E+03 0.456034100000E+03 0.455123500000E+03 0.454266100000E+03
0.000000000000E+00 0.000000000000E+00 0.000000000000E+00 0.000000000000E+00 0.000000000000E+00 0.000000000000E+00 0.000000000000E+00 0.000000000000E+00 0.000000000000E+00 0.000000000000E+00 0.000000000000E+00 0.000000000000E+00 0.000000000000E+00 0.000000000000E+00 0.000000000000E+00 0.476445400000E+03 0.475928900000E+03 0.475531100000E+03 0.474817000000E+03 0.474161500000E+03 0.473595200000E+03 0.472463200000E+03 0.471625800000E+03 0.470935300000E+03 0.470323900000E+03 0.469693100000E+03 0.468918700000E+03 0.468131600000E+03 0.467694900000E+03 0.467070700000E+03 0.466290800000E+03 0.465569400000E+03 0.464803400000E+03 0.463748500000E+03 0.462080600000E+03 0.458477400000E+03 0.457699300000E+03 0.457974900000E+03 0.458323300000E+03 0.458594000000E+03 0.458001100000E+03 0.457530200000E+03 0.456011500000E+03
0.000000000000E+00 0.000000000000E+00 0.000000000000E+00 0.000000000000E+00 0.000000000000E+00 0.000000000000E+00 0.000000000000E+00 0.000000000000E+00 0.000000000000E+00 0.000000000000E+00 0.000000000000E+00 0.000000000000E+00 0.000000000000E+00 0.000000000000E+00 0.477812700000E+03 0.477366200000E+03 0.477002200000E+03 0.476666800000E+03 0.476244200000E+03 0.475388100000E+03 0.474882500000E+03 0.474152800000E+03 0.473621700000E+03 0.472648200000E+03 0.472242900000E+03 0.471535700000E+03 0.470723800000E+03 0.469700500000E+03 0.468912200000E+03 0.468158800000E+03 0.467631800000E+03 0.467113400000E+03 0.465990600000E+03 0.464901200000E+03 0.462100800000E+03 0.459184500000E+03 0.459856900000E+03 0.459493900000E+03 0.459782900000E+03 0.460273400000E+03 0.460484100000E+03 0.459676500000E+03 0.458084700000E+03
0.000000000000E+00 0.000000000000E+00 0.000000000000E+00 0.000000000000E+00 0.000000000000E+00 0.000000000000E+00 0.000000000000E+00 0.000000000000E+00 0.000000000000E+00 0.000000000000E+00 0.000000000000E+00 0.000000000000E+00 0.000000000000E+00 0.478760000000E+03 0.478387100000E+03 0.477949400000E+03 0.477687600000E+03 0.477704500000E+03 0.476955000000E+03 0.476562800000E+03 0.475827700000E+03 0.475312100000E+03 0.474763900000E+03 0.474204400000E+03 0.473816600000E+03 0.473131300000E+03 0.472129300000E+03 0.471462600000E+03 0.470599100000E+03 0.469635700000E+03 0.468720000000E+03 0.468155400000E+03 0.467175000000E+03 0.464052600000E+03 0.462897500000E+03 0.459396900000E+03 0.462229600000E+03 0.462362500000E+03 0.462887100000E+03 0.461339400000E+03 0.461622000000E+03 0.461231100000E+03 0.460326500000E+03
0.000000000000E+00 0.000000000000E+00 0.000000000000E+00 0.000000000000E+00 0.000000000000E+00 0.000000000000E+00 0.000000000000E+00 0.000000000000E+00 0.000000000000E+00 0.000000000000E+00 0.480037000000E+03 0.479744000000E+03 0.479741400000E+03 0.479459800000E+03 0.478938100000E+03 0.478606000000E+03 0.478276000000E+03 0.478141600000E+03 0.477673500000E+03 0.476969000000E+03 0.476540600000E+03 0.476338900000E+03 0.475853300000E+03 0.475518400000E+03 0.474987100000E+03 0.474403200000E+03 0.473655500000E+03 0.473013500000E+03 0.472228900000E+03 0.471109700000E+03 0.470166000000E+03 0.468935300000E+03 0.468010500000E+03 0.462969700000E+03 0.465480300000E+03 0.464501800000E+03 0.464249600000E+03 0.464769400000E+03 0.464177500000E+03 0.464374400000E+03 0.462619700000E+03 0.462353500000E+03 0.461744700000E+03
0.000000000000E+00 0.000000000000E+00 0.000000000000E+00 0.000000000000E+00 0.000000000000E+00 0.000000000000E+00 0.000000000000E+00 0.000000000000E+00 0.000000000000E+00 0.000000000000E+00 0.480781300000E+03 0.479942500000E+03 0.480788500000E+03 0.480385300000E+03 0.480028000000E+03 0.479536400000E+03 0.479065600000E+03 0.478468200000E+03 0.478189400000E+03 0.477839500000E+03 0.477328200000E+03 0.476841100000E+03 0.476585600000E+03 0.476340600000E+03 0.475761700000E+03 0.475083800000E+03 0.474600600000E+03 0.474091500000E+03 0.473253300000E+03 0.472317600000E+03 0.471104000000E+03 0.470081600000E+03 0.468384100000E+03 0.462971700000E+03 0.466720600000E+03 0.466716100000E+03 0.466857800000E+03 0.466591400000E+03 0.465441900000E+03 0.465442000000E+03 0.464960800000E+03 0.464691100000E+03 0.463018800000E+03
0.000000000000E+00 0.000000000000E+00 0.000000000000E+00 0.000000000000E+00 0.000000000000E+00 0.000000000000E+00 0.000000000000E+00 0.000000000000E+00 0.000000000000E+00 0.000000000000E+00 0.481517400000E+03 0.481442000000E+03 0.481091300000E+03 0.480486700000E+03 0.480683600000E+03 0.480503400000E+03 0.479603900000E+03 0.478907200000E+03 0.478621100000E+03 0.478181900000E+03 0.477865300000E+03 0.477425300000E+03 0.477232300000E+03 0.476745900000E+03 0.476230800000E+03 0.475787800000E+03 0.475192300000E+03 0.474585500000E+03 0.474072800000E+03 0.473013500000E+03 0.472451100000E+03 0.469764500000E+03 0.462974300000E+03 0.466297700000E+03 0.468574700000E+03 0.469373100000E+03 0.469532200000E+03 0.467097400000E+03 0.467300000000E+03 0.466769700000E+03 0.465900900000E+03 0.465445500000E+03 0.465348800000E+03
0.000000000000E+00 0.000000000000E+00 0.000000000000E+00 0.000000000000E+00 0.000000000000E+00 0.000000000000E+00 0.000000000000E+00 0.000000000000E+00 0.000000000000E+00 0.000000000000E+00 0.482001900000E+03 0.481642500000E+03 0.481351700000E+03 0.480691600000E+03 0.480786300000E+03 0.480681900000E+03 0.479926200000E+03 0.479347100000E+03 0.478752000000E+03 0.478457500000E+03 0.478308300000E+03 0.477925900000E+03 0.477614700000E+03 0.477106000000E+03 0.476464100000E+03 0.476067100000E+03 0.475680800000E+03 0.475146500000E+03 0.474527400000E+03 0.473812900000E+03 0.472646100000E+03 0.465327600000E+03 0.468149100000E+03 0.471856800000E+03 0.470183200000E+03 0.470401800000E+03 0.470394800000E+03 0.469614000000E+03 0.468760500000E+03 0.467442200000E+03 0.467386700000E+03 0.466448800000E+03 0.466104100000E+03
