doc/content/FromLiterature/LaCecilia_2022_HP/prepro/dem
north:     0
south:           0.00000000
east:      0
west:            0.00000000
rows:    123
cols:    110
[rows 57 to 75 of 123, columns 43 to 85 of 110]
0.443946000000E+03 0.443423700000E+03 0.442509800000E+03 0.441572200000E+03 0.441516600000E+03 0.442042900000E+03 0.442102800000E+03 0.441268300000E+03 0.440468100000E+03 0.440337300000E+03 0.439647300000E+03 0.438983000000E+03 0.438501000000E+03 0.437740400000E+03 0.437564700000E+03 0.437037100000E+03 0.437137900000E+03 0.437911400000E+03 0.438573900000E+03 0.439114700000E+03 0.439518800000E+03 0.439684100000E+03 0.439186100000E+03 0.437697400000E+03 0.436470700000E+03 0.435040100000E+03 0.433858100000E+03 0.433299400000E+03 0.433017600000E+03 0.432613300000E+03 0.432508500000E+03 0.432701300000E+03 0.432836900000E+03 0.432703200000E+03 0.432713000000E+03 0.432919200000E+03 0.432231500000E+03 0.431876400000E+03 0.431554100000E+03 0.431234500000E+03 0.430970800000E+03 0.430602300000E+03 0.430362500000E+03
0.444595000000E+03 0.443593700000E+03 0.443001700000E+03 0.442056300000E+03 0.442511700000E+03 0.443025700000E+03 0.442787300000E+03 0.442146900000E+03 0.441123800000E+03 0.440990600000E+03 0.440516000000E+03 0.439879200000E+03 0.438836500000E+03 0.438710300000E+03 0.438142400000E+03 0.437939800000E+03 0.437784100000E+03 0.437837000000E+03 0.438444400000E+03 0.439437700000E+03 0.440203500000E+03 0.440774400000E+03 0.440971200000E+03 0.439545500000E+03 0.438138100000E+03 0.436890700000E+03 0.435820700000E+03 0.434282600000E+03 0.433703800000E+03 0.433165100000E+03 0.433049000000E+03 0.432904400000E+03 0.433030300000E+03 0.433024500000E+03 0.433168400000E+03 0.433153400000E+03 0.433157500000E+03 0.432832300000E+03 0.432494600000E+03 0.432339500000E+03 0.432249200000E+03 0.431944500000E+03 0.431493200000E+03
0.443609700000E+03 0.444054000000E+03 0.443361200000E+03 0.443123800000E+03 0.443730300000E+03 0.443783400000E+03 0.443632300000E+03 0.443157300000E+03 0.441714400000E+03 0.441673700000E+03 0.441298400000E+03 0.440277400000E+03 0.439815000000E+03 0.439149500000E+03 0.438821200000E+03 0.438501200000E+03 0.438419000000E+03 0.438325300000E+03 0.438464700000E+03 0.439228500000E+03 0.439901500000E+03 0.440816200000E+03 0.441574200000E+03 0.440693200000E+03 0.439860000000E+03 0.438865100000E+03 0.437179700000E+03 0.436085000000E+03 0.435098700000E+03 0.434054400000E+03 0.433585300000E+03 0.433396300000E+03 0.433543700000E+03 0.433545000000E+03 0.433682300000E+03 0.433687400000E+03 0.433746500000E+03 0.433818500000E+03 0.433381100000E+03 0.433276300000E+03 0.433132500000E+03 0.433143800000E+03 0.432864500000E+03
0.445525200000E+03 0.444679800000E+03 0.444613300000E+03 0.444442000000E+03 0.444779100000E+03 0.444555700000E+03 0.444259300000E+03 0.443686300000E+03 0.442541300000E+03 0.442450300000E+03 0.441781300000E+03 0.441163100000E+03 0.440293600000E+03 0.439966600000E+03 0.439538400000E+03 0.439249200000E+03 0.439124100000E+03 0.438680100000E+03 0.438635700000E+03 0.438965800000E+03 0.439718000000E+03 0.440661200000E+03 0.441571000000E+03 0.441951000000E+03 0.441281600000E+03 0.440505300000E+03 0.439649700000E+03 0.437567300000E+03 0.436529200000E+03 0.435498800000E+03 0.434662500000E+03 0.434135700000E+03 0.434055600000E+03 0.434017900000E+03 0.434066600000E+03 0.434051800000E+03 0.434155500000E+03 0.434170700000E+03 0.433976500000E+03 0.434094700000E+03 0.434147500000E+03 0.434060500000E+03 0.433981100000E+03
0.446018200000E+03 0.444977500000E+03 0.445007500000E+03 0.445392200000E+03 0.445410800000E+03 0.445290000000E+03 0.445047300000E+03 0.444444500000E+03 0.443431200000E+03 0.443038400000E+03 0.442649100000E+03 0.441983500000E+03 0.441113700000E+03 0.440638900000E+03 0.440389100000E+03 0.439915600000E+03 0.439604000000E+03 0.439086300000E+03 0.438819900000E+03 0.439198200000E+03 0.439679400000E+03 0.440673600000E+03 0.441654900000E+03 0.442946500000E+03 0.442810800000E+03 0.442228900000E+03 0.441142300000E+03 0.439208100000E+03 0.437876800000E+03 0.436839800000E+03 0.436255000000E+03 0.435570000000E+03 0.434942300000E+03 0.434543800000E+03 0.434532700000E+03 0.434527600000E+03 0.434366100000E+03 0.434355800000E+03 0.434450500000E+03 0.434572900000E+03 0.435242400000E+03 0.434925700000E+03 0.435172100000E+03
0.446240400000E+03 0.445799300000E+03 0.445938000000E+03 0.445986700000E+03 0.445967900000E+03 0.445698500000E+03 0.445329200000E+03 0.444770700000E+03 0.443983400000E+03 0.443731000000E+03 0.443413500000E+03 0.442600300000E+03 0.441975300000E+03 0.441495500000E+03 0.441252300000E+03 0.441163000000E+03 0.440661700000E+03 0.439720300000E+03 0.439176100000E+03 0.439343400000E+03 0.439788500000E+03 0.440753900000E+03 0.441695100000E+03 0.443092500000E+03 0.443999000000E+03 0.443906200000E+03 0.442688600000E+03 0.440783300000E+03 0.438923600000E+03 0.438014900000E+03 0.437380300000E+03 0.436872000000E+03 0.436200100000E+03 0.435599000000E+03 0.435024400000E+03 0.434900500000E+03 0.434856100000E+03 0.434820800000E+03 0.434982400000E+03 0.435532500000E+03 0.435820800000E+03 0.436048300000E+03 0.436000100000E+03
0.447651200000E+03 0.447185500000E+03 0.447015100000E+03 0.446846000000E+03 0.446661400000E+03 0.446226800000E+03 0.445840300000E+03 0.445233000000E+03 0.444658800000E+03 0.444269700000E+03 0.443983500000E+03 0.443525800000E+03 0.442868100000E+03 0.442133700000E+03 0.441801300000E+03 0.441782400000E+03 0.441275900000E+03 0.440282100000E+03 0.439439400000E+03 0.439502100000E+03 0.439917100000E+03 0.440966400000E+03 0.441944600000E+03 0.442814600000E+03 0.443613600000E+03 0.444068200000E+03 0.443420100000E+03 0.441486600000E+03 0.440022900000E+03 0.439080500000E+03 0.438320200000E+03 0.437974200000E+03 0.437475200000E+03 0.436890800000E+03 0.436006900000E+03 0.435708400000E+03 0.435501200000E+03 0.435385100000E+03 0.435843600000E+03 0.436120900000E+03 0.436169800000E+03 0.436513800000E+03 0.436774500000E+03
0.448830700000E+03 0.448741000000E+03 0.448128900000E+03 0.447766100000E+03 0.447406000000E+03 0.446914100000E+03 0.446471400000E+03 0.445470700000E+03 0.445367700000E+03 0.444719400000E+03 0.444634800000E+03 0.444469000000E+03 0.443663200000E+03 0.442879400000E+03 0.442487500000E+03 0.441939700000E+03 0.441555200000E+03 0.440750600000E+03 0.440440400000E+03 0.439973000000E+03 0.439981800000E+03 0.440696300000E+03 0.441577900000E+03 0.442630200000E+03 0.443384600000E+03 0.443691500000E+03 0.443859300000E+03 0.442181900000E+03 0.440811300000E+03 0.439876400000E+03 0.439110400000E+03 0.438613000000E+03 0.438474900000E+03 0.438276200000E+03 0.437310200000E+03 0.436696200000E+03 0.436346300000E+03 0.436529400000E+03 0.436355300000E+03 0.436419500000E+03 0.436375100000E+03 0.436841100000E+03 0.437310000000E+03
0.449530900000E+03 0.449428700000E+03 0.449194300000E+03 0.448758900000E+03 0.448367400000E+03 0.447848600000E+03 0.447251000000E+03 0.446911200000E+03 0.446155600000E+03 0.445489700000E+03 0.445133100000E+03 0.444718400000E+03 0.444135600000E+03 0.443687800000E+03 0.443010100000E+03 0.442474500000E+03 0.441889900000E+03 0.441395900000E+03 0.440774800000E+03 0.440360500000E+03 0.440023900000E+03 0.440370700000E+03 0.441248000000E+03 0.442046700000E+03 0.442763600000E+03 0.443577700000E+03 0.444163600000E+03 0.442864200000E+03 0.441151900000E+03 0.440264400000E+03 0.439856000000E+03 0.439439200000E+03 0.439302100000E+03 0.438815200000E+03 0.438312600000E+03 0.437588300000E+03 0.437910400000E+03 0.436906900000E+03 0.436960000000E+03 0.436741300000E+03 0.436857800000E+03 0.437329100000E+03 0.437771600000E+03
0.450808600000E+03 0.450444500000E+03 0.450282900000E+03 0.449839500000E+03 0.449215400000E+03 0.448566800000E+03 0.448171300000E+03 0.447422700000E+03 0.446957800000E+03 0.446338200000E+03 0.445625600000E+03 0.445205100000E+03 0.444611900000E+03 0.444268700000E+03 0.443626400000E+03 0.442961300000E+03 0.442496200000E+03 0.441863400000E+03 0.441206300000E+03 0.440689100000E+03 0.440436400000E+03 0.440427800000E+03 0.440994700000E+03 0.441599300000E+03 0.442305300000E+03 0.442956500000E+03 0.443821000000E+03 0.443569600000E+03 0.441939500000E+03 0.441284500000E+03 0.440422800000E+03 0.440250300000E+03 0.439687500000E+03 0.439295000000E+03 0.438844300000E+03 0.438197900000E+03 0.438154700000E+03 0.436909500000E+03 0.437329500000E+03 0.437401200000E+03 0.437653100000E+03 0.437967600000E+03 0.000000000000E+00
0.451623300000E+03 0.451155000000E+03 0.450965000000E+03 0.450966800000E+03 0.450435200000E+03 0.449618600000E+03 0.449240000000E+03 0.448845700000E+03 0.447086000000E+03 0.447247800000E+03 0.446512400000E+03 0.445948500000E+03 0.445333400000E+03 0.444804400000E+03 0.444255500000E+03 0.443689700000E+03 0.443032300000E+03 0.442493100000E+03 0.442109700000E+03 0.441621800000E+03 0.441019800000E+03 0.440709500000E+03 0.440828800000E+03 0.441094000000E+03 0.441767100000E+03 0.442390500000E+03 0.443138900000E+03 0.443885700000E+03 0.443389000000E+03 0.441988400000E+03 0.441409000000E+03 0.440632300000E+03 0.440325600000E+03 0.439921300000E+03 0.439061400000E+03 0.438300600000E+03 0.438265400000E+03 0.438820200000E+03 0.438378100000E+03 0.438268200000E+03 0.438417400000E+03 0.000000000000E+00 0.000000000000E+00
0.453124400000E+03 0.452420300000E+03 0.451926100000E+03 0.451469100000E+03 0.451347700000E+03 0.450878900000E+03 0.450039800000E+03 0.449479100000E+03 0.448803100000E+03 0.448008100000E+03 0.447129300000E+03 0.446776400000E+03 0.446413400000E+03 0.445783700000E+03 0.445220700000E+03 0.444590700000E+03 0.443966600000E+03 0.443374900000E+03 0.443220200000E+03 0.442378900000E+03 0.441789800000E+03 0.441342800000E+03 0.441125600000E+03 0.441069400000E+03 0.441527000000E+03 0.442032100000E+03 0.442628800000E+03 0.443434400000E+03 0.443947800000E+03 0.443320300000E+03 0.442222300000E+03 0.441896400000E+03 0.442013900000E+03 0.440205600000E+03 0.439596400000E+03 0.439058700000E+03 0.438865500000E+03 0.438909900000E+03 0.438871400000E+03 0.438979400000E+03 0.000000000000E+00 0.000000000000E+00 0.000000000000E+00
0.454654600000E+03 0.453462100000E+03 0.452898900000E+03 0.452488400000E+03 0.451905700000E+03 0.451521600000E+03 0.450911800000E+03 0.450607100000E+03 0.449679800000E+03 0.448959400000E+03 0.447975800000E+03 0.447828600000E+03 0.447362200000E+03 0.446682400000E+03 0.446203300000E+03 0.445588200000E+03 0.444837800000E+03 0.444400200000E+03 0.443960500000E+03 0.443340100000E+03 0.442876500000E+03 0.442382100000E+03 0.441798300000E+03 0.441547700000E+03 0.441586200000E+03 0.441829000000E+03 0.442272100000E+03 0.442927400000E+03 0.443327600000E+03 0.443645900000E+03 0.443722100000E+03 0.443070800000E+03 0.441899900000E+03 0.441059600000E+03 0.440500700000E+03 0.439955000000E+03 0.439292100000E+03 0.439264500000E+03 0.439144100000E+03 0.439290000000E+03 0.439363100000E+03 0.000000000000E+00 0.000000000000E+00
0.456940200000E+03 0.455550100000E+03 0.454456800000E+03 0.453747700000E+03 0.453206200000E+03 0.452590900000E+03 0.452061800000E+03 0.451455400000E+03 0.450826800000E+03 0.450050300000E+03 0.448977400000E+03 0.448709100000E+03 0.448364800000E+03 0.447648100000E+03 0.447132200000E+03 0.446535400000E+03 0.446080500000E+03 0.445641200000E+03 0.445335100000E+03 0.444793700000E+03 0.443913200000E+03 0.443173100000E+03 0.442558300000E+03 0.442130800000E+03 0.441837900000E+03 0.441587100000E+03 0.442153700000E+03 0.442579400000E+03 0.442905200000E+03 0.443801900000E+03 0.444186100000E+03 0.444048100000E+03 0.443062900000E+03 0.442171800000E+03 0.441677500000E+03 0.441142000000E+03 0.440611400000E+03 0.440113600000E+03 0.440315000000E+03 0.440385400000E+03 0.440530400000E+03 0.440388800000E+03 0.000000000000E+00
0.459048700000E+03 0.457763600000E+03 0.456724900000E+03 0.455535500000E+03 0.454792500000E+03 0.453971300000E+03 0.453320000000E+03 0.452725100000E+03 0.452124500000E+03 0.451268300000E+03 0.450221100000E+03 0.449679600000E+03 0.449259300000E+03 0.448557300000E+03 0.447836200000E+03 0.447356500000E+03 0.447127300000E+03 0.447022000000E+03 0.446972400000E+03 0.445942300000E+03 0.445093000000E+03 0.444134400000E+03 0.443563100000E+03 0.442772100000E+03 0.442459000000E+03 0.442215300000E+03 0.442063300000E+03 0.442608900000E+03 0.442931200000E+03 0.443340700000E+03 0.443818000000E+03 0.444157800000E+03 0.444455700000E+03 0.444204300000E+03 0.443873300000E+03 0.443455100000E+03 0.442634400000E+03 0.442417800000E+03 0.442431700000E+03 0.442378200000E+03 0.442087000000E+03 0.441492800000E+03 0.441210200000E+03
0.460875100000E+03 0.460001300000E+03 0.458821300000E+03 0.457772200000E+03 0.456598800000E+03 0.455373800000E+03 0.454825800000E+03 0.454223900000E+03 0.453378400000E+03 0.452462500000E+03 0.451721800000E+03 0.450808700000E+03 0.450146100000E+03 0.449610700000E+03 0.448884900000E+03 0.448202500000E+03 0.448146000000E+03 0.448205500000E+03 0.448115100000E+03 0.447459600000E+03 0.446159200000E+03 0.445374500000E+03 0.444216600000E+03 0.443747900000E+03 0.443104100000E+03 0.442825000000E+03 0.443006900000E+03 0.442568500000E+03 0.442633000000E+03 0.443103500000E+03 0.443743500000E+03 0.444312200000E+03 0.444342500000E+03 0.444592300000E+03 0.445150600000E+03 0.445823400000E+03 0.445704500000E+03 0.445293600000E+03 0.445256600000E+03 0.444725100000E+03 0.443866300000E+03 0.442990200000E+03 0.442541800000E+03
0.462316700000E+03 0.461438800000E+03 0.460630200000E+03 0.459695500000E+03 0.458263400000E+03 0.457358000000E+03 0.456429300000E+03 0.455596600000E+03 0.454914700000E+03 0.454260900000E+03 0.453357800000E+03 0.452475500000E+03 0.451330900000E+03 0.450735400000E+03 0.450260100000E+03 0.449634600000E+03 0.449604200000E+03 0.449107000000E+03 0.448950000000E+03 0.448180800000E+03 0.447514900000E+03 0.446126300000E+03 0.445320900000E+03 0.444514100000E+03 0.444241400000E+03 0.443664800000E+03 0.443406900000E+03 0.443219600000E+03 0.442854200000E+03 0.442836700000E+03 0.443617700000E+03 0.444142300000E+03 0.444592000000E+03 0.444851100000E+03 0.445332900000E+03 0.445757000000E+03 0.446758900000E+03 0.447748400000E+03 0.447644700000E+03 0.446763900000E+03 0.445667900000E+03 0.444573300000E+03 0.443636900000E+03
0.463657400000E+03 0.462835500000E+03 0.462135900000E+03 0.461128200000E+03 0.460003300000E+03 0.459268000000E+03 0.458048200000E+03 0.457359600000E+03 0.456529500000E+03 0.455734900000E+03 0.454834300000E+03 0.453868300000E+03 0.452864700000E+03 0.452137800000E+03 0.451598400000E+03 0.451228100000E+03 0.450879200000E+03 0.450216700000E+03 0.449430800000E+03 0.448870800000E+03 0.448111100000E+03 0.447211800000E+03 0.446595500000E+03 0.445481400000E+03 0.444851100000E+03 0.444449000000E+03 0.444173200000E+03 0.443900400000E+03 0.443242200000E+03 0.443273500000E+03 0.443434100000E+03 0.444265100000E+03 0.444632000000E+03 0.445151200000E+03 0.445642200000E+03 0.446392700000E+03 0.447110600000E+03 0.448012200000E+03 0.448933200000E+03 0.448773300000E+03 0.447350100000E+03 0.446448700000E+03 0.445213800000E+03
0.465214800000E+03 0.464312900000E+03 0.463538400000E+03 0.462464000000E+03 0.461537000000E+03 0.460790900000E+03 0.460014800000E+03 0.458966400000E+03 0.458000700000E+03 0.456978400000E+03 0.456045300000E+03 0.454940900000E+03 0.454412000000E+03 0.453616700000E+03 0.452954300000E+03 0.452488300000E+03 0.451300000000E+03 0.451157200000E+03 0.450276800000E+03 0.449541500000E+03 0.448954900000E+03 0.448090500000E+03 0.447032600000E+03 0.446198000000E+03 0.445764600000E+03 0.445330200000E+03 0.444940100000E+03 0.444372600000E+03 0.443713300000E+03 0.443531100000E+03 0.443820400000E+03 0.444286200000E+03 0.444605300000E+03 0.445143800000E+03 0.445851200000E+03 0.446691700000E+03 0.447613500000E+03 0.448844700000E+03 0.449556800000E+03 0.449582800000E+03 0.448904500000E+03 0.447774300000E+03 0.446657400000E+03
