doc/content/FromLiterature/LaCecilia_2022_HP/prepro/dem
north:     0
south:           0.00000000
east:      0
west:            0.00000000
rows:    123
cols:    110
[rows 95 to 113 of 123, columns 0 to 42 of 110]
0.000000000000E+00 0.000000000000E+00 0.000000000000E+00 0.000000000000E+00 0.000000000000E+00 0.492715800000E+03 0.491458700000E+03 0.491038500000E+03 0.489792500000E+03 0.488948200000E+03 0.488093400000E+03 0.487593500000E+03 0.486828900000E+03 0.486363300000E+03 0.486340100000E+03 0.486264300000E+03 0.486042800000E+03 0.485871900000E+03 0.485365100000E+03 0.484699500000E+03 0.483809300000E+03 0.483099700000E+03 0.482547800000E+03 0.481765500000E+03 0.481386700000E+03 0.481340400000E+03 0.481286400000E+03 0.481305400000E+03 0.481041500000E+03 0.481128100000E+03 0.481655800000E+03 0.482194200000E+03 0.482510000000E+03 0.482980200000E+03 0.483183900000E+03 0.483305100000E+03 0.482864300000E+03 0.482557200000E+03 0.482115800000E+03 0.481823100000E+03 0.481526500000E+03 0.481028000000E+03 0.480647200000E+03
0.000000000000E+00 0.000000000000E+00 0.000000000000E+00 0.000000000000E+00 0.493332800000E+03 0.493139100000E+03 0.492234100000E+03 0.491243500000E+03 0.490248500000E+03 0.489243100000E+03 0.488511100000E+03 0.487845600000E+03 0.487252200000E+03 0.486492700000E+03 0.486359200000E+03 0.486285000000E+03 0.486270900000E+03 0.485994900000E+03 0.485550800000E+03 0.484782100000E+03 0.484035600000E+03 0.483344200000E+03 0.482424400000E+03 0.481963800000E+03 0.481592200000E+03 0.481706900000E+03 0.482090200000E+03 0.481667200000E+03 0.481583700000E+03 0.481852200000E+03 0.481989300000E+03 0.482668000000E+03 0.483131700000E+03 0.483395500000E+03 0.483332000000E+03 0.483354500000E+03 0.483024600000E+03 0.482639000000E+03 0.481951900000E+03 0.481565200000E+03 0.481068000000E+03 0.480620800000E+03 0.480386500000E+03
0.000000000000E+00 0.000000000000E+00 0.000000000000E+00 0.000000000000E+00 0.493117300000E+03 0.493115600000E+03 0.492354600000E+03 0.491403500000E+03 0.490599600000E+03 0.489714800000E+03 0.488931700000E+03 0.488075300000E+03 0.487463300000E+03 0.486787300000E+03 0.486410200000E+03 0.486432200000E+03 0.486470500000E+03 0.486183900000E+03 0.485739500000E+03 0.484998200000E+03 0.484405400000E+03 0.483863400000E+03 0.483320900000E+03 0.482874800000E+03 0.482521000000E+03 0.482335800000E+03 0.482303300000E+03 0.482009400000E+03 0.481763400000E+03 0.482254900000E+03 0.482713600000E+03 0.483041900000E+03 0.483356400000E+03 0.483640600000E+03 0.483781200000E+03 0.483547700000E+03 0.483218200000E+03 0.482606700000E+03 0.481917500000E+03 0.481652600000E+03 0.480984100000E+03 0.480732600000E+03 0.480553500000E+03
0.000000000000E+00 0.000000000000E+00 0.000000000000E+00 0.493131900000E+03 0.492627500000E+03 0.492246600000E+03 0.491969900000E+03 0.491306900000E+03 0.490674000000E+03 0.490125200000E+03 0.489302900000E+03 0.488480100000E+03 0.487685100000E+03 0.487143900000E+03 0.486518200000E+03 0.486508700000E+03 0.486476100000E+03 0.486276200000E+03 0.485811000000E+03 0.485382300000E+03 0.484633300000E+03 0.484149000000E+03 0.483517400000E+03 0.483377800000E+03 0.483283900000E+03 0.483179100000E+03 0.483207400000E+03 0.482362100000E+03 0.482492300000E+03 0.482817500000E+03 0.483277800000E+03 0.483531000000E+03 0.483470600000E+03 0.483591300000E+03 0.483713700000E+03 0.483584600000E+03 0.483280200000E+03 0.482759400000E+03 0.482208100000E+03 0.481552100000E+03 0.481165500000E+03 0.480987100000E+03 0.480744000000E+03
0.000000000000E+00 0.000000000000E+00 0.000000000000E+00 0.492855500000E+03 0.492248700000E+03 0.492067700000E+03 0.491522700000E+03 0.491172500000E+03 0.490685800000E+03 0.490166500000E+03 0.489671500000E+03 0.488809400000E+03 0.488001000000E+03 0.487425000000E+03 0.486874700000E+03 0.486765900000E+03 0.486492700000E+03 0.486396500000E+03 0.486223600000E+03 0.485771300000E+03 0.485133500000E+03 0.484573400000E+03 0.484065400000E+03 0.483286500000E+03 0.483479800000E+03 0.483434200000E+03 0.483086800000E+03 0.482824200000E+03 0.482855600000E+03 0.483461400000E+03 0.483281400000E+03 0.483550700000E+03 0.483558100000E+03 0.483342600000E+03 0.483318100000E+03 0.483454700000E+03 0.483146900000E+03 0.482744600000E+03 0.482513000000E+03 0.481834700000E+03 0.481393600000E+03 0.481254200000E+03 0.481121700000E+03
0.000000000000E+00 0.000000000000E+00 0.000000000000E+00 0.492640500000E+03 0.491848200000E+03 0.491801900000E+03 0.491346000000E+03 0.490945700000E+03 0.490514500000E+03 0.490098500000E+03 0.489429800000E+03 0.489007700000E+03 0.488503400000E+03 0.487799100000E+03 0.487193500000E+03 0.486976600000E+03 0.486847800000E+03 0.486492800000E+03 0.486509900000E+03 0.485676100000E+03 0.485092700000E+03 0.484311200000E+03 0.484251200000E+03 0.484102300000E+03 0.483844100000E+03 0.483610100000E+03 0.483037500000E+03 0.482826600000E+03 0.482839400000E+03 0.483162200000E+03 0.483351900000E+03 0.483150900000E+03 0.483323500000E+03 0.483364500000E+03 0.483018200000E+03 0.483150700000E+03 0.482303100000E+03 0.482634200000E+03 0.482441400000E+03 0.482074800000E+03 0.481874000000E+03 0.481706400000E+03 0.481160900000E+03
0.000000000000E+00 0.000000000000E+00 0.000000000000E+00 0.492223000000E+03 0.491677100000E+03 0.491180500000E+03 0.490784200000E+03 0.490499800000E+03 0.490122600000E+03 0.489776200000E+03 0.489399000000E+03 0.488950600000E+03 0.488523500000E+03 0.488274500000E+03 0.487512800000E+03 0.487289700000E+03 0.487243000000E+03 0.487164900000E+03 0.486446600000E+03 0.485771300000E+03 0.485114300000E+03 0.484101800000E+03 0.484384100000E+03 0.484412800000E+03 0.484300700000E+03 0.483926500000E+03 0.483275500000E+03 0.482886000000E+03 0.482828900000E+03 0.483017200000E+03 0.483161600000E+03 0.483148000000E+03 0.483170200000E+03 0.482850700000E+03 0.482737400000E+03 0.482703300000E+03 0.482517500000E+03 0.482277000000E+03 0.482109600000E+03 0.482031400000E+03 0.481893700000E+03 0.481845700000E+03 0.481492300000E+03
0.000000000000E+00 0.000000000000E+00 0.493386800000E+03 0.492490900000E+03 0.491679800000E+03 0.491395100000E+03 0.490805500000E+03 0.490166200000E+03 0.489753800000E+03 0.489353200000E+03 0.489070700000E+03 0.488831800000E+03 0.488474200000E+03 0.488199200000E+03 0.488163300000E+03 0.487833200000E+03 0.487428800000E+03 0.487181400000E+03 0.486330100000E+03 0.485783700000E+03 0.485167800000E+03 0.484579400000E+03 0.484099200000E+03 0.484308900000E+03 0.484405400000E+03 0.484068600000E+03 0.483607000000E+03 0.482831500000E+03 0.482829200000E+03 0.482831500000E+03 0.482879500000E+03 0.483063100000E+03 0.483030300000E+03 0.482996700000E+03 0.482750600000E+03 0.482729600000E+03 0.482531100000E+03 0.482297200000E+03 0.482138300000E+03 0.482038400000E+03 0.481982700000E+03 0.481678900000E+03 0.481727900000E+03
0.000000000000E+00 0.000000000000E+00 0.493851000000E+03 0.492597400000E+03 0.492010100000E+03 0.491619000000E+03 0.491251200000E+03 0.490649300000E+03 0.489951600000E+03 0.489269300000E+03 0.488673600000E+03 0.488607200000E+03 0.488547100000E+03 0.488638000000E+03 0.488249800000E+03 0.488224000000E+03 0.487784500000E+03 0.487398600000E+03 0.486843000000E+03 0.486020900000E+03 0.485172100000E+03 0.484758600000E+03 0.484096600000E+03 0.484524700000E+03 0.484306800000E+03 0.483927600000E+03 0.483599400000E+03 0.483095600000E+03 0.482994800000E+03 0.482906200000E+03 0.483067000000E+03 0.483109600000E+03 0.483037200000E+03 0.483022700000E+03 0.482944200000E+03 0.482926300000E+03 0.482948300000E+03 0.482575200000E+03 0.482084200000E+03 0.482094100000E+03 0.481943700000E+03 0.481681500000E+03 0.482029700000E+03
0.000000000000E+00 0.000000000000E+00 0.494242400000E+03 0.493158800000E+03 0.492468600000E+03 0.491967900000E+03 0.491502600000E+03 0.491064500000E+03 0.490427600000E+03 0.489577200000E+03 0.489172100000E+03 0.488953900000E+03 0.489222100000E+03 0.488854200000E+03 0.488872300000E+03 0.488785900000E+03 0.487986300000E+03 0.487773900000E+03 0.486785500000E+03 0.485515300000E+03 0.485582800000E+03 0.484832500000E+03 0.484139800000E+03 0.484011700000E+03 0.484099900000E+03 0.483624000000E+03 0.483659700000E+03 0.483410300000E+03 0.483185600000E+03 0.482907800000E+03 0.482908800000E+03 0.482910400000E+03 0.483324300000E+03 0.483068400000E+03 0.483439300000E+03 0.483194700000E+03 0.483048200000E+03 0.482736000000E+03 0.482412800000E+03 0.482263700000E+03 0.481949700000E+03 0.482165900000E+03 0.482108800000E+03
0.000000000000E+00 0.000000000000E+00 0.495040100000E+03 0.494045300000E+03 0.493124000000E+03 0.492398000000E+03 0.491916900000E+03 0.491417600000E+03 0.490830000000E+03 0.490016900000E+03 0.489725000000E+03 0.489729000000E+03 0.489496500000E+03 0.489498000000E+03 0.489365600000E+03 0.488748300000E+03 0.488529400000E+03 0.487765000000E+03 0.486862800000E+03 0.486333200000E+03 0.485500000000E+03 0.484945500000E+03 0.483936500000E+03 0.483762200000E+03 0.483759600000E+03 0.483826100000E+03 0.483678700000E+03 0.483511400000E+03 0.483278000000E+03 0.482968200000E+03 0.482908500000E+03 0.482911100000E+03 0.483338800000E+03 0.483278100000E+03 0.483344700000E+03 0.483360800000E+03 0.482844600000E+03 0.482442100000E+03 0.482349900000E+03 0.482168300000E+03 0.482328700000E+03 0.482225000000E+03 0.482210500000E+03
0.000000000000E+00 0.000000000000E+00 0.495135500000E+03 0.494517200000E+03 0.493483400000E+03 0.492643500000E+03 0.492162400000E+03 0.491603700000E+03 0.490947200000E+03 0.490572900000E+03 0.490528100000E+03 0.490264900000E+03 0.489962400000E+03 0.490106500000E+03 0.489780200000E+03 0.489165600000E+03 0.488676700000E+03 0.487918600000E+03 0.487379900000E+03 0.486414300000E+03 0.485369800000E+03 0.485102200000E+03 0.484361100000E+03 0.484206200000E+03 0.483956500000E+03 0.483923200000E+03 0.483759500000E+03 0.483761900000E+03 0.483400300000E+03 0.483116400000E+03 0.482937600000E+03 0.483499800000E+03 0.483514900000E+03 0.483491400000E+03 0.483418300000E+03 0.483187600000E+03 0.482681200000E+03 0.482673500000E+03 0.482315100000E+03 0.482278000000E+03 0.482169600000E+03 0.482214600000E+03 0.482180300000E+03
0.000000000000E+00 0.495420700000E+03 0.494968400000E+03 0.494448700000E+03 0.493487200000E+03 0.492599900000E+03 0.492253100000E+03 0.491685500000E+03 0.491133100000E+03 0.491087700000E+03 0.490881300000E+03 0.490891000000E+03 0.490879000000E+03 0.490529200000E+03 0.490292800000E+03 0.489120600000E+03 0.488728500000E+03 0.488052200000E+03 0.487279600000E+03 0.486134900000E+03 0.485612100000E+03 0.484680600000E+03 0.484507100000E+03 0.484579100000E+03 0.483734200000E+03 0.483553600000E+03 0.483526300000E+03 0.483366600000E+03 0.483675400000E+03 0.483250600000E+03 0.483229600000E+03 0.483601000000E+03 0.483311300000E+03 0.483184200000E+03 0.483111000000E+03 0.483086900000E+03 0.482581600000E+03 0.482359200000E+03 0.482453800000E+03 0.482499100000E+03 0.482161700000E+03 0.482029600000E+03 0.481823800000E+03
0.000000000000E+00 0.495818200000E+03 0.494694700000E+03 0.494307100000E+03 0.493040800000E+03 0.492621100000E+03 0.492136800000E+03 0.491703000000E+03 0.491612600000E+03 0.491388800000E+03 0.491535200000E+03 0.491388800000E+03 0.491307400000E+03 0.491107100000E+03 0.490379600000E+03 0.489722700000E+03 0.488864600000E+03 0.487937500000E+03 0.487122400000E+03 0.486350400000E+03 0.485933300000E+03 0.485446800000E+03 0.484920400000E+03 0.484416300000E+03 0.484143400000E+03 0.483442100000E+03 0.483318500000E+03 0.483255600000E+03 0.483253200000E+03 0.483361000000E+03 0.483563000000E+03 0.483698600000E+03 0.483404300000E+03 0.483113600000E+03 0.483133700000E+03 0.482916300000E+03 0.482780300000E+03 0.482652900000E+03 0.482476400000E+03 0.482229500000E+03 0.482463900000E+03 0.482338800000E+03 0.000000000000E+00
0.000000000000E+00 0.495896600000E+03 0.494583500000E+03 0.493865000000E+03 0.493263500000E+03 0.492600200000E+03 0.492054000000E+03 0.491867600000E+03 0.491604000000E+03 0.491947700000E+03 0.491865300000E+03 0.491917400000E+03 0.491872400000E+03 0.491283400000E+03 0.490543400000E+03 0.489579700000E+03 0.488644300000E+03 0.487865900000E+03 0.487191100000E+03 0.486741900000E+03 0.486349700000E+03 0.485506800000E+03 0.485350900000E+03 0.484966200000E+03 0.484262000000E+03 0.483264500000E+03 0.483304800000E+03 0.483255800000E+03 0.483368200000E+03 0.483673300000E+03 0.483903700000E+03 0.484063200000E+03 0.483514400000E+03 0.483279800000E+03 0.483207400000E+03 0.482810900000E+03 0.482959800000E+03 0.482637000000E+03 0.482342800000E+03 0.482270400000E+03 0.482368100000E+03 0.000000000000E+00 0.000000000000E+00
0.000000000000E+00 0.496008200000E+03 0.494526600000E+03 0.494163800000E+03 0.493405300000E+03 0.492639100000E+03 0.492351800000E+03 0.491648100000E+03 0.491889300000E+03 0.492102400000E+03 0.492095900000E+03 0.491990100000E+03 0.491918300000E+03 0.491066600000E+03 0.490069000000E+03 0.489247600000E+03 0.488092300000E+03 0.487600800000E+03 0.486999400000E+03 0.486832700000E+03 0.486582000000E+03 0.486237100000E+03 0.485504000000E+03 0.484839600000E+03 0.484402200000E+03 0.483418600000E+03 0.483258400000E+03 0.483267000000E+03 0.483331500000E+03 0.483929100000E+03 0.484041700000E+03 0.484013500000E+03 0.483499600000E+03 0.483285200000E+03 0.483326400000E+03 0.483188300000E+03 0.483210800000E+03 0.482508900000E+03 0.482276000000E+03 0.482363100000E+03 0.482580700000E+03 0.000000000000E+00 0.000000000000E+00
0.000000000000E+00 0.495628400000E+03 0.495252900000E+03 0.494359500000E+03 0.493516100000E+03 0.493141700000E+03 0.492428500000E+03 0.492126900000E+03 0.491989800000E+03 0.492251100000E+03 0.491854700000E+03 0.491873600000E+03 0.491153200000E+03 0.490360200000E+03 0.489759300000E+03 0.488777400000E+03 0.488235400000E+03 0.487626500000E+03 0.487019000000E+03 0.486720900000E+03 0.486530400000E+03 0.485969400000E+03 0.485587300000E+03 0.485052500000E+03 0.483915800000E+03 0.483261000000E+03 0.483486500000E+03 0.483507900000E+03 0.483740700000E+03 0.484019600000E+03 0.484163700000E+03 0.484129800000E+03 0.483478700000E+03 0.483371600000E+03 0.483535400000E+03 0.483764500000E+03 0.483507100000E+03 0.483178100000E+03 0.482276500000E+03 0.482462600000E+03 0.482571100000E+03 0.000000000000E+00 0.000000000000E+00
0.496014300000E+03 0.495924200000E+03 0.495426300000E+03 0.494773500000E+03 0.494201800000E+03 0.493515600000E+03 0.493064500000E+03 0.492678200000E+03 0.492469800000E+03 0.492520400000E+03 0.491728900000E+03 0.491341400000E+03 0.490197900000E+03 0.490306900000E+03 0.489339800000E+03 0.488705700000E+03 0.488005900000E+03 0.487442000000E+03 0.486906800000E+03 0.486647000000E+03 0.486200200000E+03 0.485734200000E+03 0.485386600000E+03 0.484335200000E+03 0.483883200000E+03 0.483819300000E+03 0.483850400000E+03 0.483909300000E+03 0.483706500000E+03 0.483865500000E+03 0.484243700000E+03 0.484193700000E+03 0.483563800000E+03 0.483448000000E+03 0.483629200000E+03 0.484319100000E+03 0.483388800000E+03 0.482364100000E+03 0.482277800000E+03 0.482279100000E+03 0.482372700000E+03 0.000000000000E+00 0.000000000000E+00
0.000000000000E+00 0.495945500000E+03 0.495662400000E+03 0.495110600000E+03 0.494669300000E+03 0.493830000000E+03 0.493366200000E+03 0.493044400000E+03 0.492502300000E+03 0.492405800000E+03 0.491919600000E+03 0.491235300000E+03 0.490702500000E+03 0.490014900000E+03 0.489528500000E+03 0.488837700000E+03 0.487449600000E+03 0.487406200000E+03 0.486931500000E+03 0.486547000000E+03 0.486029000000E+03 0.485691600000E+03 0.484928300000E+03 0.484331800000E+03 0.484231500000E+03 0.484351600000E+03 0.484224900000E+03 0.483854000000E+03 0.483709100000E+03 0.483708100000E+03 0.483903300000E+03 0.483945900000E+03 0.484133900000E+03 0.483781400000E+03 0.483387500000E+03 0.483124100000E+03 0.482900300000E+03 0.482441700000E+03 0.482280400000E+03 0.482312800000E+03 0.000000000000E+00 0.000000000000E+00 0.000000000000E+00
