doc/content/FromLiterature/LaCecilia_2022_HP/prepro/dem
north:     0
south:           0.00000000
east:      0
west:            0.00000000
rows:    123
cols:    110
[rows 76 to 94 of 123, columns 0 to 42 of 110]
0.000000000000E+00 0.000000000000E+00 0.000000000000E+00 0.000000000000E+00 0.000000000000E+00 0.000000000000E+00 0.000000000000E+00 0.000000000000E+00 0.000000000000E+00 0.000000000000E+00 0.482524600000E+03 0.482365800000E+03 0.481910700000E+03 0.481542700000E+03 0.481145600000E+03 0.480772300000E+03 0.480400600000E+03 0.479700300000E+03 0.479267600000E+03 0.478908300000E+03 0.478466200000E+03 0.478331200000E+03 0.477959300000E+03 0.477338300000E+03 0.477038900000E+03 0.476436800000E+03 0.475963800000E+03 0.475462700000E+03 0.474934200000E+03 0.474213600000E+03 0.470344400000E+03 0.466772900000E+03 0.469279500000E+03 0.472945500000E+03 0.471881000000E+03 0.473077000000E+03 0.471728100000E+03 0.471048100000E+03 0.470393300000E+03 0.469621800000E+03 0.467824400000E+03 0.467935200000E+03 0.467393000000E+03
0.000000000000E+00 0.000000000000E+00 0.000000000000E+00 0.000000000000E+00 0.000000000000E+00 0.000000000000E+00 0.000000000000E+00 0.000000000000E+00 0.000000000000E+00 0.000000000000E+00 0.483182100000E+03 0.482897200000E+03 0.482348800000E+03 0.482080900000E+03 0.481804500000E+03 0.481181600000E+03 0.480613800000E+03 0.480336000000E+03 0.479764000000E+03 0.479167100000E+03 0.478980300000E+03 0.478665900000E+03 0.478361800000E+03 0.477812600000E+03 0.477296900000E+03 0.476712600000E+03 0.476121300000E+03 0.475894600000E+03 0.475303500000E+03 0.474733200000E+03 0.474710100000E+03 0.470427200000E+03 0.469422500000E+03 0.472509600000E+03 0.472453900000E+03 0.473666400000E+03 0.473624000000E+03 0.473086500000E+03 0.471361700000E+03 0.470617800000E+03 0.470499600000E+03 0.469495600000E+03 0.468634500000E+03
0.000000000000E+00 0.000000000000E+00 0.000000000000E+00 0.000000000000E+00 0.000000000000E+00 0.000000000000E+00 0.000000000000E+00 0.000000000000E+00 0.000000000000E+00 0.483750400000E+03 0.483762800000E+03 0.483448600000E+03 0.482923200000E+03 0.482625200000E+03 0.482980000000E+03 0.481589800000E+03 0.481088200000E+03 0.480934500000E+03 0.480474200000E+03 0.479810400000E+03 0.479524200000E+03 0.479016800000E+03 0.478573100000E+03 0.478111800000E+03 0.477546900000E+03 0.477153600000E+03 0.476743800000E+03 0.476074900000E+03 0.475873700000E+03 0.475362700000E+03 0.474762300000E+03 0.470479100000E+03 0.469555500000E+03 0.474332400000E+03 0.474405300000E+03 0.474232100000E+03 0.474023300000E+03 0.473829400000E+03 0.473511400000E+03 0.472386500000E+03 0.471460900000E+03 0.470827200000E+03 0.470171600000E+03
0.000000000000E+00 0.000000000000E+00 0.000000000000E+00 0.000000000000E+00 0.000000000000E+00 0.000000000000E+00 0.000000000000E+00 0.000000000000E+00 0.000000000000E+00 0.484501700000E+03 0.484167900000E+03 0.484001000000E+03 0.483508700000E+03 0.483229000000E+03 0.482725700000E+03 0.481918600000E+03 0.481505600000E+03 0.481326800000E+03 0.480766900000E+03 0.480209200000E+03 0.479760500000E+03 0.479320500000E+03 0.478954200000E+03 0.478571400000E+03 0.478013200000E+03 0.477648900000E+03 0.477067700000E+03 0.476726100000E+03 0.476472700000E+03 0.475519100000E+03 0.474850600000E+03 0.471933400000E+03 0.469558100000E+03 0.474570500000E+03 0.474466000000E+03 0.475075700000E+03 0.474707600000E+03 0.474115800000E+03 0.474209400000E+03 0.473688000000E+03 0.473383100000E+03 0.472228700000E+03 0.471358800000E+03
0.000000000000E+00 0.000000000000E+00 0.000000000000E+00 0.000000000000E+00 0.000000000000E+00 0.000000000000E+00 0.000000000000E+00 0.000000000000E+00 0.485228000000E+03 0.485143400000E+03 0.484794200000E+03 0.484470500000E+03 0.484058400000E+03 0.483549800000E+03 0.483004900000E+03 0.482719300000E+03 0.481978400000E+03 0.481516100000E+03 0.480990400000E+03 0.480697300000E+03 0.480247700000E+03 0.479613500000E+03 0.479141800000E+03 0.478767300000E+03 0.478488900000E+03 0.478025200000E+03 0.477633900000E+03 0.477383200000E+03 0.476685000000E+03 0.475958900000E+03 0.475210400000E+03 0.472223500000E+03 0.472029500000E+03 0.475826100000E+03 0.475199200000E+03 0.475344600000E+03 0.475310300000E+03 0.475412800000E+03 0.475023000000E+03 0.474742800000E+03 0.474509200000E+03 0.474033300000E+03 0.472730200000E+03
0.000000000000E+00 0.000000000000E+00 0.000000000000E+00 0.000000000000E+00 0.000000000000E+00 0.000000000000E+00 0.000000000000E+00 0.000000000000E+00 0.485868900000E+03 0.485684600000E+03 0.485420700000E+03 0.485126000000E+03 0.484728900000E+03 0.484101100000E+03 0.483504200000E+03 0.483082600000E+03 0.482578900000E+03 0.481971600000E+03 0.481400700000E+03 0.480917500000E+03 0.480707900000E+03 0.480067300000E+03 0.479542600000E+03 0.479054300000E+03 0.478670400000E+03 0.478416000000E+03 0.478000900000E+03 0.477617600000E+03 0.477122400000E+03 0.476482800000E+03 0.475818600000E+03 0.472661000000E+03 0.472032100000E+03 0.475412200000E+03 0.476066900000E+03 0.476339800000E+03 0.476152100000E+03 0.475907000000E+03 0.475785200000E+03 0.475867500000E+03 0.475309800000E+03 0.474579400000E+03 0.474015500000E+03
0.000000000000E+00 0.000000000000E+00 0.000000000000E+00 0.000000000000E+00 0.000000000000E+00 0.000000000000E+00 0.000000000000E+00 0.487186400000E+03 0.486808300000E+03 0.486449200000E+03 0.486206300000E+03 0.485918700000E+03 0.485325200000E+03 0.484583300000E+03 0.483903800000E+03 0.483238600000E+03 0.482941100000E+03 0.482453300000E+03 0.481931400000E+03 0.481381500000E+03 0.480970400000E+03 0.480485000000E+03 0.479933100000E+03 0.479543100000E+03 0.479208600000E+03 0.478667700000E+03 0.478388700000E+03 0.477948800000E+03 0.477244500000E+03 0.476787700000E+03 0.476664000000E+03 0.472034700000E+03 0.475943800000E+03 0.475971600000E+03 0.476498900000E+03 0.476825700000E+03 0.477155500000E+03 0.477039700000E+03 0.476543400000E+03 0.476426400000E+03 0.476240400000E+03 0.476064300000E+03 0.474941100000E+03
0.000000000000E+00 0.000000000000E+00 0.000000000000E+00 0.000000000000E+00 0.000000000000E+00 0.000000000000E+00 0.487953100000E+03 0.487699600000E+03 0.487501300000E+03 0.487154200000E+03 0.486849200000E+03 0.486501100000E+03 0.485798100000E+03 0.485389800000E+03 0.484258100000E+03 0.483782800000E+03 0.483108200000E+03 0.482663800000E+03 0.482243700000E+03 0.481838400000E+03 0.481362000000E+03 0.480768600000E+03 0.480390300000E+03 0.479881600000E+03 0.479431100000E+03 0.478981100000E+03 0.478514800000E+03 0.478014000000E+03 0.477548200000E+03 0.477216600000E+03 0.477079800000E+03 0.476238000000E+03 0.472652800000E+03 0.476743900000E+03 0.476910100000E+03 0.477249200000E+03 0.477587500000E+03 0.477744600000E+03 0.477585700000E+03 0.477275900000E+03 0.476948200000E+03 0.476771700000E+03 0.475937600000E+03
0.000000000000E+00 0.000000000000E+00 0.000000000000E+00 0.000000000000E+00 0.000000000000E+00 0.000000000000E+00 0.488470800000E+03 0.488276200000E+03 0.487886500000E+03 0.487658800000E+03 0.487368200000E+03 0.486838400000E+03 0.486320600000E+03 0.485796300000E+03 0.484941200000E+03 0.484103400000E+03 0.483468600000E+03 0.482946400000E+03 0.482492300000E+03 0.482092300000E+03 0.481508100000E+03 0.481021800000E+03 0.480454100000E+03 0.480155500000E+03 0.479600900000E+03 0.479091700000E+03 0.478674100000E+03 0.478250200000E+03 0.477872800000E+03 0.477444300000E+03 0.477170900000E+03 0.476849500000E+03 0.472653000000E+03 0.477292500000E+03 0.477458500000E+03 0.477828400000E+03 0.478026500000E+03 0.478231200000E+03 0.478421800000E+03 0.478412000000E+03 0.477965900000E+03 0.477594500000E+03 0.477087800000E+03
0.000000000000E+00 0.000000000000E+00 0.000000000000E+00 0.000000000000E+00 0.000000000000E+00 0.489090400000E+03 0.488825500000E+03 0.488596300000E+03 0.488268700000E+03 0.488018500000E+03 0.487656600000E+03 0.487119700000E+03 0.486691000000E+03 0.486006600000E+03 0.485202200000E+03 0.484491400000E+03 0.483984600000E+03 0.483387800000E+03 0.482776500000E+03 0.482267100000E+03 0.481626600000E+03 0.481182900000E+03 0.480816200000E+03 0.480383600000E+03 0.479726000000E+03 0.479221700000E+03 0.478816500000E+03 0.478419500000E+03 0.477922800000E+03 0.477554000000E+03 0.477128000000E+03 0.476521500000E+03 0.472655600000E+03 0.477522800000E+03 0.477883800000E+03 0.478361500000E+03 0.478527000000E+03 0.478990000000E+03 0.479415400000E+03 0.479422400000E+03 0.478642600000E+03 0.478608400000E+03 0.477959700000E+03
0.000000000000E+00 0.000000000000E+00 0.000000000000E+00 0.000000000000E+00 0.000000000000E+00 0.489214900000E+03 0.488868000000E+03 0.488950300000E+03 0.488757000000E+03 0.488372700000E+03 0.487881900000E+03 0.487188600000E+03 0.486702200000E+03 0.486068800000E+03 0.485424400000E+03 0.484709000000E+03 0.484124000000E+03 0.483575100000E+03 0.482886400000E+03 0.482338500000E+03 0.481850900000E+03 0.481385200000E+03 0.480856400000E+03 0.480502300000E+03 0.479901100000E+03 0.479373500000E+03 0.478987300000E+03 0.478682600000E+03 0.477906600000E+03 0.477236100000E+03 0.477242200000E+03 0.472658200000E+03 0.477013900000E+03 0.477701500000E+03 0.478064800000E+03 0.478487900000E+03 0.478906800000E+03 0.479478700000E+03 0.479511200000E+03 0.479662700000E+03 0.479521100000E+03 0.478861100000E+03 0.478733900000E+03
0.000000000000E+00 0.000000000000E+00 0.000000000000E+00 0.000000000000E+00 0.000000000000E+00 0.489341500000E+03 0.489165400000E+03 0.488900900000E+03 0.488815900000E+03 0.488568300000E+03 0.488228400000E+03 0.487406700000E+03 0.486981400000E+03 0.486177500000E+03 0.485474400000E+03 0.484873800000E+03 0.484342500000E+03 0.483542400000E+03 0.483124100000E+03 0.482553100000E+03 0.481832000000E+03 0.481418100000E+03 0.480932000000E+03 0.480388800000E+03 0.479843700000E+03 0.479388900000E+03 0.479127900000E+03 0.478540600000E+03 0.477678300000E+03 0.477126000000E+03 0.477093200000E+03 0.477453500000E+03 0.477837600000E+03 0.477901200000E+03 0.478418600000E+03 0.478670900000E+03 0.479128800000E+03 0.479429700000E+03 0.479843700000E+03 0.479821400000E+03 0.479763200000E+03 0.480140600000E+03 0.479188000000E+03
0.000000000000E+00 0.000000000000E+00 0.000000000000E+00 0.000000000000E+00 0.000000000000E+00 0.489451400000E+03 0.489313000000E+03 0.489211400000E+03 0.488860000000E+03 0.488410900000E+03 0.487966500000E+03 0.487365700000E+03 0.487000300000E+03 0.486518600000E+03 0.488126700000E+03 0.485131000000E+03 0.484343800000E+03 0.483839500000E+03 0.483271300000E+03 0.482547300000E+03 0.482071200000E+03 0.481403300000E+03 0.480817700000E+03 0.480305700000E+03 0.479668500000E+03 0.479121100000E+03 0.478802800000E+03 0.478149900000E+03 0.477800600000E+03 0.477662800000E+03 0.478011100000E+03 0.478048100000E+03 0.478184800000E+03 0.478130600000E+03 0.478467900000E+03 0.478855100000E+03 0.479368800000E+03 0.479751700000E+03 0.480166500000E+03 0.480360500000E+03 0.480700600000E+03 0.480369500000E+03 0.479878900000E+03
0.000000000000E+00 0.000000000000E+00 0.000000000000E+00 0.000000000000E+00 0.000000000000E+00 0.489574000000E+03 0.489551000000E+03 0.489413400000E+03 0.489013300000E+03 0.488560800000E+03 0.487927000000E+03 0.487226600000E+03 0.486734900000E+03 0.486224300000E+03 0.485867800000E+03 0.485482100000E+03 0.484912300000E+03 0.484042900000E+03 0.483456100000E+03 0.482689300000E+03 0.482110700000E+03 0.481499000000E+03 0.480954400000E+03 0.480262200000E+03 0.479684400000E+03 0.479019500000E+03 0.478560000000E+03 0.478617700000E+03 0.478266000000E+03 0.478303900000E+03 0.478276700000E+03 0.478444700000E+03 0.478389500000E+03 0.478518900000E+03 0.478955100000E+03 0.479281000000E+03 0.479567200000E+03 0.480023500000E+03 0.480622300000E+03 0.480715800000E+03 0.481032400000E+03 0.480744800000E+03 0.480268300000E+03
0.000000000000E+00 0.000000000000E+00 0.000000000000E+00 0.000000000000E+00 0.000000000000E+00 0.489821400000E+03 0.489732000000E+03 0.489587000000E+03 0.489269100000E+03 0.488517400000E+03 0.487845900000E+03 0.487189100000E+03 0.486781000000E+03 0.486299900000E+03 0.485978600000E+03 0.485596500000E+03 0.485012800000E+03 0.484423000000E+03 0.483969500000E+03 0.483127700000E+03 0.482340200000E+03 0.481715000000E+03 0.481136200000E+03 0.480421500000E+03 0.479781500000E+03 0.479119500000E+03 0.479140300000E+03 0.478644000000E+03 0.478268600000E+03 0.478637100000E+03 0.478719900000E+03 0.478539000000E+03 0.478963300000E+03 0.479022800000E+03 0.479436200000E+03 0.479660000000E+03 0.480007500000E+03 0.480388100000E+03 0.480868500000E+03 0.481279100000E+03 0.481257000000E+03 0.481132900000E+03 0.480732100000E+03
0.000000000000E+00 0.000000000000E+00 0.000000000000E+00 0.000000000000E+00 0.000000000000E+00 0.489934100000E+03 0.489741400000E+03 0.489501400000E+03 0.489149100000E+03 0.488609400000E+03 0.487891500000E+03 0.487298600000E+03 0.486700100000E+03 0.486434200000E+03 0.486019100000E+03 0.485715500000E+03 0.485268300000E+03 0.484547900000E+03 0.484013500000E+03 0.483454300000E+03 0.482835100000E+03 0.482227300000E+03 0.481296700000E+03 0.480556000000E+03 0.479990500000E+03 0.479516900000E+03 0.479048700000E+03 0.478836800000E+03 0.478598800000E+03 0.479045700000E+03 0.479255700000E+03 0.479304800000E+03 0.479416600000E+03 0.479799800000E+03 0.479916800000E+03 0.480416200000E+03 0.480351400000E+03 0.480971500000E+03 0.481172100000E+03 0.481494400000E+03 0.481471800000E+03 0.481259600000E+03 0.480801200000E+03
0.000000000000E+00 0.000000000000E+00 0.000000000000E+00 0.000000000000E+00 0.000000000000E+00 0.490085600000E+03 0.489841000000E+03 0.489426000000E+03 0.489038100000E+03 0.488584700000E+03 0.487938600000E+03 0.487380300000E+03 0.486928500000E+03 0.486558800000E+03 0.486080300000E+03 0.485791000000E+03 0.485461700000E+03 0.485040400000E+03 0.484491700000E+03 0.483815900000E+03 0.483206300000E+03 0.482380300000E+03 0.481581100000E+03 0.481026300000E+03 0.480612200000E+03 0.479646900000E+03 0.479525900000E+03 0.479524300000E+03 0.479189900000E+03 0.479724500000E+03 0.479627100000E+03 0.480087600000E+03 0.480075900000E+03 0.480668700000E+03 0.480780600000E+03 0.480994100000E+03 0.481249500000E+03 0.481401000000E+03 0.481853500000E+03 0.481735000000E+03 0.481688800000E+03 0.481289300000E+03 0.480855700000E+03
0.000000000000E+00 0.000000000000E+00 0.000000000000E+00 0.000000000000E+00 0.000000000000E+00 0.490565300000E+03 0.490307400000E+03 0.489671800000E+03 0.489087600000E+03 0.488586200000E+03 0.487883500000E+03 0.487260700000E+03 0.486748700000E+03 0.486325700000E+03 0.486006900000E+03 0.486064700000E+03 0.485703900000E+03 0.485318500000E+03 0.484968900000E+03 0.484117600000E+03 0.483336000000E+03 0.482753100000E+03 0.481703400000E+03 0.481843900000E+03 0.480339000000E+03 0.479662300000E+03 0.480279000000E+03 0.480131200000E+03 0.480088400000E+03 0.480243500000E+03 0.480470300000E+03 0.480538200000E+03 0.481154300000E+03 0.481710600000E+03 0.481931600000E+03 0.481777600000E+03 0.482157300000E+03 0.482110100000E+03 0.482049700000E+03 0.482015800000E+03 0.481818400000E+03 0.481424300000E+03 0.481197600000E+03
0.000000000000E+00 0.000000000000E+00 0.000000000000E+00 0.000000000000E+00 0.000000000000E+00 0.491492300000E+03 0.490881700000E+03 0.490246900000E+03 0.489294400000E+03 0.488673800000E+03 0.488005500000E+03 0.487291900000E+03 0.486530800000E+03 0.486223300000E+03 0.486285000000E+03 0.485960100000E+03 0.485888900000E+03 0.485524400000E+03 0.485099700000E+03 0.484431200000E+03 0.483494000000E+03 0.482842300000E+03 0.484327400000E+03 0.481265000000E+03 0.480542100000E+03 0.480596000000E+03 0.480534000000E+03 0.480615400000E+03 0.480668500000E+03 0.480753000000E+03 0.481209700000E+03 0.481393000000E+03 0.481724700000E+03 0.482486100000E+03 0.482660500000E+03 0.482723100000E+03 0.482324500000E+03 0.482383400000E+03 0.482127100000E+03 0.481954400000E+03 0.481723300000E+03 0.481288600000E+03 0.480903200000E+03
