doc/content/FromLiterature/LaCecilia_2022_HP/prepro/dtm_Kc.txt
north:     0
south:           0.00000000
east:      0
west:            0.00000000
rows:    123
cols:    110
[rows 36 to 53 of 123, columns 39 to 77 of 110]
-9999.0000000000000 -9999.0000000000000 -9999.0000000000000 -9999.0000000000000 -9999.0000000000000 -9999.0000000000000 -9999.0000000000000 -9999.0000000000000 -9999.0000000000000 -9999.0000000000000 -9999.0000000000000 -9999.0000000000000 -9999.0000000000000 -9999.0000000000000 -9999.0000000000000 -4.9596906259836274E-002 0.20296192921790573 -6.3701591188307760E-002 1.0322960682576220E-002 -2.3057936774162513E-002 -7.9620257737154060E-002 -0.14005279442282448 -0.14154064889419624 -7.1117026572472861E-002 -4.1120450886433846E-002 1.9332312455164916E-003 -1.5998806785190802E-002 -1.1351697956358034E-003 -2.1030908770547994E-002 -4.5196767415624011E-003 -8.8729245575508032E-003 -3.1780048182421625E-002 2.6271145036649894E-002 0.46994226685541168 -8.3350895709431772E-002 0.11759412129062230 -5.0314949220451781E-003 -4.7917575265038759E-002 1.8843410635875246E-002
-9999.0000000000000 -9999.0000000000000 -9999.0000000000000 -9999.0000000000000 -9999.0000000000000 -9999.0000000000000 -9999.0000000000000 -9999.0000000000000 -9999.0000000000000 -9999.0000000000000 -9999.0000000000000 -9999.0000000000000 -9999.0000000000000 -9999.0000000000000 -9999.0000000000000 2.1609782007160332E-002 -6.6461692432808639E-002 0.18089517757824244 -5.3035025167772781E-002 -2.3439704110211772E-002 -3.0497234256233771E-003 -1.0676495058832864E-003 -4.1698433889014876E-002 -2.5260519646583789E-002 -3.6642677429350123E-002 -6.0806845531002740E-002 -2.4081565818596905E-002 -2.1236827734957452E-002 -8.0930294581172003E-003 -3.8160420519477364E-002 4.6666553173813794E-003 2.5841359026676797E-002 -2.4433442448126400E-002 -1.3999096736502091E-002 0.17489098588170687 -1.8168550803815194E-002 -5.8260105903481657E-002 1.4555469097336434E-002 -9.0536303412349708E-003
-9999.0000000000000 -9999.0000000000000 -9999.0000000000000 -9999.0000000000000 -9999.0000000000000 -9999.0000000000000 -9999.0000000000000 -9999.0000000000000 -9999.0000000000000 -9999.0000000000000 -9999.0000000000000 -9999.0000000000000 -9999.0000000000000 -9999.0000000000000 -9999.0000000000000 -1.3272435782872264E-002 1.1286386416515564E-002 -4.8840832836658729E-002 0.11500371988964637 3.4101572457708763E-002 5.6111547935047232E-002 -5.2044789842460712E-003 -2.3684426850369946E-002 6.7215506159796568E-003 -1.0811377113690400E-002 1.4194123207330177E-002 -4.4485984099089333E-002 -3.3816099147460588E-002 -2.8667706725525651E-002 1.9501369706330046E-003 -2.1112568581697005E-002 -1.0216966872915647E-002 3.3983575586180988E-002 1.7461020819180720E-002 -6.4902696965733253E-002 3.9366740894698118E-002 0.21869468356004726 -6.8448750656153676E-002 -4.1304300156437983E-002
-9999.0000000000000 -9999.0000000000000 -9999.0000000000000 -9999.0000000000000 -9999.0000000000000 -9999.0000000000000 -9999.0000000000000 -9999.0000000000000 -9999.0000000000000 -9999.0000000000000 -9999.0000000000000 -9999.0000000000000 -9999.0000000000000 -9999.0000000000000 -9999.0000000000000 -8.5484592890056818E-003 -1.9038194555503067E-004 1.9094608634152459E-002 -1.0137537063943217E-002 -3.2219385566488986E-003 1.8517421284093696E-002 7.4534501209206086E-002 -4.9913942405848441E-002 -3.3850576527617009E-003 -1.3956935251458497E-002 2.1868168425779174E-003 1.4922846053681386E-002 8.1827192867324205E-003 2.0623989293479521E-002 3.1119880652245697E-002 2.0555445430068469E-002 -6.8463520732679348E-002 3.5773144444087461E-002 -8.0503672082253994E-002 2.2576348069987994E-002 2.0383665359614792E-002 2.6893164973807258E-002 8.1560630594670322E-002 2.5288797148928746E-002
-9999.0000000000000 -9999.0000000000000 -9999.0000000000000 -9999.0000000000000 -9999.0000000000000 -9999.0000000000000 -9999.0000000000000 -9999.0000000000000 -9999.0000000000000 -9999.0000000000000 -9999.0000000000000 -9999.0000000000000 -9999.0000000000000 -9999.0000000000000 -9999.0000000000000 -2.1798534976888367E-002 4.8803501355108797E-003 8.9225795067025271E-003 -1.9209899763003524E-002 2.0729361834547377E-002 2.3001042777031879E-002 3.4384749416210482E-002 4.5277645257552332E-002 -4.4175792373678989E-002 -1.8254428499662939E-002 1.3940915147796952E-002 2.6227266981500106E-002 -5.0123040328358256E-003 -6.5856724666703437E-003 -8.4629864294700680E-002 1.7577430001068685E-002 0.15001818148300997 -0.13053846460733975 5.1075479931821183E-002 1.7748036380312443E-002 3.2576346286704597E-002 -1.2733245648171786E-002 -1.0142432727419218E-002 2.7788056549245183E-003
-9999.0000000000000 -9999.0000000000000 -9999.0000000000000 -9999.0000000000000 -9999.0000000000000 -9999.0000000000000 -9999.0000000000000 -9999.0000000000000 -9999.0000000000000 -9999.0000000000000 -9999.0000000000000 -9999.0000000000000 -9999.0000000000000 -9999.0000000000000 -9999.0000000000000 -3.3999641528842738E-002 2.2747591714499544E-003 -1.9103906833918778E-002 1.6043671813112303E-003 1.7328674040446825E-002 2.0736433524767402E-002 1.8449017180854444E-002 4.8844141959863412E-002 0.13607050429238496 2.7431780623645569E-003 -2.7982366183949739E-002 -2.3033506938160416E-002 8.7392020808342699E-002 2.0652964861950934E-002 0.19556124365152963 -0.11770591098642902 5.0511369825574299E-003 5.3563476839936404E-003 9.2395800308641696E-003 1.4833300200961899E-002 -1.5317158505254743E-002 4.2727712480613378E-003 2.5137819316092386E-003 1.2706091664847789E-002
-9999.0000000000000 -9999.0000000000000 -9999.0000000000000 -9999.0000000000000 -9999.0000000000000 -9999.0000000000000 -9999.0000000000000 -9999.0000000000000 -9999.0000000000000 -9999.0000000000000 -9999.0000000000000 -9999.0000000000000 -9999.0000000000000 -9999.0000000000000 -9999.0000000000000 -5.2917245612384102E-004 -4.1553336951768167E-002 -6.8802263729225502E-003 5.9900569998386560E-003 4.7082599312716234E-003 5.1485644667799233E-003 8.0769892747592914E-003 -1.2872472611358427E-002 -8.5232922617174654E-003 4.4411307559307396E-002 5.6454393197389249E-002 0.13960610532449208 -2.8131744730453268E-002 1.9578690430701675E-002 -1.3948372515560588E-002 2.0948780866515134E-002 7.0041722220003828E-003 -7.4241442569483894E-003 1.6439542578379413E-003 -4.4299096830076037E-003 3.1053238260344445E-003 -6.5246532983140489E-003 2.4234039946127307E-002 -2.8582654374614941E-003
-9999.0000000000000 -9999.0000000000000 -9999.0000000000000 -9999.0000000000000 -9999.0000000000000 -9999.0000000000000 -9999.0000000000000 -9999.0000000000000 -9999.0000000000000 -9999.0000000000000 -9999.0000000000000 -9999.0000000000000 -9999.0000000000000 -9999.0000000000000 -9999.0000000000000 -8.9358217675264404E-002 1.9313930297396271E-002 -1.2731971947575714E-002 -1.5645561481916988E-002 2.1311818245278013E-003 -7.4690367100651621E-003 -4.4919646790613976E-003 6.9871208848358308E-004 3.1878211396688501E-004 -2.4298999219812879E-003 -9.3994982121404669E-002 6.4873993431337207E-002 -6.7021016667261291E-002 3.4268558424877985E-002 4.4361602349324552E-003 8.1276587334418882E-003 4.1837400479736711E-003 -6.1935417903877044E-003 -8.0088414387238759E-003 9.1162670093431659E-003 -6.9410150414253814E-003 1.4513240510858271E-002 2.9105277538731696E-003 -1.7036081963705627E-002
-9999.0000000000000 -9999.0000000000000 -9999.0000000000000 -9999.0000000000000 -9999.0000000000000 -9999.0000000000000 -9999.0000000000000 -9999.0000000000000 -9999.0000000000000 -9999.0000000000000 -9999.0000000000000 -9999.0000000000000 -9999.0000000000000 -9999.0000000000000 -9999.0000000000000 2.7299601924395102E-002 -4.1167791837706968E-002 -2.5123224410710247E-002 -9.0115708913729112E-003 -1.9097942696503747E-002 -1.5510751757962248E-002 -2.0031845991942174E-002 3.3163373867385543E-003 4.1900527175564854E-002 -9.2402110803073336E-003 0.16816502242703898 -6.2597092078310684E-002 1.1072694922124563E-002 5.0454801586283038E-003 -2.9278566603762519E-003 1.2228145018273712E-002 1.9794296342643476E-003 -6.5850768301780748E-004 -2.3462102873480387E-002 2.5764684500917670E-003 3.7838549091363353E-005 2.0871748545229801E-002 -4.7702882698003164E-002 2.2816313943084098E-002
-9999.0000000000000 -9999.0000000000000 -9999.0000000000000 -9999.0000000000000 -9999.0000000000000 -9999.0000000000000 -9999.0000000000000 -9999.0000000000000 -9999.0000000000000 -9999.0000000000000 -9999.0000000000000 -9999.0000000000000 -9999.0000000000000 -9999.0000000000000 -9999.0000000000000 -3.4337533003020310E-002 -5.2352085635097110E-003 1.7726172224500101E-002 -3.4211224172799169E-002 -1.6179087085952101E-002 9.0495576657541278E-004 1.5093120043127170E-002 -6.1461855050691058E-002 2.8263216076273780E-002 1.6606816601753952E-002 8.4005162190779192E-003 1.9244819578136091E-002 -3.3428714869872519E-002 7.0799044704925908E-003 1.9547261653998912E-003 1.1662847173418631E-002 -6.0389387244891950E-003 -1.4332474407865512E-002 -7.8782309971220138E-004 -3.0351214575456515E-003 1.9871242893109594E-002 -2.9172419802833711E-002 2.0052841711921720E-003 1.8247782824792533E-002
-9999.0000000000000 -9999.0000000000000 -9999.0000000000000 -9999.0000000000000 -9999.0000000000000 -9999.0000000000000 -9999.0000000000000 -9999.0000000000000 -9999.0000000000000 -9999.0000000000000 -9999.0000000000000 -9999.0000000000000 -9999.0000000000000 9.9696053573559776E-002 -2.0146272995005187E-003 7.1876636368371294E-003 -1.3171224149614465E-002 1.6458944110779039E-003 2.9569941461135958E-002 -3.7425771582851861E-002 3.3213555464283714E-002 2.1033032449550949E-002 0.12445144052301296 -2.8319056090440130E-002 -7.3472195336476290E-003 2.1483581406793534E-002 -2.1446939691342919E-002 1.4049342939217242E-002 -2.7357644130776956E-002 1.3495532344755493E-002 7.1291392612030761E-003 -2.1285302769078512E-002 8.7646040433728297E-004 7.3160357986447357E-003 -6.5912198038024531E-003 -1.0626696303698628E-002 1.8464035565186930E-003 1.7274104119291079E-002 8.6724030849781135E-003
-9999.0000000000000 -9999.0000000000000 -9999.0000000000000 -9999.0000000000000 -9999.0000000000000 -9999.0000000000000 -9999.0000000000000 -9999.0000000000000 -9999.0000000000000 -9999.0000000000000 2.5576810579068059E-002 6.9338983802250731E-002 -0.47276196062246406 -5.1703484065091657E-003 -4.4622586668902967E-002 -1.0970037676820102E-002 -4.0169310368130089E-003 -4.5627096249623404E-002 2.8965537533983534E-002 0.17886924761147147 -7.7066167240070954E-002 1.5252593186814387E-002 1.3354520800283270E-002 -1.0302764110032756E-003 2.3648000379458595E-002 -8.2410005540380360E-003 -7.1643007936845480E-003 -1.2938653887388222E-002 1.7204748378045170E-002 -2.6602810107811764E-002 3.3662351130024455E-003 5.0190497132993184E-005 3.1375516856777838E-003 6.6072364101235461E-003 -1.5807443349914487E-002 -1.9894318398352012E-003 9.6162828197958756E-003 -7.5447742137412053E-004 1.5267160733245974E-002
-9999.0000000000000 -9999.0000000000000 -9999.0000000000000 -9999.0000000000000 -9999.0000000000000 -9999.0000000000000 -9999.0000000000000 -9999.0000000000000 -9999.0000000000000 9.0339395824286187E-003 -6.1188388894626361E-003 -2.7209620992661211E-002 2.2850832538238882E-002 0.17011599575948147 0.56414975466726947 7.4476205091978234E-002 5.3864533668004408E-002 7.9845791773560743E-002 -6.1596651227516487E-002 -9.3522791473105629E-003 1.3777680350751501E-002 6.6119110247499857E-003 -1.8085474651769306E-002 3.2075832707896469E-002 7.4139960971632063E-003 -9.1099934769866490E-004 -1.9208984982537181E-003 -3.1857098326192199E-002 -3.3102007184309026E-003 1.6944699747656684E-002 -2.5897188107120286E-002 1.7014604233518377E-002 6.8494145237261526E-003 -1.1472458161767509E-002 -1.3355777416159565E-003 -8.0886407186301044E-003 5.6023821687376787E-003 1.0037895686689915E-002 -3.9964828609755547E-003
-9999.0000000000000 -9999.0000000000000 -9999.0000000000000 -9999.0000000000000 -9999.0000000000000 -9999.0000000000000 -9999.0000000000000 -9999.0000000000000 -9999.0000000000000 2.4112177485842014E-002 -1.9207322644931329E-002 -4.0658846032672703E-002 6.2092324904145138E-002 -1.9780186761677920E-002 -3.3515585533198174E-002 -1.1564492017290817E-002 -1.7996810361928541E-002 0.20637330210762619 -7.5569128594293586E-002 -1.6236800578518619E-004 -1.0962202458224822E-002 -1.0522085346984742E-002 4.0849986102281140E-002 1.6391227256581441E-003 -6.4158413525338927E-004 1.7263607560722486E-002 -9.2503478559512499E-003 -1.9948997597115072E-002 -1.9760649767152572E-002 1.1857235091540905E-003 2.4776943654696217E-002 -1.6569163192317309E-002 -5.5710100292184336E-003 1.1586689022019996E-002 -7.2546868099349193E-003 -2.1685023414793219E-003 -1.7290802449619533E-003 8.0353330522438607E-003 -7.3759004617596465E-003
-9999.0000000000000 -9999.0000000000000 -9999.0000000000000 -9999.0000000000000 -9999.0000000000000 -9999.0000000000000 -9999.0000000000000 -9999.0000000000000 1.4959105131018124E-002 -3.0287839741885203E-002 -1.8956495518983367E-002 8.9249864064981140E-003 1.5796944928557044E-002 -2.0718110284490120E-002 1.5919375395769337E-002 -3.8908850727733999E-003 5.1484440175629087E-002 5.3046506190696507E-002 -3.2061638776069469E-002 -3.7380118444711480E-002 5.1868471704441437E-003 2.8161549280915459E-002 -7.9570973497171422E-003 1.3561499727755893E-002 -2.9019906396756906E-003 1.8860813096584841E-002 -3.0173590591759561E-003 9.2053829497840672E-003 -6.4517312478926545E-002 3.4438476648718845E-002 -1.8290417745875007E-002 -2.6552030789523460E-003 -8.2319528651391913E-004 1.3960401132516457E-002 -1.2522318981513869E-002 4.7070154697726862E-003 -1.0977612515783287E-002 -5.3222077762911310E-003 -7.8302640306199822E-003
-9999.0000000000000 -9999.0000000000000 -9999.0000000000000 -9999.0000000000000 -9999.0000000000000 -9999.0000000000000 -9999.0000000000000 8.1723688303780840E-004 -1.7474285690352052E-002 -1.2546231333293125E-002 -3.1464387105001483E-002 6.9900744763365275E-002 -2.2050237539031372E-002 6.1628878010254878E-003 -7.6404940304113612E-003 5.3738275547627976E-003 6.7018246613057848E-003 3.6927616681264611E-002 -4.0293792527029353E-002 9.0937829345082728E-003 1.8186136390264656E-002 1.5864500099378053E-005 -2.4013733559266949E-003 -1.8249943525113863E-003 3.7328653866509034E-002 -1.5695259549250589E-002 2.5942620869131031E-002 -7.7062632795286195E-003 -3.3608006690775938E-003 -4.3468975538110043E-002 1.4022308278907178E-002 9.2861170403660594E-003 -7.1275154783487964E-003 -3.9379943404191896E-003 2.2857460808406199E-002 -1.9567478089669934E-002 -1.2427565202008611E-002 -1.4599051838510711E-002 1.0679751088270446E-002
-9999.0000000000000 -9999.0000000000000 -9999.0000000000000 -9999.0000000000000 -9999.0000000000000 -9999.0000000000000 -9999.0000000000000 -1.3691242928951342E-002 -2.1537193678715510E-002 -3.5579128760949624E-002 2.6794811560804366E-002 -2.8303041082809812E-002 -2.8311827140267178E-002 -1.9725669830711695E-002 -1.8714826312356391E-002 -1.1857812764580759E-002 -1.2799872076242067E-002 8.5061866584579190E-002 -5.1607916967963026E-002 -5.7413334158614088E-004 -5.1390836252825844E-003 -9.0487693715280652E-004 3.0170663564378234E-003 6.9495336891297350E-003 5.6081647515493164E-003 -2.1748895007316037E-002 1.7502134893891703E-002 5.9043552613030195E-002 -7.9028861130522376E-002 -3.2506975058890351E-002 5.4643234738473580E-002 -1.6139234448775144E-002 -1.5704343170960540E-002 2.2742496341573090E-002 -1.1279953504991204E-002 -1.2061942034916994E-002 -6.9878917124386059E-003 8.8221013966255958E-003 4.9480651848717392E-003
-9999.0000000000000 -9999.0000000000000 -9999.0000000000000 -9999.0000000000000 -9999.0000000000000 -9999.0000000000000 -3.2506865621451447E-003 -2.3089609503183707E-002 -1.2593455292939442E-002 1.4084413852121979E-002 0.12414600374765838 -2.5550248430828013E-002 -2.8189381371637689E-002 -7.2882700166435090E-003 -4.9320231986389696E-003 1.9773607696906524E-002 1.2880447163620750E-002 6.1705587355496437E-002 -9.0119947601847196E-003 -5.3314145368549566E-002 -1.4634921095806074E-002 8.8670824138474135E-004 -2.2075645927255279E-003 -1.8069928780785362E-002 2.0091623458576530E-002 -4.1657781662669726E-003 -2.5295011435616410E-002 1.4891515401308539E-002 0.26072533310400775 -0.12477139090047434 6.4389280330642326E-002 -2.1161058807585453E-002 -1.4220319486199638E-002 -3.1248698893904785E-002 1.1058060744834468E-002 -1.1987924874943610E-003 2.9147577482286019E-003 -1.0732275168386485E-002 -1.4492874913832799E-002
