doc/content/FromLiterature/LaCecilia_2022_HP/prepro/dtm_Ws1_sf_1
north:     0
south:           0.00000000
east:      0
west:            0.00000000
rows:    123
cols:    110
[rows 57 to 75 of 123, columns 43 to 85 of 110]
0.000000000000E+00 0.339979910851E+01 0.591939353943E+01 0.000000000000E+00 0.469080352783E+01 0.339979910851E+01 0.000000000000E+00 0.469080352783E+01 0.000000000000E+00 0.000000000000E+00 0.000000000000E+00 0.000000000000E+00 0.339979910851E+01 0.000000000000E+00 0.339979910851E+01 0.967880058289E+01 0.000000000000E+00 0.390534353256E+01 0.339979910851E+01 0.000000000000E+00 0.339979910851E+01 0.000000000000E+00 0.000000000000E+00 0.390534353256E+01 0.423523473740E+01 0.469080352783E+01 0.469080352783E+01 0.000000000000E+00 0.501733207703E+01 0.501733207703E+01 0.000000000000E+00 0.469080352783E+01 0.339979910851E+01 0.625024557114E+01 0.000000000000E+00 0.339979910851E+01 0.727940225601E+01 0.448606157303E+01 0.423523473740E+01 0.986794376373E+01 0.339979910851E+01 0.486500740051E+01 0.501733207703E+01
0.339979910851E+01 0.000000000000E+00 0.390534353256E+01 0.124583601952E+01 0.423523473740E+01 0.000000000000E+00 0.000000000000E+00 0.000000000000E+00 0.000000000000E+00 0.000000000000E+00 0.000000000000E+00 0.339979910851E+01 0.000000000000E+00 0.339979910851E+01 0.000000000000E+00 0.804080581665E+01 0.423523473740E+01 0.000000000000E+00 0.423523473740E+01 0.390534353256E+01 0.339979910851E+01 0.339979910851E+01 0.000000000000E+00 0.000000000000E+00 0.000000000000E+00 0.000000000000E+00 0.339979910851E+01 0.501733207703E+01 0.486500740051E+01 0.486500740051E+01 0.612638044357E+01 0.000000000000E+00 0.000000000000E+00 0.618955230713E+01 0.599160289764E+01 0.000000000000E+00 0.000000000000E+00 0.000000000000E+00 0.000000000000E+00 0.584347915649E+01 0.000000000000E+00 0.339979910851E+01 0.486500740051E+01
0.000000000000E+00 0.000000000000E+00 0.000000000000E+00 0.785890436172E+01 0.339979910851E+01 0.000000000000E+00 0.423523473740E+01 0.448606157303E+01 0.591939353943E+01 0.000000000000E+00 0.339979910851E+01 0.000000000000E+00 0.390534353256E+01 0.000000000000E+00 0.591939353943E+01 0.801895523071E+01 0.390534353256E+01 0.133578360081E+01 0.000000000000E+00 0.339979910851E+01 0.000000000000E+00 0.339979910851E+01 0.000000000000E+00 0.000000000000E+00 0.390534353256E+01 0.390534353256E+01 0.000000000000E+00 0.000000000000E+00 0.339979910851E+01 0.469080352783E+01 0.606049013138E+01 0.584347915649E+01 0.423523473740E+01 0.612638044357E+01 0.591939353943E+01 0.721351480484E+01 0.390534353256E+01 0.339979910851E+01 0.969941616058E+01 0.576340103149E+01 0.423523473740E+01 0.000000000000E+00 0.000000000000E+00
0.390534353256E+01 0.000000000000E+00 0.000000000000E+00 0.390534353256E+01 0.000000000000E+00 0.000000000000E+00 0.000000000000E+00 0.000000000000E+00 0.538831806183E+01 0.339979910851E+01 0.000000000000E+00 0.000000000000E+00 0.000000000000E+00 0.339979910851E+01 0.584347915649E+01 0.799686431885E+01 0.339979910851E+01 0.486500740051E+01 0.000000000000E+00 0.000000000000E+00 0.423523473740E+01 0.390534353256E+01 0.339979910851E+01 0.000000000000E+00 0.000000000000E+00 0.000000000000E+00 0.339979910851E+01 0.423523473740E+01 0.000000000000E+00 0.000000000000E+00 0.538831806183E+01 0.576340103149E+01 0.390534353256E+01 0.606049013138E+01 0.584347915649E+01 0.717964696884E+01 0.339979910851E+01 0.000000000000E+00 0.967880058289E+01 0.567860841751E+01 0.390534353256E+01 0.448606157303E+01 0.339979910851E+01
0.339979910851E+01 0.123076653481E+01 0.696167469025E+01 0.339979910851E+01 0.647204065323E+01 0.339979910851E+01 0.390534353256E+01 0.000000000000E+00 0.339979910851E+01 0.000000000000E+00 0.448606157303E+01 0.000000000000E+00 0.836183738708E+01 0.000000000000E+00 0.339979910851E+01 0.797452640533E+01 0.423523473740E+01 0.469080352783E+01 0.133444571495E+01 0.527596282959E+01 0.448606157303E+01 0.423523473740E+01 0.390534353256E+01 0.339979910851E+01 0.000000000000E+00 0.339979910851E+01 0.000000000000E+00 0.000000000000E+00 0.000000000000E+00 0.448606157303E+01 0.527596282959E+01 0.567860841751E+01 0.339979910851E+01 0.599160289764E+01 0.576340103149E+01 0.423523473740E+01 0.000000000000E+00 0.000000000000E+00 0.339979910851E+01 0.558842563629E+01 0.339979910851E+01 0.423523473740E+01 0.000000000000E+00
0.000000000000E+00 0.567860841751E+01 0.684157371521E+01 0.000000000000E+00 0.641941547394E+01 0.000000000000E+00 0.000000000000E+00 0.390534353256E+01 0.000000000000E+00 0.000000000000E+00 0.000000000000E+00 0.000000000000E+00 0.000000000000E+00 0.486500740051E+01 0.000000000000E+00 0.339979910851E+01 0.390534353256E+01 0.339979910851E+01 0.133259916306E+01 0.000000000000E+00 0.000000000000E+00 0.423523473740E+01 0.390534353256E+01 0.339979910851E+01 0.339979910851E+01 0.000000000000E+00 0.000000000000E+00 0.000000000000E+00 0.000000000000E+00 0.000000000000E+00 0.423523473740E+01 0.558842563629E+01 0.000000000000E+00 0.448606157303E+01 0.567860841751E+01 0.390534353256E+01 0.699992799759E+01 0.684157371521E+01 0.000000000000E+00 0.538831806183E+01 0.000000000000E+00 0.390534353256E+01 0.423523473740E+01
0.549201583862E+01 0.558842563629E+01 0.679959774017E+01 0.339979910851E+01 0.636500549316E+01 0.000000000000E+00 0.000000000000E+00 0.000000000000E+00 0.781068658829E+01 0.390534353256E+01 0.000000000000E+00 0.000000000000E+00 0.390534353256E+01 0.469080352783E+01 0.790596723557E+01 0.000000000000E+00 0.486500740051E+01 0.000000000000E+00 0.688254404068E+01 0.000000000000E+00 0.423523473740E+01 0.390534353256E+01 0.339979910851E+01 0.000000000000E+00 0.339979910851E+01 0.000000000000E+00 0.339979910851E+01 0.000000000000E+00 0.000000000000E+00 0.000000000000E+00 0.000000000000E+00 0.000000000000E+00 0.538831806183E+01 0.423523473740E+01 0.558842563629E+01 0.339979910851E+01 0.696167469025E+01 0.679959774017E+01 0.924890804291E+01 0.000000000000E+00 0.000000000000E+00 0.339979910851E+01 0.390534353256E+01
0.000000000000E+00 0.339979910851E+01 0.675655889511E+01 0.000000000000E+00 0.000000000000E+00 0.448606157303E+01 0.696167469025E+01 0.000000000000E+00 0.000000000000E+00 0.000000000000E+00 0.000000000000E+00 0.000000000000E+00 0.000000000000E+00 0.000000000000E+00 0.339979910851E+01 0.000000000000E+00 0.000000000000E+00 0.000000000000E+00 0.339979910851E+01 0.950719547272E+01 0.000000000000E+00 0.469080352783E+01 0.448606157303E+01 0.339979910851E+01 0.000000000000E+00 0.000000000000E+00 0.339979910851E+01 0.000000000000E+00 0.000000000000E+00 0.000000000000E+00 0.501733207703E+01 0.000000000000E+00 0.000000000000E+00 0.000000000000E+00 0.538831806183E+01 0.000000000000E+00 0.390534353256E+01 0.625024557114E+01 0.000000000000E+00 0.000000000000E+00 0.515313148499E+01 0.390534353256E+01 0.339979910851E+01
0.527596282959E+01 0.000000000000E+00 0.000000000000E+00 0.612638044357E+01 0.000000000000E+00 0.000000000000E+00 0.000000000000E+00 0.339979910851E+01 0.000000000000E+00 0.776124811172E+01 0.339979910851E+01 0.000000000000E+00 0.000000000000E+00 0.760485315323E+01 0.000000000000E+00 0.501733207703E+01 0.000000000000E+00 0.423523473740E+01 0.000000000000E+00 0.679959774017E+01 0.129309892654E+01 0.448606157303E+01 0.423523473740E+01 0.390534353256E+01 0.000000000000E+00 0.000000000000E+00 0.000000000000E+00 0.339979910851E+01 0.000000000000E+00 0.000000000000E+00 0.000000000000E+00 0.501733207703E+01 0.339979910851E+01 0.000000000000E+00 0.000000000000E+00 0.666703653336E+01 0.339979910851E+01 0.618955230713E+01 0.527596282959E+01 0.922394466400E+01 0.448606157303E+01 0.000000000000E+00 0.000000000000E+00
0.390534353256E+01 0.666703653336E+01 0.339979910851E+01 0.606049013138E+01 0.390534353256E+01 0.688254404068E+01 0.641941547394E+01 0.000000000000E+00 0.000000000000E+00 0.771051645279E+01 0.000000000000E+00 0.000000000000E+00 0.000000000000E+00 0.000000000000E+00 0.000000000000E+00 0.000000000000E+00 0.000000000000E+00 0.000000000000E+00 0.000000000000E+00 0.000000000000E+00 0.625024557114E+01 0.000000000000E+00 0.486500740051E+01 0.469080352783E+01 0.390534353256E+01 0.000000000000E+00 0.000000000000E+00 0.339979910851E+01 0.000000000000E+00 0.339979910851E+01 0.000000000000E+00 0.339979910851E+01 0.000000000000E+00 0.000000000000E+00 0.000000000000E+00 0.657243013382E+01 0.339979910851E+01 0.612638044357E+01 0.515313148499E+01 0.921136093140E+01 0.390534353256E+01 0.000000000000E+00 0.000000000000E+00
0.339979910851E+01 0.662040901184E+01 0.000000000000E+00 0.000000000000E+00 0.000000000000E+00 0.000000000000E+00 0.000000000000E+00 0.339979910851E+01 0.000000000000E+00 0.000000000000E+00 0.000000000000E+00 0.000000000000E+00 0.000000000000E+00 0.000000000000E+00 0.000000000000E+00 0.000000000000E+00 0.000000000000E+00 0.000000000000E+00 0.000000000000E+00 0.339979910851E+01 0.618955230713E+01 0.549201583862E+01 0.000000000000E+00 0.486500740051E+01 0.469080352783E+01 0.423523473740E+01 0.339979910851E+01 0.000000000000E+00 0.339979910851E+01 0.000000000000E+00 0.339979910851E+01 0.000000000000E+00 0.000000000000E+00 0.339979910851E+01 0.527596282959E+01 0.652300786972E+01 0.000000000000E+00 0.339979910851E+01 0.501733207703E+01 0.919870758057E+01 0.339979910851E+01 0.000000000000E+00 0.000000000000E+00
0.000000000000E+00 0.339979910851E+01 0.591939353943E+01 0.000000000000E+00 0.000000000000E+00 0.339979910851E+01 0.625024557114E+01 0.000000000000E+00 0.339979910851E+01 0.000000000000E+00 0.000000000000E+00 0.696167469025E+01 0.339979910851E+01 0.448606157303E+01 0.606049013138E+01 0.000000000000E+00 0.905470275879E+01 0.666703653336E+01 0.339979910851E+01 0.000000000000E+00 0.423523473740E+01 0.538831806183E+01 0.390534353256E+01 0.000000000000E+00 0.390534353256E+01 0.339979910851E+01 0.000000000000E+00 0.339979910851E+01 0.000000000000E+00 0.339979910851E+01 0.000000000000E+00 0.423523473740E+01 0.339979910851E+01 0.000000000000E+00 0.000000000000E+00 0.527596282959E+01 0.486500740051E+01 0.000000000000E+00 0.486500740051E+01 0.918598461151E+01 0.000000000000E+00 0.000000000000E+00 0.000000000000E+00
0.641941547394E+01 0.000000000000E+00 0.000000000000E+00 0.339979910851E+01 0.618955230713E+01 0.000000000000E+00 0.000000000000E+00 0.749296808243E+01 0.000000000000E+00 0.000000000000E+00 0.000000000000E+00 0.339979910851E+01 0.000000000000E+00 0.000000000000E+00 0.448606157303E+01 0.000000000000E+00 0.000000000000E+00 0.486500740051E+01 0.000000000000E+00 0.000000000000E+00 0.000000000000E+00 0.423523473740E+01 0.339979910851E+01 0.969928979874E+00 0.000000000000E+00 0.423523473740E+01 0.000000000000E+00 0.339979910851E+01 0.000000000000E+00 0.000000000000E+00 0.339979910851E+01 0.390534353256E+01 0.000000000000E+00 0.423523473740E+01 0.486500740051E+01 0.515313148499E+01 0.469080352783E+01 0.515313148499E+01 0.469080352783E+01 0.486500740051E+01 0.000000000000E+00 0.000000000000E+00 0.000000000000E+00
0.448606157303E+01 0.576340103149E+01 0.666703653336E+01 0.000000000000E+00 0.000000000000E+00 0.000000000000E+00 0.000000000000E+00 0.000000000000E+00 0.000000000000E+00 0.000000000000E+00 0.679959774017E+01 0.000000000000E+00 0.000000000000E+00 0.000000000000E+00 0.000000000000E+00 0.000000000000E+00 0.339979910851E+01 0.469080352783E+01 0.576340103149E+01 0.339979910851E+01 0.469080352783E+01 0.390534353256E+01 0.000000000000E+00 0.558842563629E+01 0.339979910851E+01 0.000000000000E+00 0.469080352783E+01 0.448606157303E+01 0.390534353256E+01 0.339979910851E+01 0.000000000000E+00 0.000000000000E+00 0.000000000000E+00 0.000000000000E+00 0.000000000000E+00 0.000000000000E+00 0.423523473740E+01 0.501733207703E+01 0.448606157303E+01 0.469080352783E+01 0.469080352783E+01 0.000000000000E+00 0.000000000000E+00
0.000000000000E+00 0.339979910851E+01 0.662040901184E+01 0.606049013138E+01 0.606049013138E+01 0.339979910851E+01 0.743442249298E+01 0.423523473740E+01 0.576340103149E+01 0.000000000000E+00 0.666703653336E+01 0.339979910851E+01 0.549201583862E+01 0.390534353256E+01 0.901379108429E+01 0.612638044357E+01 0.000000000000E+00 0.000000000000E+00 0.339979910851E+01 0.000000000000E+00 0.000000000000E+00 0.000000000000E+00 0.961060583591E+00 0.549201583862E+01 0.000000000000E+00 0.662040901184E+01 0.000000000000E+00 0.390534353256E+01 0.339979910851E+01 0.000000000000E+00 0.339979910851E+01 0.000000000000E+00 0.000000000000E+00 0.423523473740E+01 0.486500740051E+01 0.000000000000E+00 0.000000000000E+00 0.423523473740E+01 0.423523473740E+01 0.448606157303E+01 0.448606157303E+01 0.515313148499E+01 0.000000000000E+00
0.538831806183E+01 0.000000000000E+00 0.000000000000E+00 0.339979910851E+01 0.599160289764E+01 0.000000000000E+00 0.000000000000E+00 0.000000000000E+00 0.000000000000E+00 0.000000000000E+00 0.486500740051E+01 0.000000000000E+00 0.000000000000E+00 0.000000000000E+00 0.000000000000E+00 0.576340103149E+01 0.423523473740E+01 0.549201583862E+01 0.000000000000E+00 0.390534353256E+01 0.000000000000E+00 0.000000000000E+00 0.000000000000E+00 0.339979910851E+01 0.696167469025E+01 0.657243013382E+01 0.339979910851E+01 0.000000000000E+00 0.113163363934E+01 0.339979910851E+01 0.000000000000E+00 0.339979910851E+01 0.000000000000E+00 0.390534353256E+01 0.469080352783E+01 0.339979910851E+01 0.390534353256E+01 0.390534353256E+01 0.390534353256E+01 0.423523473740E+01 0.423523473740E+01 0.501733207703E+01 0.339979910851E+01
0.000000000000E+00 0.647204065323E+01 0.584347915649E+01 0.000000000000E+00 0.000000000000E+00 0.731147146225E+01 0.339979910851E+01 0.558842563629E+01 0.000000000000E+00 0.339979910851E+01 0.469080352783E+01 0.527596282959E+01 0.000000000000E+00 0.000000000000E+00 0.339979910851E+01 0.567860841751E+01 0.390534353256E+01 0.538831806183E+01 0.000000000000E+00 0.000000000000E+00 0.000000000000E+00 0.000000000000E+00 0.423523473740E+01 0.000000000000E+00 0.339979910851E+01 0.652300786972E+01 0.000000000000E+00 0.339979910851E+01 0.721351480484E+01 0.000000000000E+00 0.339979910851E+01 0.000000000000E+00 0.339979910851E+01 0.000000000000E+00 0.000000000000E+00 0.000000000000E+00 0.339979910851E+01 0.339979910851E+01 0.339979910851E+01 0.390534353256E+01 0.390534353256E+01 0.486500740051E+01 0.339979910851E+01
0.000000000000E+00 0.000000000000E+00 0.000000000000E+00 0.000000000000E+00 0.000000000000E+00 0.641941547394E+01 0.000000000000E+00 0.339979910851E+01 0.612638044357E+01 0.000000000000E+00 0.000000000000E+00 0.000000000000E+00 0.895806026459E+01 0.339979910851E+01 0.000000000000E+00 0.390534353256E+01 0.339979910851E+01 0.527596282959E+01 0.000000000000E+00 0.000000000000E+00 0.000000000000E+00 0.000000000000E+00 0.000000000000E+00 0.679959774017E+01 0.000000000000E+00 0.000000000000E+00 0.771051645279E+01 0.000000000000E+00 0.714512777328E+01 0.110859870911E+01 0.000000000000E+00 0.339979910851E+01 0.000000000000E+00 0.515313148499E+01 0.501733207703E+01 0.339979910851E+01 0.000000000000E+00 0.390534353256E+01 0.000000000000E+00 0.000000000000E+00 0.000000000000E+00 0.423523473740E+01 0.000000000000E+00
0.000000000000E+00 0.339979910851E+01 0.576340103149E+01 0.000000000000E+00 0.000000000000E+00 0.000000000000E+00 0.515313148499E+01 0.000000000000E+00 0.000000000000E+00 0.000000000000E+00 0.486500740051E+01 0.000000000000E+00 0.799686431885E+01 0.000000000000E+00 0.469080352783E+01 0.339979910851E+01 0.000000000000E+00 0.000000000000E+00 0.000000000000E+00 0.000000000000E+00 0.000000000000E+00 0.666703653336E+01 0.000000000000E+00 0.000000000000E+00 0.515313148499E+01 0.423523473740E+01 0.768464183807E+01 0.000000000000E+00 0.703736305237E+01 0.110769367218E+01 0.000000000000E+00 0.000000000000E+00 0.486500740051E+01 0.469080352783E+01 0.339979910851E+01 0.000000000000E+00 0.448606157303E+01 0.339979910851E+01 0.000000000000E+00 0.000000000000E+00 0.000000000000E+00 0.000000000000E+00 0.000000000000E+00
