doc/content/FromLiterature/LaCecilia_2022_HP/prepro/dtm_Ws1_sf_1
north:     0
south:           0.00000000
east:      0
west:            0.00000000
rows:    123
cols:    110
[rows 95 to 113 of 123, columns 0 to 42 of 110]
0.000000000000E+00 0.000000000000E+00 0.000000000000E+00 0.000000000000E+00 0.000000000000E+00 0.390534353256E+01 0.000000000000E+00 0.339979910851E+01 0.448606157303E+01 0.469080352783E+01 0.000000000000E+00 0.501733207703E+01 0.527596282959E+01 0.538831806183E+01 0.000000000000E+00 0.339979910851E+01 0.000000000000E+00 0.000000000000E+00 0.339979910851E+01 0.486500740051E+01 0.501733207703E+01 0.515313148499E+01 0.000000000000E+00 0.000000000000E+00 0.984870815277E+01 0.390534353256E+01 0.390534353256E+01 0.339979910851E+01 0.936395585537E+00 0.527596282959E+01 0.000000000000E+00 0.423523473740E+01 0.390534353256E+01 0.000000000000E+00 0.339979910851E+01 0.000000000000E+00 0.339979910851E+01 0.339979910851E+01 0.000000000000E+00 0.000000000000E+00 0.000000000000E+00 0.000000000000E+00 0.390534353256E+01
0.000000000000E+00 0.000000000000E+00 0.000000000000E+00 0.000000000000E+00 0.000000000000E+00 0.000000000000E+00 0.339979910851E+01 0.000000000000E+00 0.423523473740E+01 0.469080352783E+01 0.000000000000E+00 0.000000000000E+00 0.527596282959E+01 0.538831806183E+01 0.567860841751E+01 0.000000000000E+00 0.339979910851E+01 0.423523473740E+01 0.000000000000E+00 0.423523473740E+01 0.952933120728E+01 0.955126380920E+01 0.963703536987E+01 0.000000000000E+00 0.567860841751E+01 0.339979910851E+01 0.339979910851E+01 0.000000000000E+00 0.933812975883E+00 0.339979910851E+01 0.000000000000E+00 0.390534353256E+01 0.000000000000E+00 0.000000000000E+00 0.000000000000E+00 0.339979910851E+01 0.423523473740E+01 0.448606157303E+01 0.469080352783E+01 0.515313148499E+01 0.549201583862E+01 0.576340103149E+01 0.684157371521E+01
0.000000000000E+00 0.000000000000E+00 0.000000000000E+00 0.000000000000E+00 0.000000000000E+00 0.339979910851E+01 0.339979910851E+01 0.000000000000E+00 0.000000000000E+00 0.448606157303E+01 0.469080352783E+01 0.000000000000E+00 0.339979910851E+01 0.000000000000E+00 0.000000000000E+00 0.390534353256E+01 0.000000000000E+00 0.339979910851E+01 0.000000000000E+00 0.000000000000E+00 0.000000000000E+00 0.000000000000E+00 0.000000000000E+00 0.469080352783E+01 0.527596282959E+01 0.000000000000E+00 0.000000000000E+00 0.339979910851E+01 0.932252526283E+00 0.000000000000E+00 0.390534353256E+01 0.000000000000E+00 0.000000000000E+00 0.000000000000E+00 0.339979910851E+01 0.000000000000E+00 0.339979910851E+01 0.390534353256E+01 0.423523473740E+01 0.448606157303E+01 0.469080352783E+01 0.000000000000E+00 0.000000000000E+00
0.000000000000E+00 0.000000000000E+00 0.000000000000E+00 0.000000000000E+00 0.339979910851E+01 0.000000000000E+00 0.339979910851E+01 0.390534353256E+01 0.000000000000E+00 0.339979910851E+01 0.000000000000E+00 0.469080352783E+01 0.486500740051E+01 0.558842563629E+01 0.625024557114E+01 0.339979910851E+01 0.339979910851E+01 0.945093631744E+01 0.000000000000E+00 0.448606157303E+01 0.000000000000E+00 0.390534353256E+01 0.000000000000E+00 0.000000000000E+00 0.501733207703E+01 0.390534353256E+01 0.339979910851E+01 0.000000000000E+00 0.423523473740E+01 0.000000000000E+00 0.000000000000E+00 0.000000000000E+00 0.000000000000E+00 0.339979910851E+01 0.339979910851E+01 0.339979910851E+01 0.390534353256E+01 0.423523473740E+01 0.469080352783E+01 0.486500740051E+01 0.000000000000E+00 0.000000000000E+00 0.390534353256E+01
0.000000000000E+00 0.000000000000E+00 0.000000000000E+00 0.000000000000E+00 0.390534353256E+01 0.339979910851E+01 0.000000000000E+00 0.339979910851E+01 0.390534353256E+01 0.423523473740E+01 0.000000000000E+00 0.339979910851E+01 0.000000000000E+00 0.390534353256E+01 0.515313148499E+01 0.339979910851E+01 0.000000000000E+00 0.000000000000E+00 0.000000000000E+00 0.000000000000E+00 0.000000000000E+00 0.000000000000E+00 0.339979910851E+01 0.000000000000E+00 0.000000000000E+00 0.339979910851E+01 0.000000000000E+00 0.927520751953E+00 0.339979910851E+01 0.000000000000E+00 0.000000000000E+00 0.339979910851E+01 0.000000000000E+00 0.000000000000E+00 0.390534353256E+01 0.000000000000E+00 0.339979910851E+01 0.000000000000E+00 0.339979910851E+01 0.000000000000E+00 0.000000000000E+00 0.000000000000E+00 0.339979910851E+01
0.000000000000E+00 0.000000000000E+00 0.000000000000E+00 0.339979910851E+01 0.000000000000E+00 0.000000000000E+00 0.000000000000E+00 0.000000000000E+00 0.000000000000E+00 0.339979910851E+01 0.390534353256E+01 0.000000000000E+00 0.000000000000E+00 0.000000000000E+00 0.339979910851E+01 0.000000000000E+00 0.576340103149E+01 0.000000000000E+00 0.339979910851E+01 0.390534353256E+01 0.423523473740E+01 0.448606157303E+01 0.000000000000E+00 0.339979910851E+01 0.000000000000E+00 0.390534353256E+01 0.423523473740E+01 0.926990270615E+00 0.390534353256E+01 0.339979910851E+01 0.000000000000E+00 0.423523473740E+01 0.000000000000E+00 0.339979910851E+01 0.469080352783E+01 0.339979910851E+01 0.000000000000E+00 0.339979910851E+01 0.000000000000E+00 0.000000000000E+00 0.339979910851E+01 0.339979910851E+01 0.423523473740E+01
0.000000000000E+00 0.000000000000E+00 0.000000000000E+00 0.339979910851E+01 0.390534353256E+01 0.549201583862E+01 0.000000000000E+00 0.000000000000E+00 0.000000000000E+00 0.000000000000E+00 0.339979910851E+01 0.390534353256E+01 0.000000000000E+00 0.339979910851E+01 0.000000000000E+00 0.000000000000E+00 0.000000000000E+00 0.339979910851E+01 0.390534353256E+01 0.423523473740E+01 0.448606157303E+01 0.000000000000E+00 0.339979910851E+01 0.000000000000E+00 0.000000000000E+00 0.339979910851E+01 0.448606157303E+01 0.469080352783E+01 0.000000000000E+00 0.390534353256E+01 0.339979910851E+01 0.000000000000E+00 0.339979910851E+01 0.469080352783E+01 0.549201583862E+01 0.000000000000E+00 0.339979910851E+01 0.657243013382E+01 0.662040901184E+01 0.666703653336E+01 0.000000000000E+00 0.000000000000E+00 0.000000000000E+00
0.000000000000E+00 0.000000000000E+00 0.339979910851E+01 0.390534353256E+01 0.000000000000E+00 0.501733207703E+01 0.538831806183E+01 0.641941547394E+01 0.688254404068E+01 0.000000000000E+00 0.423523473740E+01 0.339979910851E+01 0.913437461853E+01 0.000000000000E+00 0.339979910851E+01 0.558842563629E+01 0.390534353256E+01 0.448606157303E+01 0.567860841751E+01 0.576340103149E+01 0.000000000000E+00 0.339979910851E+01 0.662040901184E+01 0.339979910851E+01 0.339979910851E+01 0.000000000000E+00 0.339979910851E+01 0.834317207336E+01 0.919460415840E+00 0.863656222820E+00 0.515313148499E+01 0.339979910851E+01 0.000000000000E+00 0.339979910851E+01 0.000000000000E+00 0.339979910851E+01 0.448606157303E+01 0.486500740051E+01 0.501733207703E+01 0.000000000000E+00 0.339979910851E+01 0.000000000000E+00 0.000000000000E+00
0.000000000000E+00 0.000000000000E+00 0.339979910851E+01 0.423523473740E+01 0.000000000000E+00 0.000000000000E+00 0.469080352783E+01 0.000000000000E+00 0.501733207703E+01 0.515313148499E+01 0.905470275879E+01 0.000000000000E+00 0.000000000000E+00 0.339979910851E+01 0.000000000000E+00 0.000000000000E+00 0.000000000000E+00 0.000000000000E+00 0.000000000000E+00 0.339979910851E+01 0.558842563629E+01 0.567860841751E+01 0.000000000000E+00 0.339979910851E+01 0.000000000000E+00 0.339979910851E+01 0.000000000000E+00 0.390534353256E+01 0.423523473740E+01 0.857610404491E+00 0.339979910851E+01 0.339979910851E+01 0.000000000000E+00 0.000000000000E+00 0.469080352783E+01 0.000000000000E+00 0.000000000000E+00 0.339979910851E+01 0.000000000000E+00 0.339979910851E+01 0.390534353256E+01 0.757749700546E+01 0.339979910851E+01
0.000000000000E+00 0.000000000000E+00 0.000000000000E+00 0.000000000000E+00 0.000000000000E+00 0.000000000000E+00 0.000000000000E+00 0.000000000000E+00 0.390534353256E+01 0.000000000000E+00 0.806242084503E+01 0.423523473740E+01 0.339979910851E+01 0.000000000000E+00 0.339979910851E+01 0.339979910851E+01 0.000000000000E+00 0.339979910851E+01 0.390534353256E+01 0.000000000000E+00 0.339979910851E+01 0.390534353256E+01 0.000000000000E+00 0.724675798416E+01 0.339979910851E+01 0.000000000000E+00 0.000000000000E+00 0.000000000000E+00 0.339979910851E+01 0.853503644466E+00 0.000000000000E+00 0.448606157303E+01 0.339979910851E+01 0.000000000000E+00 0.339979910851E+01 0.339979910851E+01 0.000000000000E+00 0.000000000000E+00 0.339979910851E+01 0.339979910851E+01 0.000000000000E+00 0.339979910851E+01 0.000000000000E+00
0.000000000000E+00 0.000000000000E+00 0.000000000000E+00 0.390534353256E+01 0.000000000000E+00 0.423523473740E+01 0.000000000000E+00 0.000000000000E+00 0.000000000000E+00 0.000000000000E+00 0.795193529129E+01 0.390534353256E+01 0.000000000000E+00 0.390534353256E+01 0.339979910851E+01 0.000000000000E+00 0.339979910851E+01 0.390534353256E+01 0.000000000000E+00 0.339979910851E+01 0.390534353256E+01 0.423523473740E+01 0.469080352783E+01 0.812591266632E+01 0.000000000000E+00 0.339979910851E+01 0.000000000000E+00 0.339979910851E+01 0.000000000000E+00 0.390534353256E+01 0.000000000000E+00 0.448606157303E+01 0.339979910851E+01 0.339979910851E+01 0.000000000000E+00 0.339979910851E+01 0.390534353256E+01 0.448606157303E+01 0.469080352783E+01 0.000000000000E+00 0.339979910851E+01 0.000000000000E+00 0.339979910851E+01
0.000000000000E+00 0.000000000000E+00 0.000000000000E+00 0.339979910851E+01 0.000000000000E+00 0.000000000000E+00 0.339979910851E+01 0.390534353256E+01 0.000000000000E+00 0.000000000000E+00 0.754973983765E+01 0.339979910851E+01 0.469080352783E+01 0.339979910851E+01 0.000000000000E+00 0.339979910851E+01 0.390534353256E+01 0.000000000000E+00 0.339979910851E+01 0.390534353256E+01 0.000000000000E+00 0.000000000000E+00 0.000000000000E+00 0.390534353256E+01 0.000000000000E+00 0.339979910851E+01 0.000000000000E+00 0.339979910851E+01 0.000000000000E+00 0.339979910851E+01 0.845807731152E+00 0.339979910851E+01 0.000000000000E+00 0.339979910851E+01 0.339979910851E+01 0.339979910851E+01 0.000000000000E+00 0.339979910851E+01 0.000000000000E+00 0.339979910851E+01 0.000000000000E+00 0.000000000000E+00 0.000000000000E+00
0.000000000000E+00 0.000000000000E+00 0.339979910851E+01 0.000000000000E+00 0.339979910851E+01 0.390534353256E+01 0.423523473740E+01 0.448606157303E+01 0.000000000000E+00 0.339979910851E+01 0.752156829834E+01 0.000000000000E+00 0.339979910851E+01 0.000000000000E+00 0.339979910851E+01 0.448606157303E+01 0.469080352783E+01 0.486500740051E+01 0.501733207703E+01 0.515313148499E+01 0.584347915649E+01 0.000000000000E+00 0.000000000000E+00 0.339979910851E+01 0.000000000000E+00 0.000000000000E+00 0.339979910851E+01 0.423523473740E+01 0.339979910851E+01 0.000000000000E+00 0.423523473740E+01 0.000000000000E+00 0.000000000000E+00 0.390534353256E+01 0.000000000000E+00 0.339979910851E+01 0.576340103149E+01 0.000000000000E+00 0.000000000000E+00 0.339979910851E+01 0.783494377136E+01 0.788257646561E+01 0.000000000000E+00
0.000000000000E+00 0.339979910851E+01 0.000000000000E+00 0.339979910851E+01 0.448606157303E+01 0.469080352783E+01 0.486500740051E+01 0.000000000000E+00 0.339979910851E+01 0.000000000000E+00 0.390534353256E+01 0.390534353256E+01 0.000000000000E+00 0.339979910851E+01 0.000000000000E+00 0.339979910851E+01 0.390534353256E+01 0.423523473740E+01 0.448606157303E+01 0.000000000000E+00 0.000000000000E+00 0.339979910851E+01 0.469080352783E+01 0.000000000000E+00 0.339979910851E+01 0.549201583862E+01 0.469080352783E+01 0.527596282959E+01 0.000000000000E+00 0.448606157303E+01 0.339979910851E+01 0.000000000000E+00 0.339979910851E+01 0.000000000000E+00 0.339979910851E+01 0.000000000000E+00 0.000000000000E+00 0.339979910851E+01 0.339979910851E+01 0.000000000000E+00 0.339979910851E+01 0.000000000000E+00 0.000000000000E+00
0.000000000000E+00 0.339979910851E+01 0.390534353256E+01 0.538831806183E+01 0.549201583862E+01 0.558842563629E+01 0.000000000000E+00 0.339979910851E+01 0.000000000000E+00 0.339979910851E+01 0.339979910851E+01 0.339979910851E+01 0.339979910851E+01 0.000000000000E+00 0.339979910851E+01 0.000000000000E+00 0.339979910851E+01 0.000000000000E+00 0.000000000000E+00 0.000000000000E+00 0.390534353256E+01 0.000000000000E+00 0.000000000000E+00 0.339979910851E+01 0.390534353256E+01 0.000000000000E+00 0.339979910851E+01 0.000000000000E+00 0.339979910851E+01 0.390534353256E+01 0.000000000000E+00 0.339979910851E+01 0.000000000000E+00 0.339979910851E+01 0.567860841751E+01 0.000000000000E+00 0.339979910851E+01 0.000000000000E+00 0.000000000000E+00 0.765841388702E+01 0.339979910851E+01 0.000000000000E+00 0.000000000000E+00
0.000000000000E+00 0.339979910851E+01 0.000000000000E+00 0.339979910851E+01 0.390534353256E+01 0.000000000000E+00 0.339979910851E+01 0.000000000000E+00 0.339979910851E+01 0.000000000000E+00 0.339979910851E+01 0.000000000000E+00 0.000000000000E+00 0.339979910851E+01 0.000000000000E+00 0.339979910851E+01 0.448606157303E+01 0.469080352783E+01 0.000000000000E+00 0.000000000000E+00 0.000000000000E+00 0.339979910851E+01 0.390534353256E+01 0.000000000000E+00 0.339979910851E+01 0.390534353256E+01 0.000000000000E+00 0.707401800156E+01 0.448606157303E+01 0.339979910851E+01 0.000000000000E+00 0.339979910851E+01 0.390534353256E+01 0.000000000000E+00 0.000000000000E+00 0.423523473740E+01 0.339979910851E+01 0.390534353256E+01 0.000000000000E+00 0.390534353256E+01 0.339979910851E+01 0.000000000000E+00 0.000000000000E+00
0.000000000000E+00 0.000000000000E+00 0.339979910851E+01 0.469080352783E+01 0.000000000000E+00 0.448606157303E+01 0.000000000000E+00 0.423523473740E+01 0.000000000000E+00 0.339979910851E+01 0.000000000000E+00 0.000000000000E+00 0.390534353256E+01 0.000000000000E+00 0.339979910851E+01 0.486500740051E+01 0.000000000000E+00 0.339979910851E+01 0.390534353256E+01 0.000000000000E+00 0.339979910851E+01 0.000000000000E+00 0.000000000000E+00 0.339979910851E+01 0.469080352783E+01 0.000000000000E+00 0.339979910851E+01 0.688254404068E+01 0.339979910851E+01 0.000000000000E+00 0.000000000000E+00 0.339979910851E+01 0.000000000000E+00 0.501733207703E+01 0.000000000000E+00 0.339979910851E+01 0.000000000000E+00 0.339979910851E+01 0.740444374084E+01 0.339979910851E+01 0.339979910851E+01 0.000000000000E+00 0.000000000000E+00
0.000000000000E+00 0.339979910851E+01 0.000000000000E+00 0.000000000000E+00 0.000000000000E+00 0.000000000000E+00 0.501733207703E+01 0.390534353256E+01 0.339979910851E+01 0.339979910851E+01 0.390534353256E+01 0.486500740051E+01 0.000000000000E+00 0.339979910851E+01 0.448606157303E+01 0.000000000000E+00 0.339979910851E+01 0.527596282959E+01 0.538831806183E+01 0.000000000000E+00 0.558842563629E+01 0.000000000000E+00 0.423523473740E+01 0.469080352783E+01 0.000000000000E+00 0.390534353256E+01 0.000000000000E+00 0.339979910851E+01 0.000000000000E+00 0.423523473740E+01 0.339979910851E+01 0.339979910851E+01 0.000000000000E+00 0.339979910851E+01 0.000000000000E+00 0.339979910851E+01 0.339979910851E+01 0.423523473740E+01 0.714512777328E+01 0.000000000000E+00 0.390534353256E+01 0.000000000000E+00 0.000000000000E+00
0.000000000000E+00 0.000000000000E+00 0.000000000000E+00 0.000000000000E+00 0.423523473740E+01 0.000000000000E+00 0.000000000000E+00 0.339979910851E+01 0.515313148499E+01 0.527596282959E+01 0.538831806183E+01 0.549201583862E+01 0.558842563629E+01 0.636500549316E+01 0.743442249298E+01 0.746392488480E+01 0.000000000000E+00 0.339979910851E+01 0.799686431885E+01 0.804080581665E+01 0.828615188599E+01 0.830533313751E+01 0.875122642517E+01 0.000000000000E+00 0.804080581665E+01 0.339979910851E+01 0.339979910851E+01 0.339979910851E+01 0.567860841751E+01 0.000000000000E+00 0.339979910851E+01 0.000000000000E+00 0.339979910851E+01 0.339979910851E+01 0.390534353256E+01 0.538831806183E+01 0.549201583862E+01 0.688254404068E+01 0.699992799759E+01 0.390534353256E+01 0.000000000000E+00 0.000000000000E+00 0.000000000000E+00
