doc/content/FromLiterature/LaCecilia_2022_HP/prepro/dtm_Kc.txt
north:     0
south:           0.00000000
east:      0
west:            0.00000000
rows:    123
cols:    110
[rows 90 to 107 of 123, columns 0 to 38 of 110]
-9999.0000000000000 -9999.0000000000000 -9999.0000000000000 -9999.0000000000000 -9999.0000000000000 -9999.0000000000000 -6.3601771732716778E-002 -5.5433799612090176E-002 -3.5168466984676780E-002 9.2985641065463521E-003 9.5055713213249102E-003 1.3818235851054721E-002 -1.4565068895981441E-002 1.0604916317414980E-002 -9.3767016695256878E-003 1.6698427857049511E-003 1.4608735880315551E-002 -1.2198699832938547E-002 -2.9041566068564596E-002 -2.7596824515530075E-003 1.4895712344090904E-002 1.0286687468474618E-002 -6.1679420651510010E-003 -1.7370875351339458E-003 9.5376839231948209E-003 5.9938643402666358E-002 -9.7077660914445876E-002 1.6172656652651961E-002 0.22505301951482337 -3.8191846951580566E-002 -2.5845016871363136E-002 6.7550095555562295E-002 -3.5368122725585739E-002 2.5987264740416852E-002 -8.5266401818273468E-003 1.6568998920886754E-002 1.8520519770819511E-003 1.6548022713353282E-002 5.7475230080880043E-003
-9999.0000000000000 -9999.0000000000000 -9999.0000000000000 -9999.0000000000000 -9999.0000000000000 -9999.0000000000000 7.0897301447765751E-003 7.2992016871692555E-003 -3.3694570904549124E-003 -8.5944939687144940E-003 4.9265910606288233E-004 -1.9024454178181536E-003 3.5987453944615930E-002 -4.7934638656790558E-003 2.4819445073410115E-003 -9.8652004152196865E-004 -1.4756346151308353E-003 2.4793093471359579E-002 2.9932007853461447E-002 6.2815119951944772E-003 -5.6040454897818082E-003 -2.5671318421450373E-002 6.9816453538709689E-003 2.6468669701759144E-002 2.0201012487866689E-002 -2.7528736654085950E-002 7.2714405931902051E-002 1.9249399645786699E-002 6.7941623466686710E-002 -7.7296190117058039E-003 -2.3536105153306890E-002 3.3177545204358450E-003 1.9915951673723106E-002 -1.5589045462644684E-002 2.9858708482504621E-002 -3.6497507599316380E-002 5.3140411752327740E-002 -1.9283059519929976E-002 2.6304552913938406E-002
-9999.0000000000000 -9999.0000000000000 -9999.0000000000000 -9999.0000000000000 -9999.0000000000000 -9999.0000000000000 2.8906839138592736E-003 2.9826000859205549E-002 1.9718844984554340E-002 2.3222111641484442E-003 -8.4806165281915303E-003 -1.9976798576195710E-002 -4.9647952954302070E-002 -4.0914753751308840E-002 -1.7991174512196891E-002 3.3291207088984198E-002 1.2075649915563711E-002 -4.3713554734244762E-003 -4.8120362309026637E-003 -8.7102864319579219E-003 -1.7110452914760869E-002 1.0989631804308318E-002 -1.6605387698152663E-003 1.2495738851204185E-002 -7.0985608531244970E-002 -3.6266717342967251E-003 1.4366389105776855E-002 -2.1337730418859977E-002 5.7579247084898269E-002 -4.1737943471913369E-002 4.3065910341427115E-002 -4.1132778743411418E-002 2.6414009167089837E-002 -2.1977228345776367E-002 7.3279000701453323E-003 6.3491163122274732E-003 -4.0257619964593309E-003 3.7897023504135367E-002 -4.8727547269129416E-002
-9999.0000000000000 -9999.0000000000000 -9999.0000000000000 -9999.0000000000000 -9999.0000000000000 -9999.0000000000000 -2.3067740152107032E-002 4.1492615753430358E-003 6.4137594517178209E-003 6.4242194439068775E-003 1.2988752355823537E-002 1.4807586340269926E-002 2.5463618487917609E-003 1.6099538519538609E-003 0.14578804610353779 -9.8137258037211267E-002 2.1790739754043295E-003 2.2609499039802773E-004 -2.6123238141524351E-002 -1.9345227805173651E-003 1.4399003128760398E-003 1.4673878182595859E-003 4.4468819867172077E-002 -0.11861317682869689 2.1315608095691479E-002 0.13941739230457378 -6.6941588355117224E-002 1.2471347566388319E-002 1.3305547957757886E-002 4.0918335968052125E-003 -1.1303890913420836E-002 3.4169623367478683E-002 -1.6371440489030133E-002 -1.8537625977040229E-002 -1.9854751509573783E-002 3.3213131426224361E-002 -3.1007377592669329E-002 -6.2307595694581558E-003 -3.6785588031761990E-002
-9999.0000000000000 -9999.0000000000000 -9999.0000000000000 -9999.0000000000000 -9999.0000000000000 -9999.0000000000000 -1.2089553167905184E-002 -5.7905864129637122E-003 6.4176446242977655E-003 7.8597655784627563E-003 -2.6127836981655697E-003 1.5945962961681753E-002 4.7091491585222078E-002 0.10625285098553129 -6.6964839722861449E-002 8.5342751588461593E-002 -8.0088123310308838E-003 9.1866291017731940E-003 8.1900706255314312E-003 -3.4478197370009151E-003 8.1765775728070630E-003 4.3507147864040092E-002 -0.25286842218214162 2.8468147034692439E-002 9.1384770063675597E-002 -6.9124377758238952E-003 1.4726409931515446E-002 -1.8782435896628599E-003 4.8815621195708262E-003 1.7597938602952959E-002 -3.2594690526643724E-002 6.1384519191700140E-003 2.5235620195165346E-002 -2.8830971298436751E-002 -1.0874614343502110E-002 -3.2857488272008115E-002 2.9412293952062109E-002 -8.1518936803473427E-002 -3.0606496672805693E-002
-9999.0000000000000 -9999.0000000000000 -9999.0000000000000 -9999.0000000000000 -9999.0000000000000 -9999.0000000000000 1.3510736840994551E-002 -3.7978711950238310E-002 -2.0143974583645237E-003 -2.8004433632034579E-003 2.2843660050085233E-002 -3.2220710698876880E-003 7.5480780156169259E-003 -7.4989194764439457E-003 -2.3159846118713530E-002 -2.9939431740882164E-002 1.8096751083252607E-002 -2.9641421258455501E-002 -8.7520356339736306E-003 -1.1152636739699046E-002 -2.2703738337467088E-003 -3.0156765046574580E-002 1.4847020778933852E-002 3.9685497953657785E-002 2.3600299933604293E-002 1.0730536866196999E-003 4.6463520623833488E-003 -3.2966509544015067E-002 3.7369791676977543E-002 3.5582183687870521E-002 -8.4438400407767841E-003 -2.6071956481313250E-002 9.7163458760727902E-003 -2.1247020109815525E-003 -1.1199689393456983E-002 -7.7752953164952010E-002 -2.2799421010436412E-002 -2.9112260567922960E-002 -8.4224714067796542E-003
-9999.0000000000000 -9999.0000000000000 -9999.0000000000000 -9999.0000000000000 -9999.0000000000000 -9999.0000000000000 -2.6598437719590150E-002 -2.5542968661398627E-003 -1.0196972607895598E-003 1.0442478467515408E-002 -2.6439502740943869E-003 -3.2909188281049252E-003 -1.4388395338671020E-002 1.4228019799518932E-002 -1.8685993100954915E-003 7.8093392071021839E-002 -2.9969832156173128E-002 2.4564269223891501E-003 -2.1569925865752358E-003 9.7368020730254357E-003 1.3670214408921615E-002 1.2151052713986709E-002 6.0657608550964186E-002 2.8866154035714905E-002 4.1752631479152799E-002 2.6131239850074033E-002 -7.9755489325562257E-002 1.6960639520729195E-002 3.4503754792028309E-002 -1.7261072843955925E-002 4.1385416531578123E-002 -6.3399494543490455E-003 -2.1266364788925251E-002 -4.0496852000885805E-002 1.2148983147637887E-002 -2.7023281988089513E-002 -2.8265350168124080E-003 -1.1846425086845721E-002 1.4174554165995100E-002
-9999.0000000000000 -9999.0000000000000 -9999.0000000000000 -9999.0000000000000 -9999.0000000000000 -7.7053775096753901E-002 -3.2897793961471147E-002 -1.3873122467211707E-002 -9.6483982376060103E-003 2.6509459657714841E-003 -5.6243391494055764E-003 7.5431918856050367E-003 4.1504344095091768E-004 5.3520414169565952E-003 8.8436452622863600E-003 1.9861951319669032E-003 -7.2327127936016256E-002 -1.2175242168641322E-002 -7.5847950748836263E-003 1.5575762421053111E-002 -4.5121128558051867E-003 -2.3921079459126079E-003 -7.4925220138985322E-003 6.1122786654816182E-003 8.2337673348212848E-003 7.5562281202132186E-003 -2.5012124251507829E-002 -1.8989122000541171E-003 7.3380395283152947E-002 -2.4313062603098018E-003 -7.6641580213662958E-003 2.4132822392360330E-002 7.5548633888034141E-003 -5.9029399581116415E-002 -9.6255873902421726E-002 -2.7909886181781092E-002 -1.5978848651165917E-002 1.3993819373174725E-002 3.1881787254196034E-002
-9999.0000000000000 -9999.0000000000000 -9999.0000000000000 -9999.0000000000000 -9999.0000000000000 2.1135635454822478E-002 -3.2468458966023094E-002 -8.7376964204114171E-003 -3.1274514114379816E-003 -1.8192082106291647E-002 2.8035260815556652E-003 -5.3972576411156666E-003 6.9195026582482624E-003 -6.9914924301016281E-003 3.8656289934107489E-002 -1.4083874186250315E-002 1.5669729342137880E-003 9.7084349685185103E-003 3.8303173642344548E-002 -2.6310669211630903E-003 1.7911328225962333E-002 4.5416762252315033E-003 3.2161398266340249E-002 -1.3539623055542786E-002 3.5157655983707615E-003 1.1220364408615915E-002 -9.0386416876922726E-002 6.2279951441163911E-002 3.5835943917042266E-003 1.6599162239120425E-002 -2.7807336639932307E-002 -5.0083822261999797E-002 0.13051297368300629 -6.2787333169971773E-002 -5.4625823114347098E-002 -4.6767899276398441E-002 -2.4793433192875636E-002 -1.1386863508127737E-002 -1.6261717224698400E-005
-9999.0000000000000 -9999.0000000000000 -9999.0000000000000 -9999.0000000000000 1.6960973378019290E-002 -2.3152112392460095E-002 2.0727176532188224E-002 -2.0164619088713386E-002 -2.0153492724723918E-002 -1.1134308649838717E-002 -4.2736034774158244E-002 -8.5434686537419057E-004 1.4073944553127184E-002 3.4463825784622685E-003 1.7051713950912335E-002 -3.1721962533809746E-002 3.7101220969141729E-002 1.0187300599703327E-002 -2.0492535660705052E-002 -4.3761016273221993E-002 -3.7699285195114930E-002 -6.0127384659785295E-002 -1.4771031233989406E-002 9.7044517891920340E-002 -3.0422405462943888E-002 -6.5576936800653032E-002 1.0729696678078804E-002 4.7694831585336141E-002 -1.8751031006112327E-002 -0.14859772763782217 0.34550478069744722 -7.8510266901795578E-002 -0.12759992696317018 0.11202892247369370 2.0323829885039259E-002 -7.7160565933823977E-002 -3.1526677035117162E-002 -3.1052692739302071E-002 -3.2245510551830274E-002
-9999.0000000000000 -9999.0000000000000 -9999.0000000000000 -9999.0000000000000 4.4590829773320684E-002 -3.5383118787972158E-002 -2.2123159716025905E-002 -1.7531669814132372E-002 -2.0979490893269427E-002 -2.6060557953545338E-002 1.3386565794739225E-002 -2.0516200812470877E-002 -2.3456253888718640E-002 8.1292162547303773E-003 6.4830827757968619E-003 1.8838585945941944E-002 -1.0338051435807214E-002 3.6687019888535344E-002 -5.6934826277901016E-002 1.3434942139426280E-002 4.8104843371043187E-003 1.4572589361474337E-002 7.5637749512337926E-002 -6.2444897679296354E-003 -1.0196857762474814E-002 -1.3767494536113868E-002 3.0075554401045600E-002 1.9837500211954504E-002 -3.6796214433500890E-003 1.1674460505429346E-003 -0.32534591551458153 9.4902668954007119E-002 -2.2787753621269842E-002 -6.6565517380018341E-002 7.5304957069712908E-002 -5.4978651976037352E-002 0.13026607459042128 -9.6565665170712023E-002 -5.6289676981031531E-002
-9999.0000000000000 -9999.0000000000000 -9999.0000000000000 -9999.0000000000000 1.8075437003349560E-002 7.9467413224617992E-002 5.6563326726495555E-002 4.6360563237783968E-003 1.7719076523847889E-003 -1.5891082572937320E-002 -4.0611290286483880E-002 -1.0115890343978882E-002 -1.2021694030604818E-002 -3.4462026320281516E-002 3.9606365693885100E-002 1.3981992373583906E-002 -9.5074482080483944E-003 -7.9521726576540747E-002 -1.0503303997156871E-003 -5.3805407141503947E-003 2.0777165251914969E-003 9.2878727932099850E-002 -0.11506055680170683 -2.4838274598497970E-002 -3.2083421184355809E-002 -1.6905315485605303E-002 3.0946057075088209E-003 -2.6202200467653536E-002 -5.7571856585513718E-004 -3.3647269041586082E-002 -2.4899960228519188E-002 4.9165003661886433E-002 -2.1959013225773618E-002 8.1565585309244223E-002 4.5976600913853916E-002 -2.5128028284988859E-002 -3.1196393935348780E-002 7.2640548869818883E-002 3.1583339836053138E-002
-9999.0000000000000 -9999.0000000000000 -9999.0000000000000 -9999.0000000000000 3.0850343641807179E-002 -2.7605565756134783E-003 2.4081938647924645E-002 7.1598390110306456E-002 7.3328164811155977E-002 4.6233193483311778E-002 -3.7423740737746393E-003 -3.9364632909660968E-002 2.1375040184280596E-002 0.11111243732851245 -2.8422468420127744E-002 -1.2767893964802057E-002 -8.9099444462948892E-004 1.3452456066564431E-002 4.1803344780499553E-002 1.4895077778747799E-002 -3.2574368105313524E-003 -2.1042123366948821E-002 0.16072980934671741 6.7903583673521728E-002 -8.5221624538103127E-002 -3.5430925112174626E-002 -2.4393151919058147E-002 4.0907619212319321E-002 2.7727546707611121E-003 2.7332989228275029E-002 0.17369808391188918 6.7880006675977073E-002 -9.0095266344044547E-003 -2.1187717149040504E-002 6.2017997266668567E-002 1.5880694647576361E-002 3.3375118052691125E-002 1.6447111316835270E-002 -2.6918882472736584E-002
-9999.0000000000000 -9999.0000000000000 -9999.0000000000000 2.3938003728208035E-002 1.0483499340925051E-002 6.9460349216141620E-003 -1.0946086387059659E-002 -5.2137735156440896E-003 6.1653616417889079E-003 2.5744876287137338E-002 0.13131614257958996 0.26182210402458617 1.8811357011412962E-002 -6.1531334237699895E-002 5.7411063695396281E-002 -3.1213375682355524E-002 -1.7311505544345480E-002 3.7840764542338644E-003 -4.6087427291331681E-002 -4.2641140891054440E-002 3.6619053000585204E-002 -1.3988570409793458E-002 1.2628916074033934E-002 -0.20745765737891048 -1.3330687997968271E-002 -2.1879655556512900E-002 1.1900333489270339E-002 3.5242234464985603E-002 -2.2064856082563672E-002 0.17011476110623125 -0.15811065421200063 -9.2991090488310252E-002 3.4660596349319617E-002 7.1467971922118831E-002 1.3263028913057286E-002 8.7416009414775439E-003 -6.0262936263414613E-002 -1.7161063260259252E-002 6.6036930212724013E-002
-9999.0000000000000 -9999.0000000000000 -9999.0000000000000 1.4586628076813175E-002 1.6309347948561409E-003 -3.7352593047001257E-003 1.0033219537155226E-002 -4.3900977627046589E-003 -6.6177969999936439E-003 1.7238001832423445E-002 1.9186991291273985E-002 4.3507672899339073E-002 -6.7788986605729781E-002 4.5339762817565604E-002 -1.0271886552846001E-002 -6.8991075118152195E-002 3.1037880856931179E-002 -4.1321539088213052E-002 5.9561543268612134E-003 0.10959984359691624 -7.6406349419128564E-002 5.7202943947394329E-004 -1.5255113460095867E-002 2.9668168653243839E-002 -8.5898006802858098E-002 9.6826910090646076E-002 5.9467570269966840E-003 -9.4283877304544798E-003 -2.8284019427111506E-002 7.8283170456706092E-003 -9.4227243718483485E-004 7.1414430347504679E-002 -0.19900023397571950 0.18931791898582173 -0.15212833998429137 -2.0005307531399563E-002 -5.0132191077354192E-002 -7.2877280019638099E-002 -3.8980447831437337E-002
-9999.0000000000000 -9999.0000000000000 -9999.0000000000000 -9.4785267412466588E-003 -1.6192968318063824E-002 -1.1407397469870347E-002 -1.2984516750420247E-002 -1.4783235205341513E-002 -1.3624747630548476E-002 3.3998995698377624E-002 2.3513959363773672E-002 -2.1690860243339632E-002 2.8611546036647655E-002 -9.8615952412255976E-003 -4.5389616111921494E-002 4.4023902140241891E-002 -4.1656390265250878E-002 9.3322760446418532E-003 3.6346690921327612E-002 -4.8450338866494733E-002 5.1927496182669372E-004 4.1396740808695926E-003 5.2175286187330180E-002 0.12063320428891436 0.10580899079693051 -5.6733314461401570E-002 1.8744383718083995E-002 1.5782864782597043E-002 -1.5245412004375365E-003 2.0558528123336247E-002 0.17611639357902359 6.0733621109523954E-002 1.3917447760160408E-002 3.0434710973680709E-002 0.12148026207360206 -6.7356395407624226E-002 6.0505684510722395E-003 0.10131266951346693 9.1987583790830623E-004
-9999.0000000000000 -9999.0000000000000 -9999.0000000000000 -2.8416657921498095E-002 -1.8575245439289973E-002 -2.0677893034425222E-002 -1.2612824838647936E-002 -8.6370884912691289E-003 1.8087608165106524E-002 3.6963800597968638E-002 -1.8585337306439256E-002 2.3230778649330330E-003 3.1566143101258992E-002 -4.7823008749526080E-002 -1.9457078327250327E-002 -4.4004543328400342E-002 -8.4291415764742236E-003 1.0670530546725205E-003 -4.2683737458618212E-002 -1.6976497930288624E-002 2.8294608835371909E-002 -6.0202973070417588E-002 2.0333782496287343E-002 -2.2888446677339105E-002 -0.12867823785959218 -6.4143527840211878E-002 -5.3821081236678552E-002 -0.18119195842579330 3.0014704181696127E-002 2.5080904542976775E-004 7.1926494467992166E-002 -4.8552845958151764E-002 0.14530796278551109 -0.17829440846355338 -6.6370521165534116E-002 4.4557035375174759E-003 1.9964240619819471E-002 -0.15337014115311962 5.7193169438464281E-002
-9999.0000000000000 -9999.0000000000000 -9999.0000000000000 -5.3639914699226262E-003 -2.3304315803962132E-002 4.9561124294830250E-003 -2.2816197924940995E-002 -2.9604037176980649E-003 6.5938213555692488E-002 -1.3753948177649484E-002 2.4186199557901734E-002 -1.9000494894435397E-003 -2.6092047882721441E-002 -3.3213848604376340E-003 -3.8141721067549678E-002 3.5954728778468732E-002 2.5200360436749944E-003 -1.7334340711371628E-002 -2.9476655853734068E-003 2.8727255939715892E-002 5.3897080372515369E-003 9.9276210893121164E-002 4.1232458750854378E-002 -7.6042780223706169E-002 5.4834713821029571E-002 5.4209490047366506E-002 -2.1674340970350058E-002 9.3524829621611877E-002 -0.48161470368225306 4.6810824987490167E-002 4.4402013957547379E-002 -0.20318609564920961 8.3310370157901034E-002 3.0399286878927491E-002 2.0678942235013101E-002 -3.9221556818169002E-002 4.2861115741948799E-002 0.46021358556768721 -3.3286657470164113E-002
