doc/content/FromLiterature/LaCecilia_2022_HP/prepro/dtm_local_slope_2
north:     0
south:           0.00000000
east:      0
west:            0.00000000
rows:    123
cols:    110
[rows 76 to 94 of 123, columns 43 to 85 of 110]
0.000000000000E+00 0.770887807012E-01 0.764099583030E-01 0.856801271439E-01 0.000000000000E+00 0.926663428545E-01 0.908066555858E-01 0.000000000000E+00 0.000000000000E+00 0.851109102368E-01 0.738466978073E-01 0.681014508009E-01 0.000000000000E+00 0.000000000000E+00 0.000000000000E+00 0.752043426037E-01 0.000000000000E+00 0.620415471494E-01 0.000000000000E+00 0.000000000000E+00 0.547795630991E-01 0.675994083285E-01 0.660791322589E-01 0.519617423415E-01 0.438865832984E-01 0.391065403819E-01 0.538355745375E-01 0.549351274967E-01 0.000000000000E+00 0.000000000000E+00 0.217081774026E-01 0.246073156595E-01 0.159169733524E-01 0.000000000000E+00 0.260215289891E-01 0.000000000000E+00 0.000000000000E+00 0.484368130565E-01 0.000000000000E+00 0.144850825891E-01 0.570069476962E-01 0.695580914617E-01 0.650290772319E-01
0.798571035266E-01 0.000000000000E+00 0.000000000000E+00 0.000000000000E+00 0.000000000000E+00 0.000000000000E+00 0.853442549706E-01 0.917471051216E-01 0.884555205703E-01 0.973120331764E-01 0.953674912453E-01 0.000000000000E+00 0.830638334155E-01 0.982878431678E-01 0.981747061014E-01 0.000000000000E+00 0.707778558135E-01 0.814657732844E-01 0.686459243298E-01 0.735956728458E-01 0.000000000000E+00 0.612531267107E-01 0.591742321849E-01 0.535986945033E-01 0.390252247453E-01 0.000000000000E+00 0.375579781830E-01 0.541290231049E-01 0.421930626035E-01 0.000000000000E+00 0.000000000000E+00 0.173983629793E-01 0.000000000000E+00 0.191449169070E-01 0.000000000000E+00 0.000000000000E+00 0.000000000000E+00 0.440739654005E-01 0.194419007748E-01 0.000000000000E+00 0.232956334949E-01 0.524991415441E-01 0.583221688867E-01
0.783792510629E-01 0.774105116725E-01 0.908879712224E-01 0.785418823361E-01 0.822930857539E-01 0.827845260501E-01 0.000000000000E+00 0.855599194765E-01 0.865922942758E-01 0.000000000000E+00 0.000000000000E+00 0.000000000000E+00 0.000000000000E+00 0.000000000000E+00 0.000000000000E+00 0.914571881294E-01 0.000000000000E+00 0.000000000000E+00 0.898697376251E-01 0.909197926521E-01 0.851215124130E-01 0.000000000000E+00 0.000000000000E+00 0.731183737516E-01 0.572190806270E-01 0.000000000000E+00 0.293944291770E-01 0.491403862834E-01 0.514879785478E-01 0.000000000000E+00 0.000000000000E+00 0.234299823642E-01 0.162775982171E-01 0.160725377500E-01 0.000000000000E+00 0.000000000000E+00 0.346022695303E-01 0.000000000000E+00 0.297444462776E-01 0.000000000000E+00 0.131946122274E-01 0.000000000000E+00 0.242042653263E-01
0.805854275823E-01 0.000000000000E+00 0.841598510742E-01 0.000000000000E+00 0.000000000000E+00 0.926804840565E-01 0.856023505330E-01 0.799949914217E-01 0.942856147885E-01 0.691585764289E-01 0.793267711997E-01 0.000000000000E+00 0.767776519060E-01 0.700141787529E-01 0.829012021422E-01 0.806808844209E-01 0.824486538768E-01 0.899050906301E-01 0.100338451564E+00 0.000000000000E+00 0.996985211968E-01 0.946073532104E-01 0.866594687104E-01 0.910400003195E-01 0.820137783885E-01 0.000000000000E+00 0.000000000000E+00 0.000000000000E+00 0.000000000000E+00 0.000000000000E+00 0.000000000000E+00 0.000000000000E+00 0.000000000000E+00 0.159169733524E-01 0.000000000000E+00 0.000000000000E+00 0.000000000000E+00 0.000000000000E+00 0.000000000000E+00 0.227158050984E-01 0.000000000000E+00 0.524567179382E-01 0.000000000000E+00
0.000000000000E+00 0.000000000000E+00 0.785666331649E-01 0.732810124755E-01 0.765230953693E-01 0.850932300091E-01 0.943916812539E-01 0.790050402284E-01 0.884095579386E-01 0.000000000000E+00 0.000000000000E+00 0.000000000000E+00 0.801576226950E-01 0.826572477818E-01 0.780999436975E-01 0.000000000000E+00 0.000000000000E+00 0.000000000000E+00 0.963150113821E-01 0.110531397164E+00 0.105609931052E+00 0.966049283743E-01 0.000000000000E+00 0.000000000000E+00 0.000000000000E+00 0.778241753578E-01 0.626249089837E-01 0.421753823757E-01 0.373317040503E-01 0.502257943153E-01 0.000000000000E+00 0.000000000000E+00 0.000000000000E+00 0.000000000000E+00 0.167937856168E-01 0.000000000000E+00 0.000000000000E+00 0.000000000000E+00 0.000000000000E+00 0.411536134779E-01 0.263361912221E-01 0.136931231245E-01 0.349841080606E-01
0.658563897014E-01 0.698232576251E-01 0.000000000000E+00 0.000000000000E+00 0.000000000000E+00 0.938259959221E-01 0.959437862039E-01 0.000000000000E+00 0.828799828887E-01 0.876883119345E-01 0.000000000000E+00 0.000000000000E+00 0.772797018290E-01 0.000000000000E+00 0.849907025695E-01 0.000000000000E+00 0.000000000000E+00 0.000000000000E+00 0.870625227690E-01 0.000000000000E+00 0.000000000000E+00 0.103686600924E+00 0.955654829741E-01 0.937482193112E-01 0.768589749932E-01 0.685009658337E-01 0.000000000000E+00 0.000000000000E+00 0.000000000000E+00 0.000000000000E+00 0.491969548166E-01 0.000000000000E+00 0.000000000000E+00 0.000000000000E+00 0.000000000000E+00 0.405773222446E-01 0.273756384850E-01 0.000000000000E+00 0.000000000000E+00 0.439148657024E-01 0.374059490860E-01 0.281923469156E-01 0.205096323043E-01
0.000000000000E+00 0.622360035777E-01 0.653578788042E-01 0.556245557964E-01 0.621405430138E-01 0.752821266651E-01 0.922031924129E-01 0.102972425520E+00 0.000000000000E+00 0.000000000000E+00 0.862564221025E-01 0.000000000000E+00 0.762473270297E-01 0.000000000000E+00 0.000000000000E+00 0.772938430309E-01 0.816920474172E-01 0.000000000000E+00 0.826749280095E-01 0.979590415955E-01 0.114374518394E+00 0.118281289935E+00 0.114226028323E+00 0.114254310727E+00 0.000000000000E+00 0.792454555631E-01 0.736911296844E-01 0.000000000000E+00 0.601111464202E-01 0.000000000000E+00 0.000000000000E+00 0.496848598123E-01 0.510425046086E-01 0.000000000000E+00 0.000000000000E+00 0.241865869612E-01 0.129435900599E-01 0.708167441189E-02 0.000000000000E+00 0.000000000000E+00 0.388979427516E-01 0.393893830478E-01 0.329122841358E-01
0.591247342527E-01 0.000000000000E+00 0.630774572492E-01 0.000000000000E+00 0.635406151414E-01 0.594146475196E-01 0.000000000000E+00 0.100066214800E+00 0.928113013506E-01 0.000000000000E+00 0.108473718166E+00 0.828905925155E-01 0.000000000000E+00 0.786550194025E-01 0.000000000000E+00 0.000000000000E+00 0.000000000000E+00 0.865463316441E-01 0.000000000000E+00 0.903293564916E-01 0.103569932282E+00 0.113469421864E+00 0.000000000000E+00 0.124648787081E+00 0.000000000000E+00 0.000000000000E+00 0.000000000000E+00 0.000000000000E+00 0.000000000000E+00 0.565437935293E-01 0.000000000000E+00 0.000000000000E+00 0.523789338768E-01 0.000000000000E+00 0.000000000000E+00 0.000000000000E+00 0.000000000000E+00 0.000000000000E+00 0.150578385219E-01 0.141209224239E-01 0.000000000000E+00 0.000000000000E+00 0.509329028428E-01
0.542527660728E-01 0.564165152609E-01 0.683524757624E-01 0.671327188611E-01 0.657043606043E-01 0.585342980921E-01 0.000000000000E+00 0.694555640221E-01 0.806950256228E-01 0.100787468255E+00 0.000000000000E+00 0.000000000000E+00 0.000000000000E+00 0.000000000000E+00 0.898838788271E-01 0.000000000000E+00 0.000000000000E+00 0.896045714617E-01 0.861291438341E-01 0.000000000000E+00 0.000000000000E+00 0.100062683225E+00 0.105390727520E+00 0.117913588881E+00 0.123506806791E+00 0.116768077016E+00 0.938436761498E-01 0.865569412708E-01 0.876741707325E-01 0.000000000000E+00 0.588843189180E-01 0.653366670012E-01 0.000000000000E+00 0.000000000000E+00 0.000000000000E+00 0.000000000000E+00 0.000000000000E+00 0.000000000000E+00 0.000000000000E+00 0.000000000000E+00 0.130779398605E-01 0.000000000000E+00 0.000000000000E+00
0.000000000000E+00 0.000000000000E+00 0.513324178755E-01 0.625789538026E-01 0.638977065682E-01 0.000000000000E+00 0.661498382688E-01 0.000000000000E+00 0.000000000000E+00 0.776261836290E-01 0.000000000000E+00 0.101536996663E+00 0.000000000000E+00 0.000000000000E+00 0.000000000000E+00 0.923198610544E-01 0.000000000000E+00 0.000000000000E+00 0.108169659972E+00 0.822117701173E-01 0.869175642729E-01 0.916268974543E-01 0.964034050703E-01 0.103987120092E+00 0.107565082610E+00 0.000000000000E+00 0.000000000000E+00 0.000000000000E+00 0.865039080381E-01 0.000000000000E+00 0.000000000000E+00 0.000000000000E+00 0.000000000000E+00 0.000000000000E+00 0.000000000000E+00 0.000000000000E+00 0.000000000000E+00 0.000000000000E+00 0.000000000000E+00 0.130072291940E-01 0.102212289348E-01 0.852417200804E-02 0.000000000000E+00
0.521208420396E-01 0.529234074056E-01 0.531496815383E-01 0.000000000000E+00 0.601712502539E-01 0.000000000000E+00 0.000000000000E+00 0.000000000000E+00 0.000000000000E+00 0.000000000000E+00 0.796343684196E-01 0.000000000000E+00 0.600545778871E-01 0.000000000000E+00 0.916551798582E-01 0.000000000000E+00 0.102480985224E+00 0.118702016771E+00 0.117768637836E+00 0.000000000000E+00 0.000000000000E+00 0.000000000000E+00 0.893181934953E-01 0.000000000000E+00 0.100833423436E+00 0.982383415103E-01 0.111786514521E+00 0.109866715968E+00 0.000000000000E+00 0.920688360929E-01 0.000000000000E+00 0.645270273089E-01 0.629501789808E-01 0.756392106414E-01 0.731360539794E-01 0.000000000000E+00 0.000000000000E+00 0.000000000000E+00 0.317490957677E-01 0.000000000000E+00 0.000000000000E+00 0.768978614360E-02 0.808576587588E-02
0.490732118487E-01 0.000000000000E+00 0.452548339963E-01 0.488681495190E-01 0.000000000000E+00 0.416980870068E-01 0.476731397212E-01 0.000000000000E+00 0.000000000000E+00 0.000000000000E+00 0.444416627288E-01 0.896081104875E-01 0.000000000000E+00 0.669524073601E-01 0.000000000000E+00 0.000000000000E+00 0.000000000000E+00 0.000000000000E+00 0.000000000000E+00 0.125267505646E+00 0.112472407520E+00 0.106338255107E+00 0.952826365829E-01 0.992990061641E-01 0.103531040251E+00 0.101250618696E+00 0.100373804569E+00 0.109028793871E+00 0.998823717237E-01 0.000000000000E+00 0.758265927434E-01 0.000000000000E+00 0.000000000000E+00 0.000000000000E+00 0.000000000000E+00 0.000000000000E+00 0.650467500091E-01 0.000000000000E+00 0.000000000000E+00 0.000000000000E+00 0.000000000000E+00 0.000000000000E+00 0.000000000000E+00
0.000000000000E+00 0.348144024611E-01 0.448447130620E-01 0.000000000000E+00 0.475387871265E-01 0.000000000000E+00 0.427764244378E-01 0.512510985136E-01 0.388236977160E-01 0.304268039763E-01 0.358715280890E-01 0.686918869615E-01 0.000000000000E+00 0.000000000000E+00 0.461139678955E-01 0.000000000000E+00 0.820738822222E-01 0.000000000000E+00 0.103485077620E+00 0.115894801915E+00 0.000000000000E+00 0.000000000000E+00 0.120031379163E+00 0.000000000000E+00 0.000000000000E+00 0.000000000000E+00 0.100950099528E+00 0.106522098184E+00 0.109894998372E+00 0.107664078474E+00 0.689924061298E-01 0.000000000000E+00 0.580145753920E-01 0.578307285905E-01 0.548785589635E-01 0.714566782117E-01 0.000000000000E+00 0.709723085165E-01 0.000000000000E+00 0.587747171521E-01 0.000000000000E+00 0.000000000000E+00 0.000000000000E+00
0.369109734893E-01 0.000000000000E+00 0.309005659074E-01 0.401778072119E-01 0.450179539621E-01 0.403828695416E-01 0.000000000000E+00 0.488575436175E-01 0.389297641814E-01 0.000000000000E+00 0.000000000000E+00 0.000000000000E+00 0.000000000000E+00 0.000000000000E+00 0.000000000000E+00 0.415000952780E-01 0.000000000000E+00 0.793126299977E-01 0.965377539396E-01 0.932673811913E-01 0.112486548722E+00 0.000000000000E+00 0.142545655370E+00 0.122629992664E+00 0.107890352607E+00 0.116541802883E+00 0.000000000000E+00 0.000000000000E+00 0.000000000000E+00 0.126427158713E+00 0.000000000000E+00 0.568619929254E-01 0.000000000000E+00 0.000000000000E+00 0.000000000000E+00 0.617657788098E-01 0.000000000000E+00 0.000000000000E+00 0.000000000000E+00 0.000000000000E+00 0.653189867735E-01 0.000000000000E+00 0.000000000000E+00
0.279024336487E-01 0.309571344405E-01 0.315192863345E-01 0.237729307264E-01 0.287156067789E-01 0.284327641129E-01 0.402449816465E-01 0.538355745375E-01 0.505298487842E-01 0.388272330165E-01 0.457993075252E-01 0.000000000000E+00 0.448234975338E-01 0.000000000000E+00 0.000000000000E+00 0.000000000000E+00 0.000000000000E+00 0.000000000000E+00 0.000000000000E+00 0.000000000000E+00 0.817662924528E-01 0.831416174769E-01 0.117114558816E+00 0.000000000000E+00 0.130977392197E+00 0.119023747742E+00 0.000000000000E+00 0.104916967452E+00 0.139929354191E+00 0.000000000000E+00 0.161397129297E+00 0.000000000000E+00 0.731572657824E-01 0.805076435208E-01 0.000000000000E+00 0.000000000000E+00 0.650078654289E-01 0.623703524470E-01 0.671150386333E-01 0.717430561781E-01 0.000000000000E+00 0.700954943895E-01 0.609526038170E-01
0.315369628370E-01 0.288358144462E-01 0.285529717803E-01 0.000000000000E+00 0.254770573229E-01 0.000000000000E+00 0.185580179095E-01 0.311268400401E-01 0.427905656397E-01 0.000000000000E+00 0.000000000000E+00 0.000000000000E+00 0.000000000000E+00 0.000000000000E+00 0.000000000000E+00 0.291822962463E-01 0.312116928399E-01 0.408990569413E-01 0.558154731989E-01 0.000000000000E+00 0.735850706697E-01 0.000000000000E+00 0.686742141843E-01 0.979448929429E-01 0.000000000000E+00 0.116269566119E+00 0.103707812726E+00 0.000000000000E+00 0.128064110875E+00 0.000000000000E+00 0.000000000000E+00 0.145243272185E+00 0.000000000000E+00 0.000000000000E+00 0.749462470412E-01 0.000000000000E+00 0.000000000000E+00 0.000000000000E+00 0.000000000000E+00 0.641734749079E-01 0.728814974427E-01 0.000000000000E+00 0.000000000000E+00
0.000000000000E+00 0.000000000000E+00 0.213369466364E-01 0.000000000000E+00 0.227264128625E-01 0.193499773741E-01 0.000000000000E+00 0.188161116093E-01 0.290373396128E-01 0.389403700829E-01 0.373387746513E-01 0.000000000000E+00 0.298929400742E-01 0.000000000000E+00 0.000000000000E+00 0.000000000000E+00 0.000000000000E+00 0.296560581774E-01 0.324844866991E-01 0.559250749648E-01 0.541749857366E-01 0.567806735635E-01 0.000000000000E+00 0.776049718261E-01 0.853371843696E-01 0.113936118782E+00 0.000000000000E+00 0.926557406783E-01 0.817486122251E-01 0.113826513290E+00 0.128983348608E+00 0.000000000000E+00 0.000000000000E+00 0.000000000000E+00 0.000000000000E+00 0.863872319460E-01 0.777640715241E-01 0.593333318830E-01 0.000000000000E+00 0.000000000000E+00 0.610834211111E-01 0.705480426550E-01 0.731325224042E-01
0.000000000000E+00 0.000000000000E+00 0.208667218685E-01 0.000000000000E+00 0.000000000000E+00 0.000000000000E+00 0.000000000000E+00 0.000000000000E+00 0.000000000000E+00 0.211707763374E-01 0.335310027003E-01 0.000000000000E+00 0.284857973456E-01 0.315475687385E-01 0.000000000000E+00 0.000000000000E+00 0.000000000000E+00 0.000000000000E+00 0.000000000000E+00 0.349699668586E-01 0.495646484196E-01 0.476802103221E-01 0.560983158648E-01 0.772337391973E-01 0.000000000000E+00 0.777287110686E-01 0.925249233842E-01 0.000000000000E+00 0.000000000000E+00 0.000000000000E+00 0.116336740553E+00 0.119221739471E+00 0.121675401926E+00 0.128011077642E+00 0.121099106967E+00 0.000000000000E+00 0.000000000000E+00 0.000000000000E+00 0.664008632302E-01 0.602631755173E-01 0.593757554889E-01 0.623597465456E-01 0.000000000000E+00
0.000000000000E+00 0.199262686074E-01 0.000000000000E+00 0.000000000000E+00 0.107515584677E-01 0.270362272859E-01 0.000000000000E+00 0.000000000000E+00 0.115611962974E-01 0.000000000000E+00 0.132335033268E-01 0.000000000000E+00 0.000000000000E+00 0.000000000000E+00 0.196752455086E-01 0.434163585305E-02 0.232850257307E-01 0.419738590717E-01 0.373670570552E-01 0.000000000000E+00 0.376145467162E-01 0.316889919341E-01 0.452194772661E-01 0.529340133071E-01 0.691727176309E-01 0.738926604390E-01 0.713506117463E-01 0.664538964629E-01 0.767953321338E-01 0.000000000000E+00 0.974852740765E-01 0.000000000000E+00 0.119628325105E+00 0.000000000000E+00 0.000000000000E+00 0.129711672664E+00 0.116432204843E+00 0.999813601375E-01 0.000000000000E+00 0.000000000000E+00 0.000000000000E+00 0.661569088697E-01 0.629112869501E-01
