doc/content/FromLiterature/LaCecilia_2022_HP/prepro/dtm_Kc.txt
north:     0
south:           0.00000000
east:      0
west:            0.00000000
rows:    123
cols:    110
[rows 72 to 89 of 123, columns 39 to 77 of 110]
-4.1552736084224551E-002 3.3495774666570409E-002 -9.1286546208924450E-003 -8.9293704188895158E-003 3.1202462675714001E-003 -6.8421548478408535E-003 2.9453237887285570E-003 -5.4397234135674022E-003 -6.1994150179450298E-003 1.5230175076561402E-002 -3.6036474731601983E-003 -8.8293971119712614E-003 1.7415257465544735E-003 1.0209995750462681E-002 -4.1186086333662103E-003 2.8649725503628494E-003 1.5101140484805634E-003 -1.9191154953290973E-003 4.8713681421587336E-003 2.6300865565501350E-002 4.6880104064182448E-003 -7.3674424801955908E-003 -2.4021305866035327E-002 -2.0193942869863764E-002 1.1216050601496528E-002 -2.1395049170399357E-002 2.1584786376700242E-002 -8.6850842789773577E-003 1.6537783204363405E-002 3.0653459950662470E-002 -5.0798394378641476E-002 3.3238373248249985E-002 8.1128497226119881E-002 -1.5411763849990791E-003 -1.0153927350992329E-003 -5.3419709181717984E-002 6.5808008333791732E-002 -2.7155409062635531E-002 -4.1693543772453920E-002
-1.7896298043944676E-002 6.1498425760586140E-003 -3.7821602886348095E-002 2.1432158604410063E-002 -1.0089744105280341E-002 4.7746375256401781E-003 -1.5216668278185948E-003 -1.1541565463040955E-002 1.2292600555353101E-002 -1.5713432839536015E-003 -2.2370921518240086E-003 5.2305327444064978E-003 1.7629231750655875E-003 -7.4684790020647547E-003 -1.9441767256729596E-003 -9.7149609016323815E-003 1.1464591374979126E-002 5.2196190602509214E-003 -1.6174470696254178E-003 1.8659410166319310E-002 -1.9794169420734184E-002 5.6308193273304601E-003 -4.1509225490144810E-002 9.6361806881461662E-003 -2.2430593709241838E-002 1.8927112809592472E-002 9.9302922113587988E-004 1.4655047370160953E-002 -1.8954468367131744E-002 6.7081079669325866E-003 4.7699198810539668E-003 -1.7072031196971101E-002 4.8466296916294992E-003 0.10298161871572134 -6.9100599264098920E-003 3.1399778285612551E-002 -4.0862535308176233E-002 6.3041586709748857E-003 8.0336646541422085E-003
-2.6718476867552035E-002 1.4211651314698984E-002 2.4050555505164745E-002 -3.7641526075970808E-002 1.3999057232929249E-002 3.5449698133668138E-003 -8.2624127218695019E-003 -6.0993023259532219E-004 1.0274820047293264E-002 -9.9625786687865311E-003 1.1758622877173447E-002 -6.4264870346732329E-003 -3.9515782619621792E-003 -7.1919909733041149E-003 -5.7936006329288416E-003 -1.6392222581612073E-003 8.5565076353317122E-003 3.1225314982376105E-003 5.2542817425212914E-003 -4.0123283162748205E-003 -3.2017313826448020E-002 -8.9871225353080602E-003 6.5710301947124149E-003 -4.4299544092669778E-003 1.0497241502623484E-002 6.6875426647946190E-003 -3.0385208683232027E-002 2.3301828999636033E-003 1.3461271430641197E-002 6.8896289027225799E-003 -4.8231339913240735E-003 -3.2414470268507800E-002 3.4753925016271843E-002 2.6605706871283663E-002 6.2042935246148845E-002 -7.9270662936578619E-003 -7.6469363464491038E-003 -3.3597585833272908E-002 -1.1968592694856884E-002
3.4119513823695921E-002 -4.5783970099150452E-002 2.1233535268170876E-002 -7.1846907157080558E-003 3.3061799674053006E-003 -1.9479472004300591E-004 -1.0247228600717603E-002 1.0035324111319936E-002 8.1568679414133829E-003 1.6396930928722388E-003 -7.7189617791999596E-003 5.3797467101006271E-004 -4.1474597977178510E-003 -2.2066157311725352E-003 -8.6379014394361714E-003 2.6101879772449977E-002 -1.2961534447100257E-003 1.7471361246982537E-003 -4.6953155541849779E-004 -2.6736465883610519E-002 4.0861780473117976E-002 -2.9679493800040740E-002 7.5769540563439975E-003 7.4049243264833623E-003 -1.1648506908591656E-002 -4.4267475478685413E-003 1.9240854831725916E-002 1.9982158483491837E-002 -2.7880782073750948E-003 3.1473721077059921E-005 -7.1039857724527183E-003 6.7406079140902911E-004 1.7001652678536920E-002 7.3025353644150109E-002 1.5176131141248930E-002 3.2044874999902100E-002 1.8731171587108741E-002 1.6048910849996930E-002 -1.2465491909749601E-002
-2.3580856679404027E-002 5.5246036319346693E-002 -2.2070119806982934E-002 -1.0901109686703202E-002 4.8458689266904212E-003 -4.5692412890144156E-003 1.3811152367544037E-002 2.0170841376781273E-003 -1.2546669215322539E-003 -1.1940143245265602E-002 7.7146968988312673E-003 -1.0599300024356377E-002 -6.0503040651486628E-003 -5.1773330596309444E-003 2.6332108630291572E-002 1.8654488232215390E-002 -1.8469057857198934E-002 -6.9965976767541304E-003 -7.9166554300155235E-004 1.6899070048675174E-002 -2.0827128307112842E-002 1.2531433265083679E-002 -1.4873880974707533E-003 -1.5839136224613758E-002 1.0267707361086904E-002 -2.8819798387784354E-003 -7.2362901793752217E-004 -3.5392797256495264E-003 -1.0453706410731359E-002 1.6389072580854459E-002 -2.4857965475310193E-002 -7.5641988663163583E-003 1.3419897522103379E-003 4.6582349639591021E-002 3.3675302238741392E-002 -1.0587395588994767E-002 2.2233046820606134E-002 -2.2578218639525090E-002 1.7399152822661023E-003
2.4599119740135841E-002 -2.4696252433518490E-002 -4.6977382604668000E-003 7.2891337298809792E-003 -1.9333090569755042E-003 -3.7039789368849070E-003 -3.0641111703411873E-003 1.1557274653555678E-002 -3.0362956392306307E-003 -8.8993014701570130E-004 -8.1694616728780547E-003 -1.0608950885202216E-002 2.3673905450279947E-005 1.3156362188203610E-002 1.0678408233996978E-003 1.3939862363172954E-003 -2.4642765399474440E-003 -6.8565248511683972E-003 -2.2779524428384614E-003 -8.1700626164271095E-003 2.3869479248462121E-002 -1.6758455568743068E-002 1.7918967510869533E-003 1.6431467209966643E-003 3.6510087189549120E-003 1.2730766534592066E-003 5.5246789434586730E-003 -1.9503793997830649E-003 7.8760562080415122E-003 1.7068053323172013E-002 -8.8183781463247769E-003 -9.2326888409048659E-003 2.0061877466946942E-002 -4.1000664870452569E-003 5.6997823501173682E-002 4.2641449739986688E-002 -1.4843764908472419E-003 2.4373149002955424E-002 1.0244471640750277E-002
5.3552666386695281E-005 1.1370784849543904E-002 -1.1881407025565627E-003 -3.5063100212225462E-003 -5.9698226562309416E-003 8.7542874075895918E-003 -3.1318166567296884E-003 7.6329401772541978E-003 -5.3405048462281581E-003 -9.2006520131870904E-003 -3.9467538781911846E-003 -1.3947607922854344E-003 2.8181865724952993E-003 1.4908173082889749E-002 -7.6002846070914887E-003 3.1531556132586722E-002 -2.2470015404936518E-002 -7.3234556184345210E-003 -1.3713355028743135E-002 1.3089241890578389E-002 4.5564267319882753E-003 -4.4554638057218024E-003 9.0561732624076113E-004 -1.1230398095082006E-003 -2.9950604150217317E-003 4.6216421969571550E-003 4.6240987166573898E-003 -2.8233068373071488E-003 6.5880514939563838E-003 6.2138896561277383E-003 3.1826639459475847E-003 5.2762893446174778E-003 -6.2383613442785766E-003 1.4027406190243487E-002 2.6158199845779082E-002 -1.2878389798853754E-003 7.5886418137745507E-002 1.8221814896705096E-003 -1.7577792640074932E-002
1.6248116615201907E-002 -1.9944929474224854E-002 5.4796819960424249E-003 4.3675197159306059E-003 -5.6046415403406425E-003 6.4151781857254018E-003 -2.5785639875950941E-003 9.9193799052492405E-004 -4.4765728759809066E-003 -1.4596365248557666E-002 -1.7249155888272544E-003 1.1547915816075779E-002 -9.8410838498601758E-003 1.1674694903900563E-002 -6.5760296522395260E-004 1.4843979747186674E-002 -2.7229763107839911E-002 2.6969268701650972E-003 8.8554248773637708E-003 1.3495721960400824E-002 -7.0343069389876484E-004 1.0129648862317545E-003 -4.8147953985639320E-003 -5.3844767828733989E-003 1.6784841016172056E-003 -1.9643773339321061E-003 -2.5578847132722627E-003 -7.5407816877800047E-003 -3.0190371899989901E-003 -2.4907001504236477E-003 1.1370101471126404E-002 7.3590206321208825E-003 2.6090831075088728E-003 -1.6377114184218274E-002 8.1628336383093338E-003 4.2217143364587408E-003 8.7448720485132081E-003 9.9450043064782959E-002 -8.3684011900980616E-003
3.8856910374819274E-003 -1.0933134485053782E-002 -2.7429855044008498E-002 1.0298349509450643E-002 7.7721456764675836E-003 -4.0293119783071894E-003 -4.7151959615244505E-003 5.1033279917010845E-003 -6.1929889221896467E-003 3.5730857025309776E-003 -1.2384548569563032E-003 2.5617903571875096E-003 -1.5943488377622929E-003 9.9867315879189344E-003 1.6243960738223019E-002 1.8533812071040430E-003 -1.5567057398712334E-002 1.5108122620290582E-003 1.6637125798759471E-002 -1.7498410819794797E-003 -3.6126229127973102E-004 -1.7772600189047757E-003 -3.4591926674921508E-003 -4.9538900256497357E-003 -2.2594954337109350E-003 -3.4216283718963300E-003 -1.0862829797356718E-003 -1.2449119799492264E-003 2.3732546666727392E-004 -1.2394804535808784E-003 -3.4740314931261227E-003 1.2680213535730111E-002 -1.9692695466485750E-003 9.9238905798326518E-003 -1.4481735771249062E-002 4.4290318359435444E-003 -2.7368268267764732E-003 8.6711550982986416E-003 0.10552752289351551
-3.4694481107817629E-002 8.5045509021206217E-004 2.0688813355920158E-002 -4.9674359317746523E-003 2.8323128588140308E-003 -4.7934626997763758E-003 -4.0339304897784398E-003 5.2508606781683075E-003 -1.6792724180237029E-002 -9.1737628263980665E-003 4.1956480283241926E-003 -1.8784489104030418E-003 1.9454849665065610E-002 7.8211118570337499E-003 -1.1398127231073123E-002 6.9466449814614686E-003 -4.7004313721403313E-003 7.1197500823190398E-003 -5.8324113548146005E-003 6.7604809091082263E-003 7.1570170415843535E-004 -7.6144288460906614E-003 5.1446393065258536E-003 -1.0444153178465768E-002 -7.4138295283416224E-003 5.0990371539833849E-003 4.7453169588607680E-003 -4.0841776433972916E-003 5.0050310488867515E-003 2.6750883026910497E-003 1.6121009920061005E-002 -1.1617619262016151E-003 -3.7113061003762500E-003 9.9577490150104080E-003 -6.0431872529797702E-003 -3.6775412012181115E-003 -1.0794041443851007E-002 3.5054877830126029E-002 2.3570202485114714E-002
-4.8422058499499468E-003 4.8662915777059152E-003 -3.2993095969322143E-002 1.3167021033552866E-002 1.5084395303126676E-003 -3.6792612045045622E-003 -3.9399030428097998E-003 -1.5843358626407482E-003 -1.2985606851383430E-003 1.3814760071371586E-002 4.1948207478060020E-005 1.0256972390642412E-002 6.1374422363446946E-003 -3.6154145086943856E-003 -3.0480334439263127E-003 1.4642397653033675E-002 -2.4996489956450848E-004 -9.3765916397579949E-003 1.5434129673716215E-003 8.7616387434002810E-003 -4.3151386966625944E-003 -9.8556774522579622E-003 1.9620322939879042E-003 -9.6104476366495346E-003 2.4982624009410427E-003 2.1095819281395341E-003 -2.5635381076528326E-003 7.3109407132826117E-004 -1.1188308556900138E-003 1.6981046638802819E-002 -3.9622766397471908E-003 1.0127623562079758E-003 4.3008716890637309E-003 -8.7225220755465117E-003 5.7829910341983494E-003 -1.1419742026435331E-002 7.4143961016311436E-004 2.3857764363787434E-002 1.3092441703989753E-003
-5.6087161305448338E-004 5.6953853203707818E-003 -1.7776672304356082E-002 1.6413691402670818E-002 -7.0944128010966088E-003 -7.4787188103028548E-003 5.2397871034854529E-003 -2.8728667778207071E-003 2.8882911976821392E-003 1.6335739734099217E-002 1.9633842535918900E-003 -1.0972445768192981E-002 1.3112261994116364E-002 -5.7824099873705721E-003 4.4078499530161065E-005 -5.6393232573792324E-004 1.6098463969394596E-002 -5.5447343574346955E-003 -8.4668255320307396E-003 6.0690917329795906E-003 -1.3697213693192041E-003 -7.1325924764877001E-003 -5.0503919391968613E-003 -3.7473009133488183E-003 8.5295123119814376E-004 -4.5008647611441297E-003 1.6289686263436505E-003 -2.4713176894721623E-003 1.9311579187267086E-003 1.4620057722548468E-003 5.8137481676007281E-003 -6.9242132612514010E-003 -2.7681229640950265E-003 9.0124129163020924E-003 -9.3741872504269352E-003 4.2622032384479957E-003 1.4310374073724839E-002 7.9865525362291751E-005 -3.4852102277338030E-002
-1.9898169662070364E-002 -3.4240884411474931E-003 -5.3122863843223429E-004 -6.9456289105767925E-003 -1.4807043362329746E-003 1.0632152789107658E-002 -2.0413100162657859E-002 2.2614890139708195E-003 9.7269890729066791E-003 3.4046211122315904E-003 -2.0183601702202210E-003 1.8224481059928094E-002 -8.8717883375668248E-004 -2.6115260173339939E-003 -4.2207219297796831E-003 -2.8697348842317088E-003 -3.5533878202487308E-003 2.2088880837620589E-002 -9.3223677750731253E-003 -2.9546630053738890E-003 -2.6946112003981559E-003 -6.0850368604549437E-003 -7.6467821700238444E-003 1.6929016440206390E-002 -6.4153293661743443E-003 -1.6208313504188884E-003 1.4225755528007292E-003 -2.0278100362266542E-003 -1.6344365191865715E-003 1.3055954896287175E-004 2.5537783836876082E-003 1.0131465459769426E-003 -9.3229978654741207E-003 3.5835318881700055E-003 1.1987895468149434E-002 -6.3740836756302549E-004 -5.8444975490417501E-003 1.7590898057892113E-003 -9.5629630537643444E-003
-4.6119101701743007E-002 3.6000092924446989E-002 -4.3680924991875661E-002 9.2979685550142847E-003 -1.4134777133597050E-002 -7.1037477237377248E-003 1.8074860480204864E-002 4.1731987522496180E-003 -8.7267108533330010E-004 1.2281669266398168E-002 -7.0065797471442299E-003 1.2663485322369635E-002 2.1020840977430404E-003 4.2984371401841399E-003 -3.2415883490896198E-002 3.7480002181829479E-003 -2.5593654147528386E-002 3.5935371819112216E-002 -2.1405816620870693E-002 4.4809724904822865E-003 -8.3007817255571926E-003 -1.6629724344262157E-003 -3.3740902547886114E-003 8.6240042222844246E-003 -7.5841595942060950E-003 -2.1458052731854565E-004 -1.6884967734696107E-003 -1.5357733593831676E-003 2.3654506035136569E-003 4.5666489003307695E-003 -6.4639602156633270E-003 -1.4102461101212784E-003 6.8633692442908950E-003 -2.1143461052318723E-003 1.8983966741325249E-002 -2.0673408395116988E-002 8.4504339798581584E-003 -8.1942179382630785E-003 1.2360043705028060E-002
-7.5554008034897618E-002 -2.1064793433380642E-002 3.8189782035271444E-002 -3.2815525850588279E-002 1.6791612741262482E-003 1.8208565643755052E-002 -2.9888932463799701E-003 -1.2303929509248758E-003 5.3366306698491000E-003 -9.2209299412918319E-003 -3.2040305547705088E-004 9.7436234982958524E-003 -4.7886597032958311E-003 -9.5653475642488526E-003 -2.5218540048486546E-002 -2.0302524874558272E-002 0.10688110492043135 -2.5833803975917426E-002 -6.2501131948193567E-003 -2.2935429392124201E-003 1.7927544512268082E-003 -1.1800792003998023E-002 5.7234348262492751E-003 -3.6386778356948765E-003 2.7397639004500900E-003 -4.1165204108621319E-003 6.3954673191898388E-003 -6.7092425601045736E-003 5.4051641637844778E-003 2.7611466843515172E-003 -6.4633388262977263E-003 -9.9178158204843566E-004 6.7445229759984177E-003 3.2234580956166680E-003 -1.4334659477338729E-002 1.0360645533658267E-002 2.2236915559314631E-003 -3.5522656267137688E-003 -7.8707166084044065E-003
-8.4423872835762164E-005 2.8735146286693859E-002 -8.0544635916547924E-002 1.5225799571842537E-002 7.1987710952893065E-003 -4.0090574588813425E-002 1.6500565689911761E-002 4.2278355796358221E-003 -2.4003150696794484E-002 2.1618819050957336E-002 7.9390915410377713E-004 -1.0345735999630064E-002 -4.9605833016616004E-003 -2.9274371695327798E-004 3.6110658765494824E-003 2.1751201804980119E-003 6.9590534738428148E-002 -2.4459893965466210E-002 -1.4534980165379026E-002 6.6280010445162200E-005 -2.9417176608841486E-003 -9.1263347526081252E-004 -1.1055818752975876E-002 2.5031148116067811E-004 2.6069461217943985E-003 2.7862060966934946E-003 -8.0169571063316738E-004 4.1240333157101863E-003 1.9187621731718099E-003 -6.2805777972811177E-003 2.9127273072752911E-003 2.8914371723695121E-003 7.3345149024947997E-003 -2.0463267189826523E-002 6.3275453117417084E-003 1.7381583443865653E-003 -5.8946009089889031E-003 5.9520071856411652E-003 7.4148427517546399E-003
-4.6649860673199399E-003 -5.2801054910329444E-002 -5.9100723525640968E-004 -8.6970193533036470E-003 -7.2381916973290848E-003 5.1489871498088584E-002 -1.6696794204046562E-002 -8.6614822514247316E-003 1.8523433154413897E-002 -1.6315736456357613E-003 5.0173577474203401E-003 -2.5469927488795178E-002 -5.0604773751812956E-003 4.0714868198687372E-003 -2.2744692092963464E-002 6.9396305104903633E-002 -2.6406629616942019E-003 -1.2811184899854586E-002 1.2136311166795938E-002 -3.8722105356620369E-003 -1.2083135496624259E-002 -1.0663883147606797E-002 5.2313352852877441E-003 8.8952915960791093E-003 -7.3133899962184229E-003 1.3902393807039939E-003 -1.7050509193409217E-004 6.1745355495609593E-003 -8.9284521245778549E-003 -5.7246817824560094E-003 9.9719449498569673E-003 8.5373293568339875E-003 -1.5050977710701347E-002 -3.0626578613914780E-003 2.1885898500966720E-002 -3.0045887048477039E-002 2.1153971959418497E-002 9.6882889071206338E-004 -7.9406694029754976E-003
2.4621636505087287E-002 -0.10747810729535988 -1.2737270833532981E-003 3.0939884812771590E-003 2.1535629095100157E-002 -2.3650710072760275E-002 9.4008232477173458E-003 4.6616080924929580E-003 -2.6293295812356531E-002 1.0946252944550799E-002 -7.9511981418650957E-003 -7.9509860468149843E-003 1.2742419267112616E-002 -3.7090346231886881E-003 -6.1368822950925508E-003 0.14762221151754074 -3.4426726149079094E-002 -2.0569775795136427E-002 1.1711063648977589E-002 -1.9498020187887259E-002 9.5322558530687076E-003 -8.5003227218417004E-003 -7.3748337161768339E-003 1.1227370403882463E-003 2.4907775410297375E-003 -1.1359563591971529E-002 -1.4097812988619438E-003 -1.4303491773140157E-003 3.1847001520784895E-003 2.9855330674195208E-003 5.5531024087866624E-003 -2.0643474217448337E-003 -1.1626704778910158E-002 1.6865173864138400E-002 -1.3137190241111554E-002 4.1764998416650219E-002 -3.8307863584407242E-002 2.3816275786988799E-003 8.2279050292852277E-003
