doc/content/FromLiterature/LaCecilia_2022_HP/prepro/dtm_Kc.txt
north:     0
south:           0.00000000
east:      0
west:            0.00000000
rows:    123
cols:    110
[rows 54 to 71 of 123, columns 39 to 77 of 110]
-9999.0000000000000 -9999.0000000000000 -9999.0000000000000 -9999.0000000000000 -9999.0000000000000 7.2046820729246390E-003 -3.0390028223431637E-002 -2.1467760284083117E-003 -6.2307233560872175E-003 4.5476889456234938E-002 2.9206133730499805E-002 3.2816122771822179E-002 -6.4340696840972725E-002 -1.3914143179417693E-002 -2.7353551138103463E-002 8.0713060451560042E-005 1.0845888463264348E-002 7.5098040588089249E-002 -9.1325918076298890E-003 -8.2908729529114697E-002 -1.4334224851645963E-002 -1.2991345985147139E-002 -3.4804919870570243E-003 -9.8504288040439023E-003 -1.7207433059576675E-003 1.4666030618914899E-002 -1.6199100486821921E-002 -2.9584124847774243E-002 3.4535247169888213E-002 8.0564604873735457E-002 1.0975272629595583E-002 5.1262375237024361E-003 -1.5740703241489677E-002 -4.8715896435130926E-002 -1.4053248089752064E-002 -4.7495359870366191E-003 8.7473558607386852E-003 -1.1911047324859149E-002 6.5688088743352992E-003
-9999.0000000000000 -9999.0000000000000 -9999.0000000000000 -9999.0000000000000 -6.8352147315616308E-003 -2.1364880152206913E-002 -1.1473662477701586E-002 -1.1253400768235559E-002 4.5451792700819151E-002 2.6377270282201333E-002 -1.9182702867767288E-002 6.0800034631436933E-002 -6.6634956168762499E-002 -2.2789869821672189E-002 3.7765868586326724E-002 -5.3294008539992522E-003 9.8234423742634067E-003 1.1963695206908063E-002 0.15231181165611249 2.6945883704301989E-004 -7.8363058086672474E-002 -1.3259503038090826E-002 -2.0287403952902166E-002 -7.1932320406303254E-003 1.5839369974208833E-003 1.3090105964359972E-002 8.7473357152397359E-004 1.4170384516354708E-002 1.9102894682107910E-003 1.4409905776030487E-002 2.1072336558975557E-002 1.8390370319934284E-002 3.4005549732977404E-002 -4.4738876414415395E-002 -4.8009133259340954E-002 -1.8906836592583092E-004 6.1132039549311717E-003 1.8020359165019779E-002 -3.7376528210586583E-003
-9999.0000000000000 -9999.0000000000000 -9999.0000000000000 -9999.0000000000000 -1.8232548333861003E-002 -9.7565104642768144E-003 -8.0628352164118944E-003 9.0733150665340771E-003 7.5030439139201613E-002 -1.2790129880135840E-002 -2.7662701429547337E-002 1.4099005740440453E-002 -2.9366600237228719E-002 -1.0705679239428360E-002 -1.0653883591380588E-002 9.5011442196186319E-003 2.1208698594427391E-002 -1.4105729295855660E-002 1.1463647098429437E-002 0.17450465299585852 1.4180683793592472E-002 -6.9956505652409115E-002 -5.1902345635633527E-002 -6.1247484487023636E-003 6.0417220298023700E-003 4.7600202263267813E-003 -1.0150513654940831E-002 8.4350552886719335E-004 6.3680325406383195E-004 7.1371260245121715E-003 3.2098509014424424E-002 -4.7338214791522677E-002 2.2356743975420743E-002 9.6169277945060680E-002 -0.15340509699820337 4.0623103048501114E-002 -2.5781683500709870E-003 2.7348507607702504E-002 -6.6868393840676763E-002
-9999.0000000000000 -9999.0000000000000 -9999.0000000000000 1.0598730229522469E-002 7.9991652791277200E-003 -1.8619474043529941E-002 9.0226556030009869E-003 5.8129788896477283E-002 1.9718524299009561E-002 -1.9995863073506079E-002 -4.1968297588611564E-002 -1.1145180769973046E-002 1.8636129934107640E-002 -1.8087299877349118E-002 1.4922052158290934E-002 8.0898787291851706E-003 -2.5886158789745962E-002 3.1585000658140065E-002 -2.1453038890536135E-002 2.9434510900472499E-002 0.10407403557579598 3.4716141683511204E-003 -3.3844361225818610E-002 -5.6246531802758105E-002 -2.3824857133966277E-002 -1.5705336363197139E-002 -1.6301660350869055E-002 -1.3288032746792749E-003 -1.0193354498607777E-002 -2.7282709447632187E-003 2.3866886631781631E-003 -6.6046105231497192E-003 -1.5529810164271572E-002 3.6214281224439550E-003 7.1666863546783963E-002 -1.9236665484372108E-002 -3.9658004404541085E-002 1.7501589072329418E-002 1.6943171801926490E-002
-8.4290886945843670E-003 3.3321286588832632E-003 -8.2728263781952174E-004 -1.1986017233042844E-002 -9.4037753147995687E-002 2.9737628700497988E-002 6.2366048638953797E-004 9.3555576904796517E-002 2.0867080048232608E-003 -3.8966247955088955E-002 -1.3056686708967324E-002 -9.0665294586594128E-003 1.8255589913740527E-002 -1.3725234766916145E-002 -7.4491390938033267E-003 -2.5710674124712035E-002 4.6862587346202821E-002 -2.9951739509111713E-002 2.0717229307308075E-002 1.8446529195510508E-003 1.2863718455340229E-002 0.11205108434665172 8.7698145557593074E-003 -3.1017809174064010E-002 -7.6340436982909113E-002 -7.6931139390760891E-002 -4.2862155945048400E-002 -1.7242308938832847E-003 7.4594795804445316E-003 3.3094456733662072E-003 -1.8285088142986860E-002 1.7412644733872561E-002 -3.8292166975810388E-003 1.3830274147192484E-002 -1.0151677009905720E-002 3.8193248138913241E-002 -1.8292720628939583E-002 1.5242860630680161E-002 -1.5372101613364280E-002
3.5979169750550343E-004 -7.2243744762097222E-003 2.4377090456149702E-002 -3.1000261494318750E-002 0.13080452066188605 -8.9594125720394352E-002 4.5463960977385032E-002 3.2330624784258230E-002 -1.7308314348157487E-002 -1.4915546073063455E-002 -1.9128506245344255E-002 -2.7866685211373525E-002 3.7662048252056088E-002 -2.1247597496679576E-002 -2.6499798402706710E-002 2.8819915165337395E-002 -1.7419928826231560E-002 2.1100634962304670E-002 1.5451175270167978E-003 1.6464465015699339E-002 -2.9746955456999343E-003 3.1156646910855654E-002 3.2962193563214184E-002 -1.0411449146448358E-002 1.0792714364374172E-002 -9.5471682199240633E-003 -0.22040333693805389 2.2678449835648960E-002 1.8148308134912766E-003 -8.8913784525617053E-003 1.4621873063545952E-002 -6.2026791712503880E-003 -7.2272322274599702E-003 1.0520578407422338E-002 7.1473258714270689E-003 2.6491315121485864E-002 -1.2183577051796761E-002 1.4076609902390966E-002 -1.3721993815808319E-002
-1.1861426363665963E-002 -8.2780415528923706E-003 -2.1021647251070193E-002 8.4563400981640339E-003 -1.4631344093958382E-002 3.2254387046177523E-003 -1.5056575775082403E-003 2.2093226605305331E-002 -3.1715227271433825E-002 -6.9148739882516422E-003 -1.2380276931337418E-002 6.3129172220650811E-004 3.4700510891552752E-002 -3.6081147125007144E-002 1.5814157097382431E-002 -8.1214151783721520E-003 2.2438195371717033E-002 -3.3430431621742601E-003 7.1834863813526016E-003 6.3126358951779366E-003 -3.2621437699608589E-002 1.2101090584147895E-002 9.3409839856018431E-002 4.4976199543634604E-002 8.0968073169684976E-003 9.5669850037323062E-003 7.7639705006314836E-004 -3.7648825304347461E-002 4.6866311889104352E-003 4.0218980185786650E-003 -2.4243300645160636E-002 6.9230222087475618E-003 -3.0458151180865309E-003 2.2913300507935550E-003 7.6124393132656933E-003 1.3294494926429441E-002 -3.1271770592512874E-004 8.9516303227450255E-003 -7.0632167659635259E-003
-1.9869478764978937E-002 -2.5443336283056312E-003 -3.2134485433401333E-002 -2.4753606177891182E-002 -6.8900243043205417E-003 6.4765924325044702E-002 2.2353959968527563E-002 -2.1849794990059585E-002 -1.3080397875946394E-002 -1.3159101651669888E-002 -3.1564534579788833E-002 -1.7429853544688206E-002 1.0057313498502017E-002 4.8788470924028679E-003 -9.7603367481594559E-003 -9.1071697606857731E-003 1.2981289380615473E-002 1.3225582127712049E-002 -6.3997390839881357E-003 9.2487511835917732E-003 -1.2132440655286078E-002 2.3962253763471159E-004 0.12522045410876118 3.2036146379900380E-003 1.0515550751776173E-002 3.3609007115664533E-003 -3.1276776872807060E-003 -0.10975744781000456 -5.7093132656903670E-003 -9.2975846173538948E-003 -1.0405586678752880E-002 2.2350681360250682E-003 -5.1949050379287241E-003 1.1505262207735662E-002 -4.1247626940147698E-003 -2.9642137151779319E-003 1.2930618904421279E-003 1.5445975392649648E-002 -1.9462898527206612E-005
-4.1031215289420636E-002 2.2262664639408708E-002 3.0814526853682363E-002 5.2597474510627094E-002 3.7698275493927576E-002 2.7133310837075059E-002 -2.6315064492512179E-003 -4.0972392019722392E-003 -2.2413589226741519E-002 -1.2054423185398996E-002 1.3070676589781048E-003 8.8236432005137245E-003 2.9347955456917856E-002 -4.4525336164418974E-003 -1.6756902002534140E-002 1.6549116352468786E-002 4.9255138190703726E-003 5.0148134983420715E-003 1.1773146138890885E-002 -2.0138413266893408E-002 -2.7509457401682143E-002 -7.5859797643211260E-003 4.0843442171840959E-002 2.0732449615894145E-002 2.3937010060971044E-003 6.4644191932381303E-003 1.0139694374529740E-002 -1.7744249748754579E-002 -0.15599103335430414 -4.0195187175852423E-002 -1.7232928426321101E-002 -1.4886448189324396E-002 1.0866111310508901E-002 4.8434951502191285E-003 3.7220695849398940E-003 -2.9170309943763861E-003 1.7121484432204115E-003 -5.4602367224935175E-003 1.4247682950353913E-002
0.10575378447444346 -2.3406818663434227E-002 -3.8759802661783617E-003 1.5611035543397203E-002 2.2801308275629171E-003 8.2539573805354132E-003 -3.8705829855724921E-003 -4.6617953736967314E-003 -1.9499018309095353E-002 9.6943787571565014E-004 -1.3317199038213682E-002 -7.6138411830106107E-003 1.2051492990898640E-002 3.2304549258774256E-004 6.4654915309253456E-003 -1.8444327818211278E-003 -9.3324818544074078E-003 1.0460426799683944E-002 1.7164372546076431E-002 -5.9600721172709287E-002 -1.8271398020292602E-002 2.1046689224916964E-003 5.1808408653840211E-002 7.5350997604744965E-002 -4.9831763588016923E-004 -2.3994025659382110E-002 -3.3853960091323208E-002 1.0292320802921502E-003 7.7594779923973083E-003 -0.44763061151040151 -5.5839376125359479E-003 5.1022342019864534E-003 3.8770855404122308E-003 -2.4954388555975624E-003 1.0872323805488436E-002 -5.4358196320935699E-003 2.4285758386184183E-003 -6.7557710174564823E-003 1.3587697767906670E-002
5.7137275130903610E-003 -3.0860294653914551E-002 4.6838054499130366E-003 1.2030701227000853E-002 1.2526774318352611E-002 -2.1720383613263654E-002 5.7844294789701602E-003 -3.2661922182728289E-003 -6.3133135054343412E-003 1.8531108759768649E-003 -9.0453116085969180E-003 5.0262853028610034E-002 -3.0542544091750411E-002 2.9693406132256132E-002 -7.4200597277539670E-003 -4.1123641547947370E-002 -4.9489653244287916E-003 1.3236973678220080E-002 -2.4011898861830073E-002 1.3698885005519520E-002 3.0833306830286987E-003 3.2731839290366847E-002 -2.2113325369968056E-002 9.9285134941866533E-003 1.3404093538169565E-002 -9.3844368852847686E-003 1.2029044792988919E-003 -2.0947647691016161E-002 -2.5447247462779630E-002 6.6435505019369401E-002 -5.8565764205486259E-003 3.3958331575229816E-003 -1.2277155257024422E-002 -5.9972215689963887E-003 1.0617535849330213E-002 2.4122673836580330E-002 -1.2555138056205056E-003 -3.0339516683739919E-002 4.7583723979738382E-003
-3.3824781612233783E-002 1.4255454841295694E-002 4.3569622903663740E-003 1.0072544302537522E-005 2.2568387100854060E-002 -5.6529243242187293E-003 -5.7095287263643048E-003 -4.1939535018773670E-004 -1.0315746936551261E-002 -7.3844682630856140E-003 1.5133434185464610E-002 -2.5113907714264083E-002 -1.2458175848396157E-003 5.6458236146530224E-003 -2.0093339926973614E-002 6.8010212163021463E-003 1.6189358960580973E-002 -1.0203311481699107E-002 1.4800529842992178E-003 -6.4455343731032871E-003 1.5087798366354420E-002 -1.2459167707189826E-002 3.1885070896367439E-003 -6.8981150692194425E-003 0.15268546785210174 2.2413895260588255E-002 -3.2955919224191108E-003 -2.6283824570542376E-003 1.1244356333821077E-002 -1.4726354125802227E-002 -9.8983869992685908E-002 5.0790814669178647E-003 1.8016548159202866E-002 3.1100267552690967E-002 -3.2507843760457098E-004 1.3554191559427133E-002 -3.6288729634432783E-002 3.0646574759336230E-003 -1.0235426179678941E-002
1.9939749991040676E-002 1.6008995708601578E-003 9.3282130996328438E-003 4.5514549559789010E-003 -1.0428046515935119E-002 6.3494228529647556E-003 -1.1819217782061860E-002 -3.2376078100806761E-003 -5.5003315336289043E-004 1.2488461816558154E-002 -8.4055478689856935E-003 9.7525607610484850E-003 -3.4811306819214967E-002 3.2300516764282691E-003 1.1416594831818429E-002 -2.7334231761908189E-003 1.4512312474664231E-002 -1.1825420341793236E-002 1.1345068236070645E-003 1.1666621302330548E-002 -9.4899326029796519E-003 7.7599919126842823E-003 1.8304007043161406E-002 1.9036673774791218E-002 1.2253117869469213E-002 9.6905865372189939E-002 -9.8921753668393848E-003 -8.6472093760791291E-003 -7.5452447801893268E-003 5.6339230381104296E-003 -3.5562689325677625E-002 3.2381122439726980E-003 3.0982028558085215E-002 -1.8469834749887133E-002 2.5931771283159103E-002 -3.7048660159200587E-002 1.3354133324200297E-002 -3.5363994585430351E-003 -2.7742211694315864E-002
4.0127853248559239E-003 -9.9961002544001355E-003 -7.8099715520836216E-003 -4.7020032093690860E-003 7.0835261926421303E-003 9.8471119013920100E-003 1.0481632069863986E-002 -2.7442927875811166E-002 -5.4395325805320837E-003 1.2901723288995292E-002 -4.8392513619906676E-003 -3.5928566563547197E-002 6.8961566074331043E-002 -4.9315432959575134E-002 -2.0918897543870099E-003 3.5206348762148710E-003 7.1060872528296301E-003 4.6757233530485293E-003 6.4701264852923155E-003 -1.2818672405615777E-003 1.0596996101849752E-002 1.7098680834948331E-002 -1.0427851572554910E-003 -1.4053922035610482E-002 4.8592654686180469E-003 3.2531209943003375E-002 0.16008107269317817 2.4911554762852391E-002 7.8643566547081413E-003 5.1928521336446669E-003 1.5524301221744089E-002 -7.2326949924641323E-002 -1.2878313791178365E-002 2.3772332285098539E-002 -1.2520250799357849E-002 3.6310223997396605E-002 -4.2069642774012197E-003 -4.8401998646091626E-002 1.5090483716315460E-002
-8.5866363671163442E-003 -1.3413373918979428E-002 1.3239900269217929E-003 -1.1677376203632435E-002 1.4929016443826259E-003 -4.1013047842176744E-003 -5.7217617046990479E-003 1.7295891718680116E-002 -1.7826510887616963E-002 -1.7437663128311597E-002 7.2722870451345494E-003 1.4073182305449258E-002 -1.0236557961426066E-002 -9.6908346206949336E-003 2.3241010281010614E-002 5.6465635428750438E-003 -1.0667451641221806E-002 2.7128427515251666E-004 -1.7254079367625811E-003 3.0864836842669374E-005 2.1123497218296925E-004 1.9810012400591825E-002 -3.1161216274498481E-002 1.0464568451788595E-002 8.1758328185172965E-003 5.6477163325624608E-003 1.7498107698344452E-003 0.13114902115414928 2.0272870954020604E-002 2.7701561576185739E-004 4.8532934293996077E-003 3.3174698453064698E-003 -1.3245310546226576 -6.5208698413769094E-003 3.3977279312062195E-002 1.6678741223703473E-002 -9.4529969352112317E-002 2.4621390713353061E-002 1.7003271081858430E-002
-2.0927678766154117E-002 4.7110458876971845E-003 -2.0878268246320907E-002 9.3599726146585877E-004 4.0902918380249171E-003 1.2676704500202949E-002 2.4274085578132984E-003 -9.2329301848305383E-003 9.4729872055869749E-003 -1.3019572798665861E-003 1.5776786549618289E-002 -2.2597145417075939E-002 9.5149662392488323E-003 -5.3035433538554215E-003 2.8913305190788573E-002 -1.4340782089893358E-002 -7.0598900367463153E-003 7.0376904615733881E-003 -4.4665721425303541E-003 -2.5097489107388164E-003 1.6313036641603655E-002 1.0885035171218132E-003 5.3676385458141420E-004 8.1102047230207606E-003 -6.1644128650341261E-003 -1.3245300659285354E-002 6.2562206822902823E-003 1.6097988483899917E-002 0.13683530600490451 -1.8029741870880786E-002 1.3327044507231304E-002 -1.0590010448429646E-002 2.5305659127560574E-002 -0.15257807226300574 -2.5735657117625620E-002 -2.1651351831033984E-002 4.5697403863413401E-002 2.1439351829692487E-002 4.0083776255611294E-003
-6.6062660864804144E-003 -2.5894626847834050E-002 -1.2896443778714782E-002 1.0257933362683068E-002 -4.5620677453675190E-003 2.6370810450813010E-003 4.7668202805624211E-003 1.6600838585281027E-003 -4.0894567270507859E-003 1.2842680004079969E-003 -4.0389751543171764E-003 4.0092449523289660E-003 -1.1531583332966770E-003 -6.0687810828086303E-003 2.1254297004938281E-002 -5.7209706991639062E-003 -1.4001229586881370E-002 2.7861737882547834E-003 -7.6602926520514900E-003 1.0503853936062294E-002 5.3793996018289634E-003 8.3907108209487161E-003 -6.4342196788461778E-003 -1.6814454344629318E-002 -2.2262249556378021E-003 1.4829295804313499E-003 4.2249088215164342E-003 -5.6298687075272301E-003 -5.2963296565432180E-003 0.22116422818564382 -4.9475208503441852E-003 3.3215200274498057E-002 3.5949226459435060E-002 -4.2230682839349512E-002 -0.38858017287959745 -1.5552144785018642E-002 1.9946484508265444E-002 1.8408096442165213E-002 2.8031833035521902E-003
3.5514947194107846E-002 -3.3116565585812226E-002 -6.7037955766106484E-003 -5.0377810191343788E-003 1.9540812483410503E-003 5.7143176114328349E-003 -4.9270248933554282E-003 5.7623055931723599E-003 -7.0123794331212420E-003 2.4277351698437615E-004 2.8365739156367919E-003 -2.4704722970515699E-004 -9.5378726219282530E-003 -2.6023757732808327E-003 1.1841636472132532E-002 -2.3661428817342693E-003 -1.1149338565475696E-002 1.2530509463237291E-003 9.6728530627623599E-003 1.5029860528596352E-002 9.1190476632218194E-003 2.9693520240335297E-003 -3.0166903653924146E-002 3.6006088548167030E-003 -7.7841352545304039E-003 7.9922385187967664E-003 -1.9384908638181292E-002 1.7415561081228825E-002 -5.6545696977509149E-004 1.6616254883619853E-003 0.10580255333999720 -8.8701444983010202E-003 -4.9504080216420394E-002 1.0878190072080388E-002 4.2759269308537594E-002 -3.9463619995556351E-002 -4.6053633300351664E-002 3.3824558824255267E-003 3.0636031791284627E-003
