doc/content/FromLiterature/LaCecilia_2022_HP/prepro/dtm_A_inflow
north:     0
south:           0.00000000
east:      0
west:            0.00000000
rows:    123
cols:    110
[rows 66 to 98 of 123, columns 0 to 73 of 110]
0.00 0.00 0.00 0.00 0.00 0.00 0.00 0.00 0.00 0.00 0.00 0.00 0.00 0.00 0.00 0.00 0.00 13600.00 18000.00 1200.00 2400.00 4000.00 2400.00 24800.00 0.00 14400.00 4000.00 0.00 400.00 17200.00 0.00 4800.00 4000.00 800.00 0.00 1200.00 0.00 512000.00 0.00 2000.00 8000.00 2400.00 2000.00 400.00 11200.00 0.00 6800.00 400.00 13200.00 9200.00 8800.00 0.00 23600.00 400.00 2800.00 21600.00 800.00 2000.00 7600.00 400.00 54400.00 12000.00 1200.00 8000.00 658400.00 2000.00 1600.00 400.00 0.00 0.00 0.00 1200.00 0.00 1600.00
0.00 0.00 0.00 0.00 0.00 0.00 0.00 0.00 0.00 0.00 0.00 0.00 0.00 0.00 0.00 0.00 13200.00 17600.00 800.00 2000.00 3600.00 0.00 1600.00 24400.00 12400.00 1200.00 3600.00 0.00 4800.00 11600.00 4000.00 0.00 3600.00 400.00 800.00 0.00 510800.00 0.00 1600.00 7600.00 400.00 1200.00 1600.00 0.00 10800.00 6400.00 0.00 12800.00 8800.00 8400.00 0.00 23200.00 0.00 2400.00 21200.00 400.00 1600.00 7200.00 0.00 54000.00 11600.00 400.00 0.00 7600.00 4000.00 651200.00 2000.00 1600.00 800.00 0.00 0.00 0.00 800.00 0.00
0.00 0.00 0.00 0.00 0.00 0.00 0.00 0.00 0.00 0.00 0.00 0.00 0.00 0.00 0.00 0.00 12800.00 17200.00 400.00 1600.00 3200.00 1200.00 23600.00 0.00 12000.00 800.00 3200.00 4400.00 0.00 10800.00 3600.00 3200.00 0.00 400.00 2000.00 2400.00 505200.00 0.00 1200.00 7200.00 0.00 800.00 1200.00 10000.00 0.00 6000.00 12400.00 8000.00 0.00 8000.00 22000.00 0.00 2000.00 6400.00 14000.00 0.00 1200.00 6800.00 0.00 53200.00 11200.00 0.00 6000.00 800.00 3600.00 400.00 647600.00 400.00 0.00 400.00 0.00 0.00 0.00 800.00
0.00 0.00 0.00 0.00 0.00 0.00 0.00 0.00 0.00 0.00 0.00 0.00 0.00 0.00 0.00 12400.00 16800.00 0.00 1200.00 2800.00 0.00 400.00 23200.00 11600.00 400.00 1600.00 800.00 4000.00 10400.00 0.00 2800.00 2800.00 0.00 1600.00 0.00 400.00 502000.00 1600.00 800.00 6800.00 400.00 800.00 0.00 9200.00 5600.00 11600.00 0.00 7600.00 7600.00 800.00 20400.00 1600.00 6000.00 13200.00 0.00 800.00 4800.00 1200.00 52800.00 8400.00 2000.00 5600.00 400.00 2000.00 800.00 0.00 202000.00 444000.00 800.00 400.00 0.00 0.00 0.00 0.00
0.00 0.00 0.00 0.00 0.00 0.00 0.00 0.00 0.00 0.00 0.00 0.00 0.00 0.00 12000.00 0.00 16000.00 400.00 0.00 2400.00 0.00 22800.00 800.00 10000.00 0.00 1200.00 400.00 3600.00 10000.00 2400.00 2000.00 0.00 1200.00 0.00 400.00 501200.00 0.00 1200.00 400.00 6400.00 0.00 400.00 7200.00 1200.00 5200.00 11200.00 7200.00 7200.00 400.00 20000.00 1200.00 5600.00 0.00 12400.00 400.00 4400.00 800.00 52400.00 7600.00 0.00 1600.00 5200.00 0.00 1600.00 400.00 196800.00 4400.00 0.00 442000.00 1600.00 1200.00 400.00 0.00 0.00
0.00 0.00 0.00 0.00 0.00 0.00 0.00 0.00 0.00 0.00 0.00 0.00 0.00 10800.00 400.00 12800.00 2400.00 0.00 400.00 1200.00 7600.00 14400.00 400.00 9600.00 800.00 0.00 3200.00 9200.00 0.00 2000.00 1600.00 800.00 24000.00 24400.00 496400.00 500000.00 0.00 800.00 0.00 6000.00 0.00 6800.00 800.00 4400.00 0.00 10800.00 6800.00 6800.00 0.00 19600.00 800.00 5200.00 400.00 11200.00 0.00 4000.00 400.00 52000.00 7200.00 1200.00 4400.00 0.00 1200.00 0.00 1600.00 194400.00 4000.00 14400.00 10800.00 412800.00 400.00 0.00 400.00 0.00
0.00 0.00 0.00 0.00 0.00 0.00 0.00 0.00 0.00 0.00 0.00 9600.00 10400.00 0.00 12400.00 1200.00 400.00 0.00 800.00 7200.00 14000.00 0.00 8800.00 0.00 400.00 1600.00 800.00 8800.00 1600.00 1200.00 400.00 23600.00 0.00 471200.00 0.00 800.00 800.00 400.00 5200.00 0.00 6400.00 400.00 0.00 3600.00 10400.00 6000.00 0.00 6400.00 19200.00 400.00 4800.00 0.00 8400.00 2000.00 3600.00 0.00 51600.00 1200.00 5200.00 800.00 4000.00 0.00 400.00 1200.00 194000.00 3200.00 0.00 14000.00 10400.00 0.00 411200.00 384400.00 0.00 400.00
0.00 0.00 0.00 0.00 0.00 0.00 0.00 0.00 0.00 0.00 0.00 8800.00 0.00 0.00 11600.00 800.00 0.00 400.00 6800.00 400.00 12800.00 4000.00 4000.00 0.00 1200.00 400.00 8400.00 1200.00 800.00 0.00 23200.00 0.00 0.00 470400.00 0.00 400.00 400.00 0.00 4800.00 400.00 5200.00 0.00 3200.00 0.00 9600.00 5600.00 6000.00 400.00 18000.00 0.00 4400.00 7600.00 0.00 1600.00 3200.00 51200.00 400.00 0.00 4800.00 400.00 3600.00 0.00 800.00 193600.00 1600.00 800.00 13200.00 0.00 10000.00 25600.00 0.00 16800.00 365600.00 0.00
0.00 0.00 0.00 0.00 0.00 0.00 0.00 0.00 0.00 0.00 400.00 0.00 6800.00 11200.00 0.00 0.00 0.00 6400.00 0.00 12400.00 3600.00 3200.00 0.00 800.00 0.00 8000.00 800.00 400.00 4000.00 22800.00 0.00 0.00 462400.00 5200.00 800.00 0.00 0.00 2000.00 2000.00 0.00 4800.00 2400.00 0.00 9200.00 5200.00 5600.00 0.00 8000.00 9200.00 3600.00 0.00 7200.00 1200.00 2800.00 0.00 50400.00 0.00 3600.00 400.00 0.00 3200.00 400.00 193200.00 1200.00 400.00 0.00 12400.00 9600.00 1200.00 23600.00 0.00 16000.00 352800.00 10800.00
0.00 0.00 0.00 0.00 0.00 0.00 0.00 0.00 0.00 0.00 0.00 6400.00 0.00 10400.00 0.00 0.00 6000.00 400.00 12000.00 400.00 2400.00 2800.00 400.00 0.00 7600.00 400.00 0.00 3600.00 18000.00 0.00 0.00 460400.00 0.00 0.00 4800.00 400.00 0.00 1200.00 1600.00 4000.00 0.00 2000.00 8800.00 4400.00 0.00 5200.00 7600.00 8800.00 0.00 2800.00 6800.00 800.00 0.00 2000.00 21200.00 28400.00 1200.00 1600.00 0.00 2800.00 0.00 192800.00 800.00 0.00 11200.00 12000.00 6000.00 2800.00 800.00 23200.00 400.00 14800.00 351600.00 400.00
0.00 0.00 0.00 0.00 0.00 0.00 0.00 0.00 0.00 0.00 5600.00 0.00 400.00 8800.00 4400.00 5200.00 0.00 10800.00 0.00 2000.00 2400.00 0.00 6000.00 6800.00 0.00 2800.00 3200.00 17600.00 400.00 11200.00 13200.00 458400.00 400.00 0.00 4400.00 0.00 800.00 1200.00 0.00 3200.00 1600.00 8400.00 0.00 3600.00 4800.00 7200.00 800.00 7200.00 2400.00 0.00 6000.00 400.00 1600.00 20800.00 27600.00 0.00 800.00 1200.00 2000.00 0.00 188000.00 4000.00 400.00 10800.00 0.00 5600.00 2400.00 400.00 22800.00 0.00 400.00 13600.00 27600.00 323200.00
0.00 0.00 0.00 0.00 0.00 0.00 0.00 0.00 0.00 0.00 5200.00 0.00 8400.00 4000.00 0.00 0.00 1200.00 8800.00 1600.00 800.00 800.00 5600.00 0.00 2000.00 2400.00 12800.00 17200.00 0.00 10000.00 800.00 0.00 0.00 443600.00 0.00 4000.00 0.00 0.00 800.00 2800.00 800.00 0.00 8000.00 3200.00 0.00 4000.00 6800.00 400.00 6800.00 2000.00 5600.00 0.00 1200.00 20400.00 3200.00 23600.00 400.00 800.00 1200.00 0.00 187600.00 3600.00 0.00 8400.00 1600.00 5200.00 2000.00 0.00 8400.00 13600.00 0.00 13200.00 6800.00 20000.00 21600.00
0.00 0.00 0.00 0.00 0.00 0.00 0.00 0.00 0.00 4400.00 0.00 7200.00 400.00 3600.00 0.00 400.00 8400.00 1200.00 400.00 400.00 5200.00 800.00 1600.00 12000.00 12400.00 3600.00 800.00 9600.00 0.00 0.00 0.00 400.00 442800.00 0.00 0.00 3200.00 400.00 0.00 2000.00 400.00 7600.00 0.00 2400.00 3600.00 6400.00 0.00 6400.00 1600.00 0.00 4800.00 800.00 1600.00 18000.00 2800.00 23200.00 0.00 400.00 800.00 5200.00 181600.00 3200.00 8000.00 1200.00 0.00 4400.00 1600.00 8000.00 4000.00 8800.00 12800.00 6400.00 18000.00 1200.00 5200.00
0.00 0.00 0.00 0.00 0.00 0.00 0.00 0.00 0.00 4000.00 6800.00 0.00 1600.00 1200.00 400.00 8000.00 800.00 0.00 0.00 4800.00 400.00 0.00 11600.00 400.00 3200.00 400.00 6800.00 800.00 0.00 9600.00 10000.00 10400.00 441200.00 0.00 2400.00 0.00 0.00 1600.00 0.00 6000.00 800.00 2000.00 3200.00 800.00 4800.00 0.00 5600.00 1200.00 4400.00 400.00 1200.00 17600.00 2400.00 16800.00 5600.00 0.00 400.00 4800.00 181200.00 2800.00 7600.00 0.00 400.00 4000.00 1200.00 7600.00 3600.00 8000.00 0.00 12400.00 6000.00 17600.00 800.00 4800.00
0.00 0.00 0.00 0.00 0.00 0.00 0.00 0.00 3600.00 0.00 6000.00 1200.00 800.00 0.00 0.00 6400.00 400.00 3200.00 4400.00 0.00 10400.00 11200.00 0.00 2000.00 0.00 6400.00 400.00 7600.00 8800.00 400.00 800.00 1200.00 427600.00 0.00 400.00 1200.00 800.00 0.00 5600.00 400.00 0.00 1200.00 2800.00 400.00 4400.00 5200.00 800.00 4000.00 0.00 800.00 17200.00 0.00 1600.00 16400.00 5200.00 0.00 4400.00 0.00 180400.00 2400.00 7200.00 0.00 3600.00 800.00 0.00 6800.00 3200.00 7600.00 12000.00 5600.00 17200.00 400.00 4000.00 0.00
0.00 0.00 0.00 0.00 0.00 0.00 0.00 0.00 3200.00 0.00 5200.00 800.00 400.00 400.00 6000.00 0.00 2800.00 400.00 400.00 10000.00 0.00 800.00 1600.00 4800.00 6000.00 0.00 7200.00 400.00 0.00 4000.00 9200.00 9600.00 427200.00 2400.00 0.00 800.00 400.00 400.00 4400.00 0.00 800.00 2400.00 0.00 4000.00 0.00 4400.00 400.00 3600.00 400.00 3600.00 12800.00 1200.00 15600.00 0.00 4800.00 0.00 3600.00 179600.00 0.00 2000.00 6800.00 0.00 2800.00 400.00 6400.00 2800.00 7200.00 11600.00 0.00 4800.00 16800.00 0.00 3600.00 14000.00
0.00 0.00 0.00 0.00 0.00 0.00 0.00 1200.00 1200.00 4800.00 400.00 0.00 0.00 4800.00 0.00 2400.00 0.00 0.00 0.00 8400.00 400.00 0.00 4400.00 400.00 6000.00 6800.00 0.00 0.00 3600.00 4400.00 800.00 412000.00 0.00 1200.00 2000.00 400.00 0.00 0.00 4000.00 400.00 1600.00 0.00 400.00 2800.00 4000.00 0.00 3200.00 0.00 3200.00 12400.00 0.00 400.00 15200.00 0.00 4000.00 2800.00 0.00 179200.00 1600.00 6000.00 0.00 2400.00 0.00 6000.00 2400.00 6800.00 0.00 10800.00 4400.00 8000.00 8000.00 2800.00 0.00 13600.00
0.00 0.00 0.00 0.00 0.00 0.00 800.00 800.00 0.00 4000.00 0.00 3200.00 4400.00 800.00 1600.00 0.00 2000.00 7200.00 8000.00 0.00 0.00 4000.00 0.00 5600.00 0.00 0.00 400.00 2800.00 4000.00 400.00 0.00 800.00 408800.00 0.00 800.00 1600.00 0.00 2400.00 800.00 0.00 1200.00 0.00 2400.00 0.00 3200.00 2000.00 400.00 2800.00 6400.00 5200.00 0.00 12400.00 2000.00 3600.00 400.00 1600.00 178400.00 0.00 1200.00 5600.00 0.00 1600.00 5600.00 2000.00 0.00 6000.00 9200.00 800.00 4000.00 7600.00 7600.00 2400.00 12800.00 0.00
0.00 0.00 0.00 0.00 0.00 0.00 400.00 400.00 2400.00 800.00 2800.00 400.00 400.00 0.00 800.00 1200.00 4400.00 0.00 1600.00 2000.00 3200.00 0.00 5200.00 400.00 800.00 1200.00 1600.00 3600.00 0.00 0.00 400.00 0.00 408000.00 3600.00 400.00 800.00 0.00 2000.00 400.00 400.00 0.00 1600.00 0.00 2800.00 1600.00 0.00 2400.00 6000.00 4400.00 0.00 12000.00 1600.00 0.00 2800.00 0.00 1200.00 178000.00 400.00 0.00 5200.00 1200.00 0.00 4800.00 1600.00 5600.00 8800.00 400.00 3600.00 7200.00 7200.00 2000.00 0.00 12000.00 7600.00
0.00 0.00 0.00 0.00 0.00 0.00 0.00 2000.00 400.00 2400.00 0.00 0.00 0.00 400.00 3600.00 4000.00 800.00 1200.00 0.00 400.00 4000.00 4400.00 0.00 1200.00 1600.00 2800.00 3200.00 800.00 1200.00 1600.00 2000.00 0.00 403200.00 0.00 3200.00 0.00 400.00 1600.00 0.00 0.00 800.00 0.00 1600.00 400.00 1200.00 2000.00 5600.00 0.00 3600.00 4000.00 7200.00 1200.00 2000.00 0.00 400.00 0.00 177600.00 0.00 4400.00 0.00 800.00 4400.00 1200.00 5200.00 8400.00 0.00 3200.00 0.00 6400.00 6800.00 1600.00 11200.00 0.00 7200.00
0.00 0.00 0.00 0.00 0.00 0.00 1600.00 0.00 2000.00 400.00 1200.00 1600.00 2800.00 3200.00 0.00 400.00 2400.00 2800.00 3200.00 3600.00 0.00 400.00 800.00 0.00 400.00 0.00 400.00 0.00 400.00 800.00 0.00 382800.00 16800.00 1600.00 1200.00 2800.00 2400.00 0.00 1200.00 0.00 0.00 1200.00 0.00 800.00 1600.00 0.00 4800.00 2800.00 0.00 3600.00 6800.00 800.00 1600.00 0.00 4800.00 176800.00 0.00 400.00 3200.00 400.00 4000.00 400.00 0.00 4800.00 8000.00 2000.00 400.00 6000.00 6400.00 1200.00 400.00 10000.00 6400.00 0.00
0.00 0.00 0.00 0.00 0.00 0.00 400.00 1600.00 0.00 0.00 0.00 400.00 0.00 800.00 1600.00 2000.00 0.00 8000.00 8400.00 8800.00 10400.00 10800.00 11200.00 11600.00 0.00 0.00 0.00 0.00 400.00 376000.00 376800.00 2000.00 0.00 16400.00 0.00 800.00 400.00 2000.00 0.00 800.00 400.00 0.00 400.00 800.00 0.00 4400.00 2000.00 0.00 3200.00 0.00 6000.00 400.00 1200.00 4400.00 400.00 168000.00 2000.00 0.00 2800.00 0.00 3600.00 0.00 4400.00 7600.00 1600.00 0.00 5600.00 6000.00 800.00 0.00 9600.00 800.00 4800.00 400.00
0.00 0.00 0.00 0.00 0.00 0.00 1200.00 0.00 1200.00 1600.00 2000.00 2400.00 0.00 0.00 0.00 6400.00 7200.00 0.00 400.00 800.00 0.00 400.00 800.00 1200.00 13600.00 14400.00 400.00 82400.00 367200.00 6000.00 0.00 1200.00 0.00 9200.00 6000.00 4400.00 0.00 0.00 1200.00 400.00 0.00 0.00 400.00 1200.00 4000.00 0.00 1200.00 1200.00 1200.00 5600.00 0.00 800.00 4000.00 0.00 167200.00 0.00 1600.00 2000.00 0.00 2800.00 0.00 4000.00 1200.00 5600.00 1200.00 0.00 4800.00 5600.00 400.00 9200.00 400.00 4400.00 0.00 9200.00
0.00 0.00 0.00 0.00 0.00 400.00 0.00 400.00 400.00 800.00 1200.00 1600.00 4800.00 5200.00 5600.00 0.00 5200.00 7200.00 8000.00 8800.00 9200.00 37600.00 38000.00 39200.00 39600.00 40000.00 80800.00 0.00 283600.00 0.00 5200.00 0.00 400.00 4800.00 3600.00 800.00 3600.00 1200.00 0.00 800.00 0.00 0.00 800.00 400.00 1200.00 800.00 800.00 800.00 400.00 4400.00 400.00 2400.00 800.00 1600.00 166800.00 0.00 1200.00 1600.00 400.00 1600.00 3600.00 800.00 5200.00 0.00 400.00 4400.00 5200.00 0.00 4400.00 4000.00 0.00 4000.00 8400.00 0.00
0.00 0.00 0.00 0.00 0.00 0.00 0.00 0.00 0.00 400.00 800.00 1200.00 1600.00 4000.00 4400.00 4800.00 1200.00 0.00 0.00 0.00 27600.00 0.00 400.00 1600.00 2000.00 24800.00 0.00 0.00 283200.00 0.00 400.00 4000.00 0.00 4000.00 0.00 3200.00 400.00 1600.00 400.00 0.00 0.00 400.00 0.00 800.00 400.00 400.00 400.00 0.00 4000.00 0.00 2000.00 400.00 1200.00 1600.00 161200.00 400.00 800.00 1200.00 0.00 1200.00 3200.00 400.00 4800.00 0.00 4000.00 0.00 4400.00 4000.00 0.00 3200.00 3600.00 0.00 7600.00 6400.00
0.00 0.00 0.00 0.00 0.00 0.00 400.00 800.00 0.00 400.00 800.00 1200.00 1600.00 0.00 400.00 800.00 21200.00 22400.00 25200.00 26800.00 400.00 800.00 1200.00 19200.00 22000.00 0.00 92400.00 93200.00 182400.00 5600.00 0.00 400.00 2800.00 0.00 3200.00 0.00 2400.00 0.00 1200.00 0.00 0.00 0.00 400.00 0.00 0.00 0.00 3200.00 3600.00 800.00 1600.00 0.00 800.00 400.00 1200.00 160800.00 0.00 400.00 800.00 800.00 2800.00 0.00 2800.00 1200.00 400.00 2800.00 4000.00 0.00 3200.00 2800.00 2800.00 0.00 5200.00 1600.00 6000.00
0.00 0.00 0.00 0.00 0.00 0.00 1200.00 1600.00 3200.00 3600.00 4000.00 4400.00 4800.00 5200.00 0.00 20800.00 400.00 2000.00 800.00 0.00 0.00 18400.00 18800.00 2000.00 0.00 400.00 90800.00 0.00 181600.00 0.00 5200.00 0.00 800.00 1200.00 400.00 2000.00 400.00 1200.00 0.00 400.00 0.00 400.00 1600.00 2000.00 2400.00 2800.00 0.00 400.00 0.00 0.00 400.00 0.00 0.00 85200.00 73200.00 1200.00 0.00 400.00 400.00 2400.00 2400.00 800.00 0.00 2400.00 400.00 2800.00 2800.00 2400.00 0.00 2000.00 4800.00 1200.00 5600.00 0.00
0.00 0.00 0.00 0.00 0.00 400.00 0.00 800.00 1200.00 1600.00 4800.00 5200.00 5600.00 0.00 20000.00 0.00 1600.00 400.00 0.00 17200.00 17600.00 0.00 1600.00 0.00 400.00 90000.00 0.00 800.00 179600.00 0.00 400.00 4000.00 400.00 800.00 0.00 1600.00 0.00 400.00 0.00 0.00 0.00 400.00 0.00 0.00 400.00 800.00 0.00 400.00 76400.00 76800.00 77200.00 77600.00 84800.00 0.00 69600.00 2400.00 800.00 0.00 0.00 2000.00 2000.00 400.00 2000.00 0.00 2400.00 2400.00 400.00 1200.00 1600.00 800.00 3200.00 800.00 5200.00 0.00
0.00 0.00 0.00 0.00 0.00 0.00 0.00 1600.00 2000.00 2400.00 0.00 2800.00 3200.00 13600.00 0.00 1200.00 0.00 15600.00 16400.00 0.00 400.00 800.00 0.00 4000.00 86400.00 800.00 800.00 400.00 174800.00 4000.00 0.00 1200.00 2000.00 0.00 400.00 0.00 800.00 0.00 0.00 0.00 0.00 0.00 0.00 400.00 800.00 0.00 1600.00 75200.00 0.00 0.00 4400.00 6400.00 400.00 66400.00 2400.00 2000.00 0.00 0.00 1600.00 1600.00 0.00 800.00 400.00 2000.00 2000.00 0.00 800.00 1200.00 400.00 2800.00 400.00 4400.00 0.00 1200.00
0.00 0.00 0.00 0.00 0.00 400.00 1200.00 0.00 1200.00 1600.00 2000.00 2400.00 3200.00 3600.00 0.00 0.00 15200.00 0.00 0.00 2000.00 2400.00 2800.00 3200.00 0.00 81200.00 400.00 400.00 0.00 174400.00 3200.00 0.00 800.00 400.00 800.00 0.00 0.00 0.00 0.00 400.00 400.00 400.00 400.00 400.00 1200.00 18000.00 19600.00 72400.00 0.00 1600.00 3600.00 1200.00 0.00 12800.00 52000.00 2000.00 1200.00 0.00 800.00 0.00 1200.00 400.00 0.00 1600.00 0.00 1200.00 400.00 800.00 0.00 2400.00 0.00 0.00 3600.00 800.00 800.00
0.00 0.00 0.00 0.00 0.00 0.00 0.00 400.00 800.00 1600.00 2000.00 0.00 3200.00 3600.00 4800.00 14800.00 0.00 800.00 1200.00 800.00 68800.00 69600.00 72800.00 75600.00 4800.00 0.00 0.00 1200.00 172400.00 0.00 2400.00 400.00 400.00 0.00 400.00 0.00 800.00 1200.00 1600.00 2800.00 4000.00 5200.00 12800.00 16000.00 0.00 0.00 52000.00 1200.00 0.00 400.00 800.00 11200.00 800.00 51600.00 0.00 1200.00 800.00 400.00 0.00 400.00 0.00 0.00 800.00 800.00 0.00 400.00 0.00 2000.00 400.00 2800.00 3200.00 400.00 400.00 3200.00
0.00 0.00 0.00 0.00 0.00 0.00 0.00 400.00 0.00 1200.00 1600.00 2800.00 0.00 400.00 8400.00 400.00 0.00 0.00 400.00 67200.00 0.00 2400.00 0.00 1600.00 3200.00 800.00 400.00 0.00 171200.00 400.00 400.00 400.00 0.00 0.00 0.00 0.00 0.00 400.00 800.00 1200.00 1600.00 6000.00 2400.00 0.00 800.00 50800.00 0.00 800.00 0.00 400.00 400.00 10000.00 400.00 400.00 50400.00 800.00 0.00 0.00 0.00 0.00 0.00 400.00 0.00 0.00 0.00 0.00 1200.00 0.00 0.00 1200.00 0.00 0.00 2800.00 800.00
0.00 0.00 0.00 0.00 0.00 1200.00 0.00 400.00 800.00 0.00 400.00 1600.00 2000.00 4400.00 8000.00 0.00 0.00 66000.00 66800.00 1200.00 2000.00 400.00 1200.00 0.00 2400.00 400.00 0.00 168800.00 800.00 400.00 0.00 0.00 0.00 0.00 0.00 0.00 400.00 800.00 1600.00 2000.00 3600.00 1200.00 400.00 0.00 800.00 47200.00 0.00 400.00 0.00 0.00 0.00 9200.00 0.00 0.00 50000.00 0.00 0.00 0.00 0.00 0.00 0.00 0.00 0.00 0.00 0.00 400.00 0.00 400.00 800.00 800.00 1200.00 2400.00 400.00 400.00
