examplesTmp/FromLiterature/LaCecilia_2022_HP/prepro/dtm_local_slope_1
north:     0
south:           0.00000000
east:      0
west:            0.00000000
rows:    123
cols:    110
[rows 95 to 113 of 123, columns 0 to 42 of 110]
0.000000000000E+00 0.000000000000E+00 0.000000000000E+00 0.000000000000E+00 0.000000000000E+00 0.628549978137E-01 0.000000000000E+00 0.623000003397E-01 0.422150008380E-01 0.427399985492E-01 0.000000000000E+00 0.382299982011E-01 0.232800003141E-01 0.700000021607E-02 0.000000000000E+00 0.152099998668E-01 0.000000000000E+00 0.000000000000E+00 0.332800000906E-01 0.445099994540E-01 0.354800000787E-01 0.275950003415E-01 0.000000000000E+00 0.000000000000E+00 0.422299988568E-01 0.372200012207E-01 0.376200005412E-01 0.344999991357E-01 0.186500009149E-01 0.187550000846E-01 0.000000000000E+00 0.400599986315E-01 0.392649993300E-01 0.000000000000E+00 0.261700004339E-01 0.000000000000E+00 0.269900001585E-01 0.220699999481E-01 0.000000000000E+00 0.000000000000E+00 0.000000000000E+00 0.000000000000E+00 0.207749996334E-01
0.000000000000E+00 0.000000000000E+00 0.000000000000E+00 0.000000000000E+00 0.000000000000E+00 0.000000000000E+00 0.495299994946E-01 0.000000000000E+00 0.502699986100E-01 0.366000011563E-01 0.000000000000E+00 0.000000000000E+00 0.379749983549E-01 0.667499983683E-02 0.371000007726E-02 0.000000000000E+00 0.137999998406E-01 0.222050007433E-01 0.000000000000E+00 0.373249985278E-01 0.345700010657E-01 0.459900014102E-01 0.230299998075E-01 0.000000000000E+00 0.102749997750E-01 0.183249991387E-01 0.401900000870E-01 0.000000000000E+00 0.271099992096E-01 0.362050011754E-01 0.000000000000E+00 0.339349992573E-01 0.000000000000E+00 0.000000000000E+00 0.000000000000E+00 0.164950005710E-01 0.192799996585E-01 0.343549996614E-01 0.193349998444E-01 0.248600002378E-01 0.223600007594E-01 0.117149995640E-01 0.779000017792E-02
0.000000000000E+00 0.000000000000E+00 0.000000000000E+00 0.000000000000E+00 0.000000000000E+00 0.434500016272E-01 0.475549995899E-01 0.000000000000E+00 0.000000000000E+00 0.391549989581E-01 0.428199991584E-01 0.000000000000E+00 0.337999984622E-01 0.000000000000E+00 0.000000000000E+00 0.736000016332E-02 0.000000000000E+00 0.222200006247E-01 0.000000000000E+00 0.000000000000E+00 0.000000000000E+00 0.000000000000E+00 0.000000000000E+00 0.455499999225E-01 0.464400015771E-01 0.000000000000E+00 0.000000000000E+00 0.171099994332E-01 0.898499973118E-02 0.000000000000E+00 0.362149998546E-01 0.000000000000E+00 0.000000000000E+00 0.000000000000E+00 0.224600005895E-01 0.000000000000E+00 0.305749997497E-01 0.344600006938E-01 0.132449995726E-01 0.334249995649E-01 0.125749995932E-01 0.000000000000E+00 0.000000000000E+00
0.000000000000E+00 0.000000000000E+00 0.000000000000E+00 0.000000000000E+00 0.190450008959E-01 0.000000000000E+00 0.331499986351E-01 0.316449999809E-01 0.000000000000E+00 0.411150008440E-01 0.000000000000E+00 0.397499985993E-01 0.270600002259E-01 0.312849991024E-01 0.540000014007E-02 0.382500002161E-02 0.999500043690E-02 0.232599992305E-01 0.000000000000E+00 0.374500006437E-01 0.000000000000E+00 0.315800011158E-01 0.000000000000E+00 0.000000000000E+00 0.381449982524E-01 0.421649999917E-01 0.452050007880E-01 0.000000000000E+00 0.364449992776E-01 0.000000000000E+00 0.000000000000E+00 0.000000000000E+00 0.000000000000E+00 0.124350003898E-01 0.197800006717E-01 0.152200004086E-01 0.260400008410E-01 0.275650005788E-01 0.328000001609E-01 0.193300005049E-01 0.000000000000E+00 0.000000000000E+00 0.952500011772E-02
0.000000000000E+00 0.000000000000E+00 0.000000000000E+00 0.000000000000E+00 0.200249999762E-01 0.272499993443E-01 0.000000000000E+00 0.243350006640E-01 0.259649995714E-01 0.247499998659E-01 0.000000000000E+00 0.404199995100E-01 0.000000000000E+00 0.275149997324E-01 0.178249999881E-01 0.136599997059E-01 0.000000000000E+00 0.000000000000E+00 0.000000000000E+00 0.000000000000E+00 0.000000000000E+00 0.000000000000E+00 0.389450006187E-01 0.000000000000E+00 0.000000000000E+00 0.173700004816E-01 0.000000000000E+00 0.231049992144E-01 0.181649997830E-01 0.000000000000E+00 0.000000000000E+00 0.199900008738E-01 0.000000000000E+00 0.000000000000E+00 0.149950003251E-01 0.000000000000E+00 0.421900004148E-01 0.000000000000E+00 0.339149981737E-01 0.000000000000E+00 0.000000000000E+00 0.000000000000E+00 0.253550000489E-01
0.000000000000E+00 0.000000000000E+00 0.000000000000E+00 0.396150015295E-01 0.000000000000E+00 0.000000000000E+00 0.000000000000E+00 0.000000000000E+00 0.000000000000E+00 0.334349982440E-01 0.211050007492E-01 0.000000000000E+00 0.000000000000E+00 0.000000000000E+00 0.159399993718E-01 0.000000000000E+00 0.177549999207E-01 0.000000000000E+00 0.416899994016E-01 0.291700009257E-01 0.390749983490E-01 0.104700000957E-01 0.000000000000E+00 0.407899990678E-01 0.000000000000E+00 0.286299996078E-01 0.105450004339E-01 0.119999996969E-03 0.639999983832E-03 0.161400008947E-01 0.000000000000E+00 0.144999998156E-03 0.000000000000E+00 0.256900005043E-01 0.140399998054E-01 0.423800013959E-01 0.000000000000E+00 0.178599990904E-01 0.000000000000E+00 0.000000000000E+00 0.240199994296E-01 0.272749997675E-01 0.288050007075E-01
0.000000000000E+00 0.000000000000E+00 0.000000000000E+00 0.272950008512E-01 0.248300004750E-01 0.198149997741E-01 0.000000000000E+00 0.000000000000E+00 0.000000000000E+00 0.000000000000E+00 0.224200002849E-01 0.213549993932E-01 0.000000000000E+00 0.380849987268E-01 0.000000000000E+00 0.000000000000E+00 0.000000000000E+00 0.359149985015E-01 0.337649993598E-01 0.328500010073E-01 0.506250001490E-01 0.000000000000E+00 0.142449997365E-01 0.000000000000E+00 0.000000000000E+00 0.325499996543E-01 0.194749999791E-01 0.297000003047E-02 0.000000000000E+00 0.941499974579E-02 0.141049996018E-01 0.000000000000E+00 0.159750003368E-01 0.566500006244E-02 0.170499994420E-02 0.000000000000E+00 0.120249995962E-01 0.836999993771E-02 0.390999997035E-02 0.688500003889E-02 0.000000000000E+00 0.000000000000E+00 0.000000000000E+00
0.000000000000E+00 0.000000000000E+00 0.447949990630E-01 0.405550003052E-01 0.000000000000E+00 0.294799990952E-01 0.319649986923E-01 0.206199996173E-01 0.200299993157E-01 0.000000000000E+00 0.198550000787E-01 0.178800001740E-01 0.137499999255E-01 0.000000000000E+00 0.325249992311E-01 0.271749999374E-01 0.123699996620E-01 0.425649993122E-01 0.273199994117E-01 0.307950004935E-01 0.000000000000E+00 0.240100007504E-01 0.130000000354E-03 0.104849999771E-01 0.168399997056E-01 0.000000000000E+00 0.387750007212E-01 0.115000002552E-03 0.149999996211E-04 0.115000002552E-03 0.240000011399E-02 0.918000005186E-02 0.000000000000E+00 0.123049998656E-01 0.000000000000E+00 0.992500036955E-02 0.116950003430E-01 0.794500019401E-02 0.499500008300E-02 0.000000000000E+00 0.151899997145E-01 0.000000000000E+00 0.000000000000E+00
0.000000000000E+00 0.000000000000E+00 0.626799985766E-01 0.293649993837E-01 0.000000000000E+00 0.000000000000E+00 0.300949998200E-01 0.000000000000E+00 0.341150015593E-01 0.297849997878E-01 0.331999990158E-02 0.000000000000E+00 0.000000000000E+00 0.219400003552E-01 0.000000000000E+00 0.000000000000E+00 0.000000000000E+00 0.000000000000E+00 0.000000000000E+00 0.424400009215E-01 0.206749998033E-01 0.331000015140E-01 0.000000000000E+00 0.256500001997E-01 0.000000000000E+00 0.164100006223E-01 0.000000000000E+00 0.132050001994E-01 0.827999971807E-02 0.373500003479E-02 0.937500037253E-02 0.996000040323E-02 0.000000000000E+00 0.000000000000E+00 0.968000013381E-02 0.000000000000E+00 0.000000000000E+00 0.245500002056E-01 0.000000000000E+00 0.751999998465E-02 0.131099997088E-01 0.130000000354E-03 0.174100007862E-01
0.000000000000E+00 0.000000000000E+00 0.000000000000E+00 0.000000000000E+00 0.000000000000E+00 0.000000000000E+00 0.000000000000E+00 0.000000000000E+00 0.425200015306E-01 0.000000000000E+00 0.249249991030E-01 0.173349995166E-01 0.337500013411E-01 0.000000000000E+00 0.311249997467E-01 0.399800017476E-01 0.000000000000E+00 0.494199991226E-01 0.635100007057E-01 0.000000000000E+00 0.375149995089E-01 0.346349999309E-01 0.000000000000E+00 0.124749997631E-01 0.237949993461E-01 0.000000000000E+00 0.000000000000E+00 0.000000000000E+00 0.138900000602E-01 0.799999979790E-04 0.000000000000E+00 0.799999979790E-04 0.206950008869E-01 0.000000000000E+00 0.247549992055E-01 0.134199997410E-01 0.000000000000E+00 0.000000000000E+00 0.164299998432E-01 0.156999994069E-01 0.000000000000E+00 0.242199990898E-01 0.000000000000E+00
0.000000000000E+00 0.000000000000E+00 0.000000000000E+00 0.460649989545E-01 0.000000000000E+00 0.240550003946E-01 0.000000000000E+00 0.000000000000E+00 0.000000000000E+00 0.000000000000E+00 0.276449993253E-01 0.387549996376E-01 0.000000000000E+00 0.321899987757E-01 0.308650005609E-01 0.000000000000E+00 0.382199995220E-01 0.451099984348E-01 0.000000000000E+00 0.416599996388E-01 0.277249999344E-01 0.504500009120E-01 0.871500000358E-02 0.130000000354E-03 0.000000000000E+00 0.101049998775E-01 0.000000000000E+00 0.116699999198E-01 0.000000000000E+00 0.301999994554E-02 0.000000000000E+00 0.130000000354E-03 0.213849991560E-01 0.104849999771E-01 0.000000000000E+00 0.258099995553E-01 0.201249998063E-01 0.461000017822E-02 0.908000022173E-02 0.000000000000E+00 0.189500004053E-01 0.000000000000E+00 0.310600008816E-01
0.000000000000E+00 0.000000000000E+00 0.000000000000E+00 0.516900010407E-01 0.000000000000E+00 0.000000000000E+00 0.279350001365E-01 0.328250005841E-01 0.000000000000E+00 0.000000000000E+00 0.401550009847E-01 0.267949998379E-01 0.232950001955E-01 0.304249990731E-01 0.000000000000E+00 0.244449991733E-01 0.379050001502E-01 0.000000000000E+00 0.482800006866E-01 0.522250011563E-01 0.000000000000E+00 0.000000000000E+00 0.000000000000E+00 0.221999995410E-01 0.000000000000E+00 0.184799991548E-01 0.000000000000E+00 0.197650007904E-01 0.000000000000E+00 0.894000008702E-02 0.145500001963E-02 0.294349994510E-01 0.000000000000E+00 0.153599996120E-01 0.153649998829E-01 0.253199990839E-01 0.000000000000E+00 0.179200004786E-01 0.000000000000E+00 0.548500008881E-02 0.000000000000E+00 0.000000000000E+00 0.000000000000E+00
0.000000000000E+00 0.000000000000E+00 0.259850006551E-01 0.000000000000E+00 0.443649999797E-01 0.173400007188E-01 0.283799991012E-01 0.276200007647E-01 0.000000000000E+00 0.257399994880E-01 0.176599994302E-01 0.000000000000E+00 0.458300001919E-01 0.000000000000E+00 0.586099997163E-01 0.196049995720E-01 0.338150002062E-01 0.386300012469E-01 0.572349987924E-01 0.261400006711E-01 0.465749986470E-01 0.000000000000E+00 0.000000000000E+00 0.422450006008E-01 0.000000000000E+00 0.000000000000E+00 0.103900004178E-01 0.554999988526E-02 0.212399996817E-01 0.000000000000E+00 0.146000003442E-01 0.000000000000E+00 0.000000000000E+00 0.365999992937E-02 0.000000000000E+00 0.252650007606E-01 0.111199999228E-01 0.000000000000E+00 0.000000000000E+00 0.168699994683E-01 0.660499976948E-02 0.102899996564E-01 0.000000000000E+00
0.000000000000E+00 0.561750009656E-01 0.000000000000E+00 0.633149966598E-01 0.209849998355E-01 0.242149997503E-01 0.216899998486E-01 0.000000000000E+00 0.239749997854E-01 0.000000000000E+00 0.326949991286E-01 0.248900000006E-01 0.000000000000E+00 0.363750010729E-01 0.000000000000E+00 0.429049991071E-01 0.463550016284E-01 0.407549999654E-01 0.386000014842E-01 0.000000000000E+00 0.000000000000E+00 0.383099988103E-01 0.252049993724E-01 0.000000000000E+00 0.350649990141E-01 0.887999963015E-02 0.314499996603E-02 0.119999996969E-03 0.000000000000E+00 0.552000012249E-02 0.166699998081E-01 0.000000000000E+00 0.145349996164E-01 0.000000000000E+00 0.108700003475E-01 0.000000000000E+00 0.000000000000E+00 0.146850002930E-01 0.123450001702E-01 0.000000000000E+00 0.151100000367E-01 0.000000000000E+00 0.000000000000E+00
0.000000000000E+00 0.656550005078E-01 0.359250009060E-01 0.300750005990E-01 0.331650003791E-01 0.273100007325E-01 0.000000000000E+00 0.131799997762E-01 0.000000000000E+00 0.279450006783E-01 0.165049992502E-01 0.264299996197E-01 0.294499993324E-01 0.000000000000E+00 0.481849983335E-01 0.000000000000E+00 0.389200001955E-01 0.000000000000E+00 0.000000000000E+00 0.000000000000E+00 0.421449989080E-01 0.000000000000E+00 0.000000000000E+00 0.352099984884E-01 0.498749986291E-01 0.000000000000E+00 0.245000002906E-02 0.000000000000E+00 0.575000001118E-02 0.156150003895E-01 0.000000000000E+00 0.274400003254E-01 0.000000000000E+00 0.831000041217E-02 0.198250003159E-01 0.000000000000E+00 0.161400008947E-01 0.000000000000E+00 0.000000000000E+00 0.204499997199E-02 0.488500017673E-02 0.000000000000E+00 0.000000000000E+00
0.000000000000E+00 0.740799978375E-01 0.000000000000E+00 0.379250012338E-01 0.383099988103E-01 0.000000000000E+00 0.351850017905E-01 0.000000000000E+00 0.142649998888E-01 0.000000000000E+00 0.120599996299E-01 0.000000000000E+00 0.000000000000E+00 0.498800016940E-01 0.000000000000E+00 0.577649995685E-01 0.245750006288E-01 0.300699993968E-01 0.000000000000E+00 0.000000000000E+00 0.000000000000E+00 0.366550013423E-01 0.332200005651E-01 0.000000000000E+00 0.491800010204E-01 0.800999999046E-02 0.000000000000E+00 0.560000014957E-03 0.322500010952E-02 0.298800002784E-01 0.000000000000E+00 0.256949998438E-01 0.107199996710E-01 0.000000000000E+00 0.000000000000E+00 0.188699997962E-01 0.350949987769E-01 0.116450004280E-01 0.000000000000E+00 0.463500013575E-02 0.108799999580E-01 0.000000000000E+00 0.000000000000E+00
0.000000000000E+00 0.000000000000E+00 0.446700006723E-01 0.421699993312E-01 0.000000000000E+00 0.356599986553E-01 0.000000000000E+00 0.239400006831E-01 0.000000000000E+00 0.198199991137E-01 0.000000000000E+00 0.000000000000E+00 0.477650016546E-01 0.000000000000E+00 0.490950010717E-01 0.271000005305E-01 0.000000000000E+00 0.303750000894E-01 0.149050001055E-01 0.000000000000E+00 0.280499998480E-01 0.000000000000E+00 0.000000000000E+00 0.568349994719E-01 0.327400006354E-01 0.000000000000E+00 0.114050004631E-01 0.120449997485E-01 0.204600002617E-01 0.000000000000E+00 0.000000000000E+00 0.325549989939E-01 0.000000000000E+00 0.431999983266E-02 0.000000000000E+00 0.288100000471E-01 0.000000000000E+00 0.450799986720E-01 0.249999993684E-04 0.930500030518E-02 0.992000009865E-02 0.000000000000E+00 0.000000000000E+00
0.000000000000E+00 0.248949993402E-01 0.000000000000E+00 0.000000000000E+00 0.000000000000E+00 0.000000000000E+00 0.318000018597E-01 0.275650005788E-01 0.240000002086E-01 0.395749993622E-01 0.193750001490E-01 0.571749992669E-01 0.000000000000E+00 0.483549982309E-01 0.317049995065E-01 0.000000000000E+00 0.281949993223E-01 0.267600007355E-01 0.129899997264E-01 0.000000000000E+00 0.232999995351E-01 0.000000000000E+00 0.525700002909E-01 0.226000007242E-01 0.000000000000E+00 0.279150009155E-01 0.000000000000E+00 0.200699996203E-01 0.000000000000E+00 0.795000046492E-02 0.189100001007E-01 0.314950011671E-01 0.000000000000E+00 0.381999998353E-02 0.000000000000E+00 0.597499981523E-01 0.512350015342E-01 0.431500002742E-02 0.650000001770E-04 0.000000000000E+00 0.467999977991E-02 0.000000000000E+00 0.000000000000E+00
0.000000000000E+00 0.000000000000E+00 0.000000000000E+00 0.000000000000E+00 0.419650003314E-01 0.000000000000E+00 0.000000000000E+00 0.271049998701E-01 0.482500018552E-02 0.243100002408E-01 0.342149995267E-01 0.266399998218E-01 0.343800000846E-01 0.243200007826E-01 0.345400013030E-01 0.694049969316E-01 0.000000000000E+00 0.237349998206E-01 0.192249994725E-01 0.259000007063E-01 0.168699994683E-01 0.381649993360E-01 0.298250000924E-01 0.000000000000E+00 0.174150001258E-01 0.266149993986E-01 0.187250003219E-01 0.724499998614E-02 0.130000000354E-03 0.000000000000E+00 0.975999981165E-02 0.000000000000E+00 0.285049993545E-01 0.196950007230E-01 0.131700001657E-01 0.111899999902E-01 0.229299999774E-01 0.806500017643E-02 0.130000000354E-03 0.168500002474E-02 0.000000000000E+00 0.000000000000E+00 0.000000000000E+00
