examplesTmp/FromLiterature/LaCecilia_2022_HP/prepro/dtm_kSs1_sf_2
north:     0
south:           0.00000000
east:      0
west:            0.00000000
rows:    123
cols:    110
[rows 76 to 94 of 123, columns 43 to 85 of 110]
0.000000000000E+00 0.845514237881E+00 0.878217220306E+00 0.730194747448E+00 0.000000000000E+00 0.794760704041E+00 0.654224157333E+00 0.000000000000E+00 0.000000000000E+00 0.768464088440E+00 0.973092615604E+00 0.100054442883E+01 0.000000000000E+00 0.000000000000E+00 0.000000000000E+00 0.782603383064E+00 0.000000000000E+00 0.121067810059E+02 0.000000000000E+00 0.000000000000E+00 0.912940323353E+00 0.654224157333E+00 0.857700586319E+00 0.794760704041E+00 0.701180100441E+00 0.981904804707E+00 0.654224157333E+00 0.701180100441E+00 0.000000000000E+00 0.000000000000E+00 0.127797231674E+02 0.654224157333E+00 0.782603383064E+00 0.000000000000E+00 0.730194747448E+00 0.000000000000E+00 0.000000000000E+00 0.701180100441E+00 0.000000000000E+00 0.654224157333E+00 0.654224157333E+00 0.701180100441E+00 0.751506209373E+00
0.654224157333E+00 0.000000000000E+00 0.000000000000E+00 0.000000000000E+00 0.000000000000E+00 0.000000000000E+00 0.857700586319E+00 0.654224157333E+00 0.751506209373E+00 0.971240818501E+00 0.814987301826E+00 0.000000000000E+00 0.701180100441E+00 0.730194747448E+00 0.751506209373E+00 0.000000000000E+00 0.121042079926E+02 0.823619425297E+00 0.654224157333E+00 0.891187012196E+00 0.000000000000E+00 0.851803421974E+00 0.782603383064E+00 0.654224157333E+00 0.891187012196E+00 0.000000000000E+00 0.654224157333E+00 0.930838823318E+00 0.873481750488E+00 0.000000000000E+00 0.000000000000E+00 0.126883773804E+02 0.000000000000E+00 0.751506209373E+00 0.000000000000E+00 0.000000000000E+00 0.000000000000E+00 0.654224157333E+00 0.701180100441E+00 0.000000000000E+00 0.654224157333E+00 0.730194747448E+00 0.654224157333E+00
0.823619425297E+00 0.868503332138E+00 0.654224157333E+00 0.868503332138E+00 0.768464088440E+00 0.654224157333E+00 0.000000000000E+00 0.730194747448E+00 0.768464088440E+00 0.000000000000E+00 0.000000000000E+00 0.000000000000E+00 0.000000000000E+00 0.000000000000E+00 0.000000000000E+00 0.851803421974E+00 0.000000000000E+00 0.000000000000E+00 0.887050867081E+00 0.751506209373E+00 0.654224157333E+00 0.000000000000E+00 0.000000000000E+00 0.887050867081E+00 0.831506907940E+00 0.000000000000E+00 0.928064107895E+00 0.868503332138E+00 0.959405899048E+00 0.000000000000E+00 0.000000000000E+00 0.946090281010E+00 0.126799268723E+02 0.730194747448E+00 0.000000000000E+00 0.000000000000E+00 0.768464088440E+00 0.000000000000E+00 0.701180100441E+00 0.000000000000E+00 0.701180100441E+00 0.000000000000E+00 0.768464088440E+00
0.730194747448E+00 0.000000000000E+00 0.654224157333E+00 0.000000000000E+00 0.000000000000E+00 0.838773488998E+00 0.701180100441E+00 0.751506209373E+00 0.957299530506E+00 0.794760704041E+00 0.952957272530E+00 0.000000000000E+00 0.654224157333E+00 0.701180100441E+00 0.845514237881E+00 0.120623569489E+02 0.805444419384E+00 0.882733464241E+00 0.654224157333E+00 0.000000000000E+00 0.831506907940E+00 0.751506209373E+00 0.882733464241E+00 0.823619425297E+00 0.887050867081E+00 0.000000000000E+00 0.000000000000E+00 0.000000000000E+00 0.000000000000E+00 0.000000000000E+00 0.000000000000E+00 0.000000000000E+00 0.000000000000E+00 0.126351470947E+02 0.000000000000E+00 0.000000000000E+00 0.000000000000E+00 0.000000000000E+00 0.000000000000E+00 0.654224157333E+00 0.000000000000E+00 0.654224157333E+00 0.000000000000E+00
0.000000000000E+00 0.000000000000E+00 0.851803421974E+00 0.730194747448E+00 0.831506907940E+00 0.654224157333E+00 0.730194747448E+00 0.955150604248E+00 0.654224157333E+00 0.000000000000E+00 0.000000000000E+00 0.000000000000E+00 0.654224157333E+00 0.838773488998E+00 0.654224157333E+00 0.000000000000E+00 0.000000000000E+00 0.000000000000E+00 0.654224157333E+00 0.823619425297E+00 0.730194747448E+00 0.654224157333E+00 0.000000000000E+00 0.000000000000E+00 0.000000000000E+00 0.922279953957E+00 0.857700586319E+00 0.955150604248E+00 0.701180100441E+00 0.831506907940E+00 0.000000000000E+00 0.000000000000E+00 0.000000000000E+00 0.000000000000E+00 0.125335474014E+02 0.000000000000E+00 0.000000000000E+00 0.000000000000E+00 0.000000000000E+00 0.654224157333E+00 0.654224157333E+00 0.654224157333E+00 0.654224157333E+00
0.831506907940E+00 0.654224157333E+00 0.000000000000E+00 0.000000000000E+00 0.000000000000E+00 0.701180100441E+00 0.823619425297E+00 0.000000000000E+00 0.751506209373E+00 0.946090281010E+00 0.000000000000E+00 0.000000000000E+00 0.654224157333E+00 0.000000000000E+00 0.120516872406E+02 0.000000000000E+00 0.000000000000E+00 0.000000000000E+00 0.654224157333E+00 0.000000000000E+00 0.000000000000E+00 0.868503332138E+00 0.805444419384E+00 0.878217220306E+00 0.919260740280E+00 0.654224157333E+00 0.000000000000E+00 0.000000000000E+00 0.000000000000E+00 0.000000000000E+00 0.936174571514E+00 0.000000000000E+00 0.000000000000E+00 0.000000000000E+00 0.000000000000E+00 0.782603383064E+00 0.123951339722E+02 0.000000000000E+00 0.000000000000E+00 0.701180100441E+00 0.654224157333E+00 0.654224157333E+00 0.654224157333E+00
0.000000000000E+00 0.831506907940E+00 0.654224157333E+00 0.814987301826E+00 0.654224157333E+00 0.814987301826E+00 0.925212681293E+00 0.654224157333E+00 0.000000000000E+00 0.000000000000E+00 0.654224157333E+00 0.000000000000E+00 0.805444419384E+00 0.000000000000E+00 0.000000000000E+00 0.768464088440E+00 0.863253951073E+00 0.000000000000E+00 0.794760704041E+00 0.654224157333E+00 0.863253951073E+00 0.794760704041E+00 0.873481750488E+00 0.654224157333E+00 0.000000000000E+00 0.838773488998E+00 0.887050867081E+00 0.000000000000E+00 0.805444419384E+00 0.000000000000E+00 0.000000000000E+00 0.891187012196E+00 0.654224157333E+00 0.000000000000E+00 0.000000000000E+00 0.981904804707E+00 0.768464088440E+00 0.123804979324E+02 0.000000000000E+00 0.000000000000E+00 0.701180100441E+00 0.654224157333E+00 0.654224157333E+00
0.654224157333E+00 0.000000000000E+00 0.782603383064E+00 0.000000000000E+00 0.805444419384E+00 0.868503332138E+00 0.000000000000E+00 0.654224157333E+00 0.925212681293E+00 0.000000000000E+00 0.823619425297E+00 0.701180100441E+00 0.000000000000E+00 0.120436286926E+02 0.000000000000E+00 0.000000000000E+00 0.000000000000E+00 0.654224157333E+00 0.000000000000E+00 0.857700586319E+00 0.782603383064E+00 0.654224157333E+00 0.000000000000E+00 0.898975193501E+00 0.000000000000E+00 0.000000000000E+00 0.000000000000E+00 0.000000000000E+00 0.000000000000E+00 0.928064107895E+00 0.000000000000E+00 0.000000000000E+00 0.930838823318E+00 0.000000000000E+00 0.000000000000E+00 0.000000000000E+00 0.000000000000E+00 0.000000000000E+00 0.959405899048E+00 0.121841983795E+02 0.000000000000E+00 0.000000000000E+00 0.654224157333E+00
0.805444419384E+00 0.768464088440E+00 0.654224157333E+00 0.794760704041E+00 0.863253951073E+00 0.838773488998E+00 0.000000000000E+00 0.922279953957E+00 0.768464088440E+00 0.654224157333E+00 0.000000000000E+00 0.000000000000E+00 0.000000000000E+00 0.000000000000E+00 0.701180100441E+00 0.000000000000E+00 0.000000000000E+00 0.751506209373E+00 0.654224157333E+00 0.000000000000E+00 0.000000000000E+00 0.857700586319E+00 0.895157337189E+00 0.701180100441E+00 0.823619425297E+00 0.878217220306E+00 0.878217220306E+00 0.782603383064E+00 0.654224157333E+00 0.000000000000E+00 0.882733464241E+00 0.701180100441E+00 0.000000000000E+00 0.000000000000E+00 0.000000000000E+00 0.000000000000E+00 0.000000000000E+00 0.000000000000E+00 0.000000000000E+00 0.000000000000E+00 0.120463199615E+02 0.000000000000E+00 0.000000000000E+00
0.000000000000E+00 0.000000000000E+00 0.782603383064E+00 0.857700586319E+00 0.654224157333E+00 0.000000000000E+00 0.831506907940E+00 0.000000000000E+00 0.000000000000E+00 0.782603383064E+00 0.000000000000E+00 0.701180100441E+00 0.000000000000E+00 0.000000000000E+00 0.000000000000E+00 0.838773488998E+00 0.000000000000E+00 0.000000000000E+00 0.838773488998E+00 0.751506209373E+00 0.851803421974E+00 0.891187012196E+00 0.654224157333E+00 0.814987301826E+00 0.654224157333E+00 0.000000000000E+00 0.000000000000E+00 0.000000000000E+00 0.916149556637E+00 0.000000000000E+00 0.000000000000E+00 0.000000000000E+00 0.000000000000E+00 0.000000000000E+00 0.000000000000E+00 0.000000000000E+00 0.000000000000E+00 0.000000000000E+00 0.000000000000E+00 0.952957272530E+00 0.959405899048E+00 0.120328073502E+02 0.000000000000E+00
0.730194747448E+00 0.768464088440E+00 0.654224157333E+00 0.000000000000E+00 0.805444419384E+00 0.000000000000E+00 0.000000000000E+00 0.000000000000E+00 0.000000000000E+00 0.000000000000E+00 0.654224157333E+00 0.000000000000E+00 0.120328073502E+02 0.000000000000E+00 0.701180100441E+00 0.000000000000E+00 0.701180100441E+00 0.831506907940E+00 0.701180100441E+00 0.000000000000E+00 0.000000000000E+00 0.000000000000E+00 0.782603383064E+00 0.000000000000E+00 0.863253951073E+00 0.868503332138E+00 0.751506209373E+00 0.701180100441E+00 0.000000000000E+00 0.868503332138E+00 0.000000000000E+00 0.916149556637E+00 0.701180100441E+00 0.895157337189E+00 0.882733464241E+00 0.000000000000E+00 0.000000000000E+00 0.000000000000E+00 0.946090281010E+00 0.000000000000E+00 0.000000000000E+00 0.916149556637E+00 0.120191574097E+02
0.730194747448E+00 0.000000000000E+00 0.838773488998E+00 0.782603383064E+00 0.000000000000E+00 0.814987301826E+00 0.654224157333E+00 0.000000000000E+00 0.000000000000E+00 0.000000000000E+00 0.838773488998E+00 0.701180100441E+00 0.000000000000E+00 0.782603383064E+00 0.000000000000E+00 0.000000000000E+00 0.000000000000E+00 0.000000000000E+00 0.000000000000E+00 0.838773488998E+00 0.882733464241E+00 0.768464088440E+00 0.654224157333E+00 0.857700586319E+00 0.863253951073E+00 0.730194747448E+00 0.654224157333E+00 0.902652502060E+00 0.730194747448E+00 0.000000000000E+00 0.701180100441E+00 0.000000000000E+00 0.000000000000E+00 0.000000000000E+00 0.000000000000E+00 0.000000000000E+00 0.919260740280E+00 0.000000000000E+00 0.000000000000E+00 0.000000000000E+00 0.000000000000E+00 0.000000000000E+00 0.000000000000E+00
0.000000000000E+00 0.831506907940E+00 0.654224157333E+00 0.000000000000E+00 0.751506209373E+00 0.000000000000E+00 0.857700586319E+00 0.654224157333E+00 0.730194747448E+00 0.831506907940E+00 0.654224157333E+00 0.119659729004E+02 0.000000000000E+00 0.000000000000E+00 0.782603383064E+00 0.000000000000E+00 0.805444419384E+00 0.000000000000E+00 0.831506907940E+00 0.751506209373E+00 0.000000000000E+00 0.000000000000E+00 0.654224157333E+00 0.000000000000E+00 0.000000000000E+00 0.000000000000E+00 0.898975193501E+00 0.701180100441E+00 0.838773488998E+00 0.654224157333E+00 0.898975193501E+00 0.000000000000E+00 0.887050867081E+00 0.873481750488E+00 0.794760704041E+00 0.654224157333E+00 0.000000000000E+00 0.895157337189E+00 0.000000000000E+00 0.845514237881E+00 0.000000000000E+00 0.000000000000E+00 0.000000000000E+00
0.701180100441E+00 0.000000000000E+00 0.730194747448E+00 0.730194747448E+00 0.730194747448E+00 0.701180100441E+00 0.000000000000E+00 0.701180100441E+00 0.794760704041E+00 0.000000000000E+00 0.000000000000E+00 0.000000000000E+00 0.000000000000E+00 0.000000000000E+00 0.000000000000E+00 0.701180100441E+00 0.000000000000E+00 0.823619425297E+00 0.730194747448E+00 0.851803421974E+00 0.654224157333E+00 0.000000000000E+00 0.838773488998E+00 0.851803421974E+00 0.654224157333E+00 0.838773488998E+00 0.000000000000E+00 0.000000000000E+00 0.000000000000E+00 0.891187012196E+00 0.000000000000E+00 0.878217220306E+00 0.000000000000E+00 0.000000000000E+00 0.000000000000E+00 0.906199693680E+00 0.000000000000E+00 0.000000000000E+00 0.000000000000E+00 0.000000000000E+00 0.902652502060E+00 0.000000000000E+00 0.000000000000E+00
0.730194747448E+00 0.701180100441E+00 0.701180100441E+00 0.701180100441E+00 0.654224157333E+00 0.831506907940E+00 0.654224157333E+00 0.782603383064E+00 0.701180100441E+00 0.751506209373E+00 0.768464088440E+00 0.000000000000E+00 0.701180100441E+00 0.000000000000E+00 0.000000000000E+00 0.000000000000E+00 0.000000000000E+00 0.000000000000E+00 0.000000000000E+00 0.000000000000E+00 0.654224157333E+00 0.831506907940E+00 0.654224157333E+00 0.000000000000E+00 0.831506907940E+00 0.654224157333E+00 0.000000000000E+00 0.823619425297E+00 0.654224157333E+00 0.000000000000E+00 0.868503332138E+00 0.000000000000E+00 0.863253951073E+00 0.751506209373E+00 0.000000000000E+00 0.000000000000E+00 0.887050867081E+00 0.845514237881E+00 0.831506907940E+00 0.654224157333E+00 0.000000000000E+00 0.782603383064E+00 0.831506907940E+00
0.654224157333E+00 0.654224157333E+00 0.654224157333E+00 0.000000000000E+00 0.823619425297E+00 0.000000000000E+00 0.768464088440E+00 0.654224157333E+00 0.730194747448E+00 0.000000000000E+00 0.000000000000E+00 0.000000000000E+00 0.000000000000E+00 0.000000000000E+00 0.000000000000E+00 0.730194747448E+00 0.805444419384E+00 0.654224157333E+00 0.805444419384E+00 0.000000000000E+00 0.701180100441E+00 0.000000000000E+00 0.831506907940E+00 0.654224157333E+00 0.000000000000E+00 0.805444419384E+00 0.805444419384E+00 0.000000000000E+00 0.851803421974E+00 0.000000000000E+00 0.000000000000E+00 0.751506209373E+00 0.000000000000E+00 0.000000000000E+00 0.895157337189E+00 0.000000000000E+00 0.000000000000E+00 0.000000000000E+00 0.000000000000E+00 0.891187012196E+00 0.654224157333E+00 0.000000000000E+00 0.000000000000E+00
0.000000000000E+00 0.000000000000E+00 0.805444419384E+00 0.000000000000E+00 0.701180100441E+00 0.654224157333E+00 0.000000000000E+00 0.701180100441E+00 0.654224157333E+00 0.654224157333E+00 0.111883997917E+01 0.000000000000E+00 0.751506209373E+00 0.000000000000E+00 0.000000000000E+00 0.000000000000E+00 0.000000000000E+00 0.794760704041E+00 0.730194747448E+00 0.654224157333E+00 0.794760704041E+00 0.701180100441E+00 0.000000000000E+00 0.805444419384E+00 0.794760704041E+00 0.654224157333E+00 0.000000000000E+00 0.845514237881E+00 0.751506209373E+00 0.857700586319E+00 0.654224157333E+00 0.000000000000E+00 0.000000000000E+00 0.000000000000E+00 0.000000000000E+00 0.878217220306E+00 0.831506907940E+00 0.805444419384E+00 0.000000000000E+00 0.000000000000E+00 0.730194747448E+00 0.814987301826E+00 0.857700586319E+00
0.000000000000E+00 0.000000000000E+00 0.730194747448E+00 0.000000000000E+00 0.000000000000E+00 0.000000000000E+00 0.000000000000E+00 0.000000000000E+00 0.000000000000E+00 0.111831605434E+01 0.654224157333E+00 0.000000000000E+00 0.794760704041E+00 0.730194747448E+00 0.000000000000E+00 0.000000000000E+00 0.000000000000E+00 0.000000000000E+00 0.000000000000E+00 0.782603383064E+00 0.654224157333E+00 0.794760704041E+00 0.794760704041E+00 0.701180100441E+00 0.000000000000E+00 0.768464088440E+00 0.730194747448E+00 0.000000000000E+00 0.000000000000E+00 0.000000000000E+00 0.654224157333E+00 0.814987301826E+00 0.654224157333E+00 0.887050867081E+00 0.868503332138E+00 0.000000000000E+00 0.000000000000E+00 0.000000000000E+00 0.882733464241E+00 0.701180100441E+00 0.805444419384E+00 0.654224157333E+00 0.000000000000E+00
0.000000000000E+00 0.730194747448E+00 0.000000000000E+00 0.000000000000E+00 0.110502672195E+01 0.654224157333E+00 0.000000000000E+00 0.000000000000E+00 0.868503332138E+00 0.000000000000E+00 0.109143590927E+01 0.000000000000E+00 0.000000000000E+00 0.000000000000E+00 0.654224157333E+00 0.768464088440E+00 0.768464088440E+00 0.654224157333E+00 0.730194747448E+00 0.000000000000E+00 0.782603383064E+00 0.782603383064E+00 0.654224157333E+00 0.730194747448E+00 0.751506209373E+00 0.701180100441E+00 0.805444419384E+00 0.701180100441E+00 0.838773488998E+00 0.000000000000E+00 0.751506209373E+00 0.000000000000E+00 0.701180100441E+00 0.000000000000E+00 0.000000000000E+00 0.814987301826E+00 0.782603383064E+00 0.730194747448E+00 0.000000000000E+00 0.000000000000E+00 0.000000000000E+00 0.838773488998E+00 0.814987301826E+00
