examplesTmp/FromLiterature/LaCecilia_2022_HP/prepro/dtm_kSs1_sf_1
north:     0
south:           0.00000000
east:      0
west:            0.00000000
rows:    123
cols:    110
[rows 95 to 113 of 123, columns 0 to 42 of 110]
0.000000000000E+00 0.000000000000E+00 0.000000000000E+00 0.000000000000E+00 0.000000000000E+00 0.701180100441E+00 0.000000000000E+00 0.654224157333E+00 0.751506209373E+00 0.768464088440E+00 0.000000000000E+00 0.794760704041E+00 0.814987301826E+00 0.823619425297E+00 0.000000000000E+00 0.654224157333E+00 0.000000000000E+00 0.000000000000E+00 0.654224157333E+00 0.782603383064E+00 0.794760704041E+00 0.805444419384E+00 0.000000000000E+00 0.000000000000E+00 0.111349844933E+01 0.701180100441E+00 0.701180100441E+00 0.654224157333E+00 0.120164098740E+02 0.814987301826E+00 0.000000000000E+00 0.730194747448E+00 0.701180100441E+00 0.000000000000E+00 0.654224157333E+00 0.000000000000E+00 0.654224157333E+00 0.654224157333E+00 0.000000000000E+00 0.000000000000E+00 0.000000000000E+00 0.000000000000E+00 0.701180100441E+00
0.000000000000E+00 0.000000000000E+00 0.000000000000E+00 0.000000000000E+00 0.000000000000E+00 0.000000000000E+00 0.654224157333E+00 0.000000000000E+00 0.730194747448E+00 0.768464088440E+00 0.000000000000E+00 0.000000000000E+00 0.814987301826E+00 0.823619425297E+00 0.845514237881E+00 0.000000000000E+00 0.654224157333E+00 0.730194747448E+00 0.000000000000E+00 0.730194747448E+00 0.109529519081E+01 0.109655499458E+01 0.110146749020E+01 0.000000000000E+00 0.845514237881E+00 0.654224157333E+00 0.654224157333E+00 0.000000000000E+00 0.120025901794E+02 0.654224157333E+00 0.000000000000E+00 0.701180100441E+00 0.000000000000E+00 0.000000000000E+00 0.000000000000E+00 0.654224157333E+00 0.730194747448E+00 0.751506209373E+00 0.768464088440E+00 0.805444419384E+00 0.831506907940E+00 0.851803421974E+00 0.928064107895E+00
0.000000000000E+00 0.000000000000E+00 0.000000000000E+00 0.000000000000E+00 0.000000000000E+00 0.654224157333E+00 0.654224157333E+00 0.000000000000E+00 0.000000000000E+00 0.751506209373E+00 0.768464088440E+00 0.000000000000E+00 0.654224157333E+00 0.000000000000E+00 0.000000000000E+00 0.701180100441E+00 0.000000000000E+00 0.654224157333E+00 0.000000000000E+00 0.000000000000E+00 0.000000000000E+00 0.000000000000E+00 0.000000000000E+00 0.768464088440E+00 0.814987301826E+00 0.000000000000E+00 0.000000000000E+00 0.654224157333E+00 0.119942283630E+02 0.000000000000E+00 0.701180100441E+00 0.000000000000E+00 0.000000000000E+00 0.000000000000E+00 0.654224157333E+00 0.000000000000E+00 0.654224157333E+00 0.701180100441E+00 0.730194747448E+00 0.751506209373E+00 0.768464088440E+00 0.000000000000E+00 0.000000000000E+00
0.000000000000E+00 0.000000000000E+00 0.000000000000E+00 0.000000000000E+00 0.654224157333E+00 0.000000000000E+00 0.654224157333E+00 0.701180100441E+00 0.000000000000E+00 0.654224157333E+00 0.000000000000E+00 0.768464088440E+00 0.782603383064E+00 0.838773488998E+00 0.887050867081E+00 0.654224157333E+00 0.654224157333E+00 0.109078061581E+01 0.000000000000E+00 0.751506209373E+00 0.000000000000E+00 0.701180100441E+00 0.000000000000E+00 0.000000000000E+00 0.794760704041E+00 0.701180100441E+00 0.654224157333E+00 0.000000000000E+00 0.730194747448E+00 0.000000000000E+00 0.000000000000E+00 0.000000000000E+00 0.000000000000E+00 0.654224157333E+00 0.654224157333E+00 0.654224157333E+00 0.701180100441E+00 0.730194747448E+00 0.768464088440E+00 0.782603383064E+00 0.000000000000E+00 0.000000000000E+00 0.701180100441E+00
0.000000000000E+00 0.000000000000E+00 0.000000000000E+00 0.000000000000E+00 0.701180100441E+00 0.654224157333E+00 0.000000000000E+00 0.654224157333E+00 0.701180100441E+00 0.730194747448E+00 0.000000000000E+00 0.654224157333E+00 0.000000000000E+00 0.701180100441E+00 0.805444419384E+00 0.654224157333E+00 0.000000000000E+00 0.000000000000E+00 0.000000000000E+00 0.000000000000E+00 0.000000000000E+00 0.000000000000E+00 0.654224157333E+00 0.000000000000E+00 0.000000000000E+00 0.654224157333E+00 0.000000000000E+00 0.119688253403E+02 0.654224157333E+00 0.000000000000E+00 0.000000000000E+00 0.654224157333E+00 0.000000000000E+00 0.000000000000E+00 0.701180100441E+00 0.000000000000E+00 0.654224157333E+00 0.000000000000E+00 0.654224157333E+00 0.000000000000E+00 0.000000000000E+00 0.000000000000E+00 0.654224157333E+00
0.000000000000E+00 0.000000000000E+00 0.000000000000E+00 0.654224157333E+00 0.000000000000E+00 0.000000000000E+00 0.000000000000E+00 0.000000000000E+00 0.000000000000E+00 0.654224157333E+00 0.701180100441E+00 0.000000000000E+00 0.000000000000E+00 0.000000000000E+00 0.654224157333E+00 0.000000000000E+00 0.851803421974E+00 0.000000000000E+00 0.654224157333E+00 0.701180100441E+00 0.730194747448E+00 0.751506209373E+00 0.000000000000E+00 0.654224157333E+00 0.000000000000E+00 0.701180100441E+00 0.730194747448E+00 0.119659729004E+02 0.701180100441E+00 0.654224157333E+00 0.000000000000E+00 0.730194747448E+00 0.000000000000E+00 0.654224157333E+00 0.768464088440E+00 0.654224157333E+00 0.000000000000E+00 0.654224157333E+00 0.000000000000E+00 0.000000000000E+00 0.654224157333E+00 0.654224157333E+00 0.730194747448E+00
0.000000000000E+00 0.000000000000E+00 0.000000000000E+00 0.654224157333E+00 0.701180100441E+00 0.831506907940E+00 0.000000000000E+00 0.000000000000E+00 0.000000000000E+00 0.000000000000E+00 0.654224157333E+00 0.701180100441E+00 0.000000000000E+00 0.654224157333E+00 0.000000000000E+00 0.000000000000E+00 0.000000000000E+00 0.654224157333E+00 0.701180100441E+00 0.730194747448E+00 0.751506209373E+00 0.000000000000E+00 0.654224157333E+00 0.000000000000E+00 0.000000000000E+00 0.654224157333E+00 0.751506209373E+00 0.768464088440E+00 0.000000000000E+00 0.701180100441E+00 0.654224157333E+00 0.000000000000E+00 0.654224157333E+00 0.768464088440E+00 0.831506907940E+00 0.000000000000E+00 0.654224157333E+00 0.909626185894E+00 0.912940323353E+00 0.916149556637E+00 0.000000000000E+00 0.000000000000E+00 0.000000000000E+00
0.000000000000E+00 0.000000000000E+00 0.654224157333E+00 0.701180100441E+00 0.000000000000E+00 0.794760704041E+00 0.823619425297E+00 0.898975193501E+00 0.930838823318E+00 0.000000000000E+00 0.730194747448E+00 0.654224157333E+00 0.107235705853E+01 0.000000000000E+00 0.654224157333E+00 0.838773488998E+00 0.701180100441E+00 0.751506209373E+00 0.845514237881E+00 0.851803421974E+00 0.000000000000E+00 0.654224157333E+00 0.912940323353E+00 0.654224157333E+00 0.654224157333E+00 0.000000000000E+00 0.654224157333E+00 0.102486252785E+01 0.119253768921E+02 0.116182861328E+02 0.805444419384E+00 0.654224157333E+00 0.000000000000E+00 0.654224157333E+00 0.000000000000E+00 0.654224157333E+00 0.751506209373E+00 0.782603383064E+00 0.794760704041E+00 0.000000000000E+00 0.654224157333E+00 0.000000000000E+00 0.000000000000E+00
0.000000000000E+00 0.000000000000E+00 0.654224157333E+00 0.730194747448E+00 0.000000000000E+00 0.000000000000E+00 0.768464088440E+00 0.000000000000E+00 0.794760704041E+00 0.805444419384E+00 0.106767010689E+01 0.000000000000E+00 0.000000000000E+00 0.654224157333E+00 0.000000000000E+00 0.000000000000E+00 0.000000000000E+00 0.000000000000E+00 0.000000000000E+00 0.654224157333E+00 0.838773488998E+00 0.845514237881E+00 0.000000000000E+00 0.654224157333E+00 0.000000000000E+00 0.654224157333E+00 0.000000000000E+00 0.701180100441E+00 0.730194747448E+00 0.115843286514E+02 0.654224157333E+00 0.654224157333E+00 0.000000000000E+00 0.000000000000E+00 0.768464088440E+00 0.000000000000E+00 0.000000000000E+00 0.654224157333E+00 0.000000000000E+00 0.654224157333E+00 0.701180100441E+00 0.976703763008E+00 0.654224157333E+00
0.000000000000E+00 0.000000000000E+00 0.000000000000E+00 0.000000000000E+00 0.000000000000E+00 0.000000000000E+00 0.000000000000E+00 0.000000000000E+00 0.701180100441E+00 0.000000000000E+00 0.100747132301E+01 0.730194747448E+00 0.654224157333E+00 0.000000000000E+00 0.654224157333E+00 0.654224157333E+00 0.000000000000E+00 0.654224157333E+00 0.701180100441E+00 0.000000000000E+00 0.654224157333E+00 0.701180100441E+00 0.000000000000E+00 0.955150604248E+00 0.654224157333E+00 0.000000000000E+00 0.000000000000E+00 0.000000000000E+00 0.654224157333E+00 0.115611820221E+02 0.000000000000E+00 0.751506209373E+00 0.654224157333E+00 0.000000000000E+00 0.654224157333E+00 0.654224157333E+00 0.000000000000E+00 0.000000000000E+00 0.654224157333E+00 0.654224157333E+00 0.000000000000E+00 0.654224157333E+00 0.000000000000E+00
0.000000000000E+00 0.000000000000E+00 0.000000000000E+00 0.701180100441E+00 0.000000000000E+00 0.730194747448E+00 0.000000000000E+00 0.000000000000E+00 0.000000000000E+00 0.000000000000E+00 0.100054442883E+01 0.701180100441E+00 0.000000000000E+00 0.701180100441E+00 0.654224157333E+00 0.000000000000E+00 0.654224157333E+00 0.701180100441E+00 0.000000000000E+00 0.654224157333E+00 0.701180100441E+00 0.730194747448E+00 0.768464088440E+00 0.101143050194E+01 0.000000000000E+00 0.654224157333E+00 0.000000000000E+00 0.654224157333E+00 0.000000000000E+00 0.701180100441E+00 0.000000000000E+00 0.751506209373E+00 0.654224157333E+00 0.654224157333E+00 0.000000000000E+00 0.654224157333E+00 0.701180100441E+00 0.751506209373E+00 0.768464088440E+00 0.000000000000E+00 0.654224157333E+00 0.000000000000E+00 0.654224157333E+00
0.000000000000E+00 0.000000000000E+00 0.000000000000E+00 0.654224157333E+00 0.000000000000E+00 0.000000000000E+00 0.654224157333E+00 0.701180100441E+00 0.000000000000E+00 0.000000000000E+00 0.974913239479E+00 0.654224157333E+00 0.768464088440E+00 0.654224157333E+00 0.000000000000E+00 0.654224157333E+00 0.701180100441E+00 0.000000000000E+00 0.654224157333E+00 0.701180100441E+00 0.000000000000E+00 0.000000000000E+00 0.000000000000E+00 0.701180100441E+00 0.000000000000E+00 0.654224157333E+00 0.000000000000E+00 0.654224157333E+00 0.000000000000E+00 0.654224157333E+00 0.115176315308E+02 0.654224157333E+00 0.000000000000E+00 0.654224157333E+00 0.654224157333E+00 0.654224157333E+00 0.000000000000E+00 0.654224157333E+00 0.000000000000E+00 0.654224157333E+00 0.000000000000E+00 0.000000000000E+00 0.000000000000E+00
0.000000000000E+00 0.000000000000E+00 0.654224157333E+00 0.000000000000E+00 0.654224157333E+00 0.701180100441E+00 0.730194747448E+00 0.751506209373E+00 0.000000000000E+00 0.654224157333E+00 0.973092615604E+00 0.000000000000E+00 0.654224157333E+00 0.000000000000E+00 0.654224157333E+00 0.751506209373E+00 0.768464088440E+00 0.782603383064E+00 0.794760704041E+00 0.805444419384E+00 0.857700586319E+00 0.000000000000E+00 0.000000000000E+00 0.654224157333E+00 0.000000000000E+00 0.000000000000E+00 0.654224157333E+00 0.730194747448E+00 0.654224157333E+00 0.000000000000E+00 0.730194747448E+00 0.000000000000E+00 0.000000000000E+00 0.701180100441E+00 0.000000000000E+00 0.654224157333E+00 0.851803421974E+00 0.000000000000E+00 0.000000000000E+00 0.654224157333E+00 0.993157029152E+00 0.996171414852E+00 0.000000000000E+00
0.000000000000E+00 0.654224157333E+00 0.000000000000E+00 0.654224157333E+00 0.751506209373E+00 0.768464088440E+00 0.782603383064E+00 0.000000000000E+00 0.654224157333E+00 0.000000000000E+00 0.701180100441E+00 0.701180100441E+00 0.000000000000E+00 0.654224157333E+00 0.000000000000E+00 0.654224157333E+00 0.701180100441E+00 0.730194747448E+00 0.751506209373E+00 0.000000000000E+00 0.000000000000E+00 0.654224157333E+00 0.768464088440E+00 0.000000000000E+00 0.654224157333E+00 0.831506907940E+00 0.768464088440E+00 0.814987301826E+00 0.000000000000E+00 0.751506209373E+00 0.654224157333E+00 0.000000000000E+00 0.654224157333E+00 0.000000000000E+00 0.654224157333E+00 0.000000000000E+00 0.000000000000E+00 0.654224157333E+00 0.654224157333E+00 0.000000000000E+00 0.654224157333E+00 0.000000000000E+00 0.000000000000E+00
0.000000000000E+00 0.654224157333E+00 0.701180100441E+00 0.823619425297E+00 0.831506907940E+00 0.838773488998E+00 0.000000000000E+00 0.654224157333E+00 0.000000000000E+00 0.654224157333E+00 0.654224157333E+00 0.654224157333E+00 0.654224157333E+00 0.000000000000E+00 0.654224157333E+00 0.000000000000E+00 0.654224157333E+00 0.000000000000E+00 0.000000000000E+00 0.000000000000E+00 0.701180100441E+00 0.000000000000E+00 0.000000000000E+00 0.654224157333E+00 0.701180100441E+00 0.000000000000E+00 0.654224157333E+00 0.000000000000E+00 0.654224157333E+00 0.701180100441E+00 0.000000000000E+00 0.654224157333E+00 0.000000000000E+00 0.654224157333E+00 0.845514237881E+00 0.000000000000E+00 0.654224157333E+00 0.000000000000E+00 0.000000000000E+00 0.981904804707E+00 0.654224157333E+00 0.000000000000E+00 0.000000000000E+00
0.000000000000E+00 0.654224157333E+00 0.000000000000E+00 0.654224157333E+00 0.701180100441E+00 0.000000000000E+00 0.654224157333E+00 0.000000000000E+00 0.654224157333E+00 0.000000000000E+00 0.654224157333E+00 0.000000000000E+00 0.000000000000E+00 0.654224157333E+00 0.000000000000E+00 0.654224157333E+00 0.751506209373E+00 0.768464088440E+00 0.000000000000E+00 0.000000000000E+00 0.000000000000E+00 0.654224157333E+00 0.701180100441E+00 0.000000000000E+00 0.654224157333E+00 0.701180100441E+00 0.000000000000E+00 0.943698048592E+00 0.751506209373E+00 0.654224157333E+00 0.000000000000E+00 0.654224157333E+00 0.701180100441E+00 0.000000000000E+00 0.000000000000E+00 0.730194747448E+00 0.654224157333E+00 0.701180100441E+00 0.000000000000E+00 0.701180100441E+00 0.654224157333E+00 0.000000000000E+00 0.000000000000E+00
0.000000000000E+00 0.000000000000E+00 0.654224157333E+00 0.768464088440E+00 0.000000000000E+00 0.751506209373E+00 0.000000000000E+00 0.730194747448E+00 0.000000000000E+00 0.654224157333E+00 0.000000000000E+00 0.000000000000E+00 0.701180100441E+00 0.000000000000E+00 0.654224157333E+00 0.782603383064E+00 0.000000000000E+00 0.654224157333E+00 0.701180100441E+00 0.000000000000E+00 0.654224157333E+00 0.000000000000E+00 0.000000000000E+00 0.654224157333E+00 0.768464088440E+00 0.000000000000E+00 0.654224157333E+00 0.930838823318E+00 0.654224157333E+00 0.000000000000E+00 0.000000000000E+00 0.654224157333E+00 0.000000000000E+00 0.794760704041E+00 0.000000000000E+00 0.654224157333E+00 0.000000000000E+00 0.654224157333E+00 0.965486466885E+00 0.654224157333E+00 0.654224157333E+00 0.000000000000E+00 0.000000000000E+00
0.000000000000E+00 0.654224157333E+00 0.000000000000E+00 0.000000000000E+00 0.000000000000E+00 0.000000000000E+00 0.794760704041E+00 0.701180100441E+00 0.654224157333E+00 0.654224157333E+00 0.701180100441E+00 0.782603383064E+00 0.000000000000E+00 0.654224157333E+00 0.751506209373E+00 0.000000000000E+00 0.654224157333E+00 0.814987301826E+00 0.823619425297E+00 0.000000000000E+00 0.838773488998E+00 0.000000000000E+00 0.730194747448E+00 0.768464088440E+00 0.000000000000E+00 0.701180100441E+00 0.000000000000E+00 0.654224157333E+00 0.000000000000E+00 0.730194747448E+00 0.654224157333E+00 0.654224157333E+00 0.000000000000E+00 0.654224157333E+00 0.000000000000E+00 0.654224157333E+00 0.654224157333E+00 0.730194747448E+00 0.948429346085E+00 0.000000000000E+00 0.701180100441E+00 0.000000000000E+00 0.000000000000E+00
0.000000000000E+00 0.000000000000E+00 0.000000000000E+00 0.000000000000E+00 0.730194747448E+00 0.000000000000E+00 0.000000000000E+00 0.654224157333E+00 0.805444419384E+00 0.814987301826E+00 0.823619425297E+00 0.831506907940E+00 0.838773488998E+00 0.895157337189E+00 0.967438995838E+00 0.969356656075E+00 0.000000000000E+00 0.654224157333E+00 0.100336706638E+01 0.100611996651E+01 0.102135431767E+01 0.102253580093E+01 0.104962563515E+01 0.000000000000E+00 0.100611996651E+01 0.654224157333E+00 0.654224157333E+00 0.654224157333E+00 0.845514237881E+00 0.000000000000E+00 0.654224157333E+00 0.000000000000E+00 0.654224157333E+00 0.654224157333E+00 0.701180100441E+00 0.823619425297E+00 0.831506907940E+00 0.930838823318E+00 0.938743114471E+00 0.701180100441E+00 0.000000000000E+00 0.000000000000E+00 0.000000000000E+00
