examplesTmp/FromLiterature/LaCecilia_2022_HP/prepro/dtm_Ws1_sf_2
north:     0
south:           0.00000000
east:      0
west:            0.00000000
rows:    123
cols:    110
[rows 76 to 94 of 123, columns 43 to 85 of 110]
0.000000000000E+00 0.567860841751E+01 0.612638044357E+01 0.423523473740E+01 0.000000000000E+00 0.501733207703E+01 0.339979910851E+01 0.000000000000E+00 0.000000000000E+00 0.469080352783E+01 0.752156829834E+01 0.795193529129E+01 0.000000000000E+00 0.000000000000E+00 0.000000000000E+00 0.486500740051E+01 0.000000000000E+00 0.953386127949E+00 0.000000000000E+00 0.000000000000E+00 0.662040901184E+01 0.339979910851E+01 0.584347915649E+01 0.501733207703E+01 0.390534353256E+01 0.765841388702E+01 0.339979910851E+01 0.390534353256E+01 0.000000000000E+00 0.000000000000E+00 0.108555412292E+01 0.339979910851E+01 0.486500740051E+01 0.000000000000E+00 0.423523473740E+01 0.000000000000E+00 0.000000000000E+00 0.390534353256E+01 0.000000000000E+00 0.339979910851E+01 0.339979910851E+01 0.390534353256E+01 0.448606157303E+01
0.339979910851E+01 0.000000000000E+00 0.000000000000E+00 0.000000000000E+00 0.000000000000E+00 0.000000000000E+00 0.584347915649E+01 0.339979910851E+01 0.448606157303E+01 0.749296808243E+01 0.527596282959E+01 0.000000000000E+00 0.390534353256E+01 0.423523473740E+01 0.448606157303E+01 0.000000000000E+00 0.952899932861E+00 0.538831806183E+01 0.339979910851E+01 0.630866956711E+01 0.000000000000E+00 0.576340103149E+01 0.486500740051E+01 0.339979910851E+01 0.630866956711E+01 0.000000000000E+00 0.339979910851E+01 0.688254404068E+01 0.606049013138E+01 0.000000000000E+00 0.000000000000E+00 0.106702506542E+01 0.000000000000E+00 0.448606157303E+01 0.000000000000E+00 0.000000000000E+00 0.000000000000E+00 0.339979910851E+01 0.390534353256E+01 0.000000000000E+00 0.339979910851E+01 0.423523473740E+01 0.339979910851E+01
0.538831806183E+01 0.599160289764E+01 0.339979910851E+01 0.599160289764E+01 0.469080352783E+01 0.339979910851E+01 0.000000000000E+00 0.423523473740E+01 0.469080352783E+01 0.000000000000E+00 0.000000000000E+00 0.000000000000E+00 0.000000000000E+00 0.000000000000E+00 0.000000000000E+00 0.576340103149E+01 0.000000000000E+00 0.000000000000E+00 0.625024557114E+01 0.448606157303E+01 0.339979910851E+01 0.000000000000E+00 0.000000000000E+00 0.625024557114E+01 0.549201583862E+01 0.000000000000E+00 0.684157371521E+01 0.599160289764E+01 0.731147146225E+01 0.000000000000E+00 0.000000000000E+00 0.710992860794E+01 0.106532025337E+01 0.423523473740E+01 0.000000000000E+00 0.000000000000E+00 0.469080352783E+01 0.000000000000E+00 0.390534353256E+01 0.000000000000E+00 0.390534353256E+01 0.000000000000E+00 0.469080352783E+01
0.423523473740E+01 0.000000000000E+00 0.339979910851E+01 0.000000000000E+00 0.000000000000E+00 0.558842563629E+01 0.390534353256E+01 0.448606157303E+01 0.727940225601E+01 0.501733207703E+01 0.721351480484E+01 0.000000000000E+00 0.339979910851E+01 0.390534353256E+01 0.567860841751E+01 0.945011794567E+00 0.515313148499E+01 0.618955230713E+01 0.339979910851E+01 0.000000000000E+00 0.549201583862E+01 0.448606157303E+01 0.618955230713E+01 0.538831806183E+01 0.625024557114E+01 0.000000000000E+00 0.000000000000E+00 0.000000000000E+00 0.000000000000E+00 0.000000000000E+00 0.000000000000E+00 0.000000000000E+00 0.000000000000E+00 0.105631327629E+01 0.000000000000E+00 0.000000000000E+00 0.000000000000E+00 0.000000000000E+00 0.000000000000E+00 0.339979910851E+01 0.000000000000E+00 0.339979910851E+01 0.000000000000E+00
0.000000000000E+00 0.000000000000E+00 0.576340103149E+01 0.423523473740E+01 0.549201583862E+01 0.339979910851E+01 0.423523473740E+01 0.724675798416E+01 0.339979910851E+01 0.000000000000E+00 0.000000000000E+00 0.000000000000E+00 0.339979910851E+01 0.558842563629E+01 0.339979910851E+01 0.000000000000E+00 0.000000000000E+00 0.000000000000E+00 0.339979910851E+01 0.538831806183E+01 0.423523473740E+01 0.339979910851E+01 0.000000000000E+00 0.000000000000E+00 0.000000000000E+00 0.675655889511E+01 0.584347915649E+01 0.724675798416E+01 0.390534353256E+01 0.549201583862E+01 0.000000000000E+00 0.000000000000E+00 0.000000000000E+00 0.000000000000E+00 0.103604269028E+01 0.000000000000E+00 0.000000000000E+00 0.000000000000E+00 0.000000000000E+00 0.339979910851E+01 0.339979910851E+01 0.339979910851E+01 0.339979910851E+01
0.549201583862E+01 0.339979910851E+01 0.000000000000E+00 0.000000000000E+00 0.000000000000E+00 0.390534353256E+01 0.538831806183E+01 0.000000000000E+00 0.448606157303E+01 0.710992860794E+01 0.000000000000E+00 0.000000000000E+00 0.339979910851E+01 0.000000000000E+00 0.943006813526E+00 0.000000000000E+00 0.000000000000E+00 0.000000000000E+00 0.339979910851E+01 0.000000000000E+00 0.000000000000E+00 0.599160289764E+01 0.515313148499E+01 0.612638044357E+01 0.671239471436E+01 0.339979910851E+01 0.000000000000E+00 0.000000000000E+00 0.000000000000E+00 0.000000000000E+00 0.696167469025E+01 0.000000000000E+00 0.000000000000E+00 0.000000000000E+00 0.000000000000E+00 0.486500740051E+01 0.100879502296E+01 0.000000000000E+00 0.000000000000E+00 0.390534353256E+01 0.339979910851E+01 0.339979910851E+01 0.339979910851E+01
0.000000000000E+00 0.549201583862E+01 0.339979910851E+01 0.527596282959E+01 0.339979910851E+01 0.527596282959E+01 0.679959774017E+01 0.339979910851E+01 0.000000000000E+00 0.000000000000E+00 0.339979910851E+01 0.000000000000E+00 0.515313148499E+01 0.000000000000E+00 0.000000000000E+00 0.469080352783E+01 0.591939353943E+01 0.000000000000E+00 0.501733207703E+01 0.339979910851E+01 0.591939353943E+01 0.501733207703E+01 0.606049013138E+01 0.339979910851E+01 0.000000000000E+00 0.558842563629E+01 0.625024557114E+01 0.000000000000E+00 0.515313148499E+01 0.000000000000E+00 0.000000000000E+00 0.630866956711E+01 0.339979910851E+01 0.000000000000E+00 0.000000000000E+00 0.765841388702E+01 0.469080352783E+01 0.100593864918E+01 0.000000000000E+00 0.000000000000E+00 0.390534353256E+01 0.339979910851E+01 0.339979910851E+01
0.339979910851E+01 0.000000000000E+00 0.486500740051E+01 0.000000000000E+00 0.515313148499E+01 0.599160289764E+01 0.000000000000E+00 0.339979910851E+01 0.679959774017E+01 0.000000000000E+00 0.538831806183E+01 0.390534353256E+01 0.000000000000E+00 0.941494166851E+00 0.000000000000E+00 0.000000000000E+00 0.000000000000E+00 0.339979910851E+01 0.000000000000E+00 0.584347915649E+01 0.486500740051E+01 0.339979910851E+01 0.000000000000E+00 0.641941547394E+01 0.000000000000E+00 0.000000000000E+00 0.000000000000E+00 0.000000000000E+00 0.000000000000E+00 0.684157371521E+01 0.000000000000E+00 0.000000000000E+00 0.688254404068E+01 0.000000000000E+00 0.000000000000E+00 0.000000000000E+00 0.000000000000E+00 0.000000000000E+00 0.731147146225E+01 0.968083262444E+00 0.000000000000E+00 0.000000000000E+00 0.339979910851E+01
0.515313148499E+01 0.469080352783E+01 0.339979910851E+01 0.501733207703E+01 0.591939353943E+01 0.558842563629E+01 0.000000000000E+00 0.675655889511E+01 0.469080352783E+01 0.339979910851E+01 0.000000000000E+00 0.000000000000E+00 0.000000000000E+00 0.000000000000E+00 0.390534353256E+01 0.000000000000E+00 0.000000000000E+00 0.448606157303E+01 0.339979910851E+01 0.000000000000E+00 0.000000000000E+00 0.584347915649E+01 0.636500549316E+01 0.390534353256E+01 0.538831806183E+01 0.612638044357E+01 0.612638044357E+01 0.486500740051E+01 0.339979910851E+01 0.000000000000E+00 0.618955230713E+01 0.390534353256E+01 0.000000000000E+00 0.000000000000E+00 0.000000000000E+00 0.000000000000E+00 0.000000000000E+00 0.000000000000E+00 0.000000000000E+00 0.000000000000E+00 0.941999197006E+00 0.000000000000E+00 0.000000000000E+00
0.000000000000E+00 0.000000000000E+00 0.486500740051E+01 0.584347915649E+01 0.339979910851E+01 0.000000000000E+00 0.549201583862E+01 0.000000000000E+00 0.000000000000E+00 0.486500740051E+01 0.000000000000E+00 0.390534353256E+01 0.000000000000E+00 0.000000000000E+00 0.000000000000E+00 0.558842563629E+01 0.000000000000E+00 0.000000000000E+00 0.558842563629E+01 0.448606157303E+01 0.576340103149E+01 0.630866956711E+01 0.339979910851E+01 0.527596282959E+01 0.339979910851E+01 0.000000000000E+00 0.000000000000E+00 0.000000000000E+00 0.666703653336E+01 0.000000000000E+00 0.000000000000E+00 0.000000000000E+00 0.000000000000E+00 0.000000000000E+00 0.000000000000E+00 0.000000000000E+00 0.000000000000E+00 0.000000000000E+00 0.000000000000E+00 0.721351480484E+01 0.731147146225E+01 0.939465224743E+00 0.000000000000E+00
0.423523473740E+01 0.469080352783E+01 0.339979910851E+01 0.000000000000E+00 0.515313148499E+01 0.000000000000E+00 0.000000000000E+00 0.000000000000E+00 0.000000000000E+00 0.000000000000E+00 0.339979910851E+01 0.000000000000E+00 0.939465224743E+00 0.000000000000E+00 0.390534353256E+01 0.000000000000E+00 0.390534353256E+01 0.549201583862E+01 0.390534353256E+01 0.000000000000E+00 0.000000000000E+00 0.000000000000E+00 0.486500740051E+01 0.000000000000E+00 0.591939353943E+01 0.599160289764E+01 0.448606157303E+01 0.390534353256E+01 0.000000000000E+00 0.599160289764E+01 0.000000000000E+00 0.666703653336E+01 0.390534353256E+01 0.636500549316E+01 0.618955230713E+01 0.000000000000E+00 0.000000000000E+00 0.000000000000E+00 0.710992860794E+01 0.000000000000E+00 0.000000000000E+00 0.666703653336E+01 0.936909437180E+00
0.423523473740E+01 0.000000000000E+00 0.558842563629E+01 0.486500740051E+01 0.000000000000E+00 0.527596282959E+01 0.339979910851E+01 0.000000000000E+00 0.000000000000E+00 0.000000000000E+00 0.558842563629E+01 0.390534353256E+01 0.000000000000E+00 0.486500740051E+01 0.000000000000E+00 0.000000000000E+00 0.000000000000E+00 0.000000000000E+00 0.000000000000E+00 0.558842563629E+01 0.618955230713E+01 0.469080352783E+01 0.339979910851E+01 0.584347915649E+01 0.591939353943E+01 0.423523473740E+01 0.339979910851E+01 0.647204065323E+01 0.423523473740E+01 0.000000000000E+00 0.390534353256E+01 0.000000000000E+00 0.000000000000E+00 0.000000000000E+00 0.000000000000E+00 0.000000000000E+00 0.671239471436E+01 0.000000000000E+00 0.000000000000E+00 0.000000000000E+00 0.000000000000E+00 0.000000000000E+00 0.000000000000E+00
0.000000000000E+00 0.549201583862E+01 0.339979910851E+01 0.000000000000E+00 0.448606157303E+01 0.000000000000E+00 0.584347915649E+01 0.339979910851E+01 0.423523473740E+01 0.549201583862E+01 0.339979910851E+01 0.926990270615E+00 0.000000000000E+00 0.000000000000E+00 0.486500740051E+01 0.000000000000E+00 0.515313148499E+01 0.000000000000E+00 0.549201583862E+01 0.448606157303E+01 0.000000000000E+00 0.000000000000E+00 0.339979910851E+01 0.000000000000E+00 0.000000000000E+00 0.000000000000E+00 0.641941547394E+01 0.390534353256E+01 0.558842563629E+01 0.339979910851E+01 0.641941547394E+01 0.000000000000E+00 0.625024557114E+01 0.606049013138E+01 0.501733207703E+01 0.339979910851E+01 0.000000000000E+00 0.636500549316E+01 0.000000000000E+00 0.567860841751E+01 0.000000000000E+00 0.000000000000E+00 0.000000000000E+00
0.390534353256E+01 0.000000000000E+00 0.423523473740E+01 0.423523473740E+01 0.423523473740E+01 0.390534353256E+01 0.000000000000E+00 0.390534353256E+01 0.501733207703E+01 0.000000000000E+00 0.000000000000E+00 0.000000000000E+00 0.000000000000E+00 0.000000000000E+00 0.000000000000E+00 0.390534353256E+01 0.000000000000E+00 0.538831806183E+01 0.423523473740E+01 0.576340103149E+01 0.339979910851E+01 0.000000000000E+00 0.558842563629E+01 0.576340103149E+01 0.339979910851E+01 0.558842563629E+01 0.000000000000E+00 0.000000000000E+00 0.000000000000E+00 0.630866956711E+01 0.000000000000E+00 0.612638044357E+01 0.000000000000E+00 0.000000000000E+00 0.000000000000E+00 0.652300786972E+01 0.000000000000E+00 0.000000000000E+00 0.000000000000E+00 0.000000000000E+00 0.647204065323E+01 0.000000000000E+00 0.000000000000E+00
0.423523473740E+01 0.390534353256E+01 0.390534353256E+01 0.390534353256E+01 0.339979910851E+01 0.549201583862E+01 0.339979910851E+01 0.486500740051E+01 0.390534353256E+01 0.448606157303E+01 0.469080352783E+01 0.000000000000E+00 0.390534353256E+01 0.000000000000E+00 0.000000000000E+00 0.000000000000E+00 0.000000000000E+00 0.000000000000E+00 0.000000000000E+00 0.000000000000E+00 0.339979910851E+01 0.549201583862E+01 0.339979910851E+01 0.000000000000E+00 0.549201583862E+01 0.339979910851E+01 0.000000000000E+00 0.538831806183E+01 0.339979910851E+01 0.000000000000E+00 0.599160289764E+01 0.000000000000E+00 0.591939353943E+01 0.448606157303E+01 0.000000000000E+00 0.000000000000E+00 0.625024557114E+01 0.567860841751E+01 0.549201583862E+01 0.339979910851E+01 0.000000000000E+00 0.486500740051E+01 0.549201583862E+01
0.339979910851E+01 0.339979910851E+01 0.339979910851E+01 0.000000000000E+00 0.538831806183E+01 0.000000000000E+00 0.469080352783E+01 0.339979910851E+01 0.423523473740E+01 0.000000000000E+00 0.000000000000E+00 0.000000000000E+00 0.000000000000E+00 0.000000000000E+00 0.000000000000E+00 0.423523473740E+01 0.515313148499E+01 0.339979910851E+01 0.515313148499E+01 0.000000000000E+00 0.390534353256E+01 0.000000000000E+00 0.549201583862E+01 0.339979910851E+01 0.000000000000E+00 0.515313148499E+01 0.515313148499E+01 0.000000000000E+00 0.576340103149E+01 0.000000000000E+00 0.000000000000E+00 0.448606157303E+01 0.000000000000E+00 0.000000000000E+00 0.636500549316E+01 0.000000000000E+00 0.000000000000E+00 0.000000000000E+00 0.000000000000E+00 0.630866956711E+01 0.339979910851E+01 0.000000000000E+00 0.000000000000E+00
0.000000000000E+00 0.000000000000E+00 0.515313148499E+01 0.000000000000E+00 0.390534353256E+01 0.339979910851E+01 0.000000000000E+00 0.390534353256E+01 0.339979910851E+01 0.339979910851E+01 0.994342422485E+01 0.000000000000E+00 0.448606157303E+01 0.000000000000E+00 0.000000000000E+00 0.000000000000E+00 0.000000000000E+00 0.501733207703E+01 0.423523473740E+01 0.339979910851E+01 0.501733207703E+01 0.390534353256E+01 0.000000000000E+00 0.515313148499E+01 0.501733207703E+01 0.339979910851E+01 0.000000000000E+00 0.567860841751E+01 0.448606157303E+01 0.584347915649E+01 0.339979910851E+01 0.000000000000E+00 0.000000000000E+00 0.000000000000E+00 0.000000000000E+00 0.612638044357E+01 0.549201583862E+01 0.515313148499E+01 0.000000000000E+00 0.000000000000E+00 0.423523473740E+01 0.527596282959E+01 0.584347915649E+01
0.000000000000E+00 0.000000000000E+00 0.423523473740E+01 0.000000000000E+00 0.000000000000E+00 0.000000000000E+00 0.000000000000E+00 0.000000000000E+00 0.000000000000E+00 0.993411445618E+01 0.339979910851E+01 0.000000000000E+00 0.501733207703E+01 0.423523473740E+01 0.000000000000E+00 0.000000000000E+00 0.000000000000E+00 0.000000000000E+00 0.000000000000E+00 0.486500740051E+01 0.339979910851E+01 0.501733207703E+01 0.501733207703E+01 0.390534353256E+01 0.000000000000E+00 0.469080352783E+01 0.423523473740E+01 0.000000000000E+00 0.000000000000E+00 0.000000000000E+00 0.339979910851E+01 0.527596282959E+01 0.339979910851E+01 0.625024557114E+01 0.599160289764E+01 0.000000000000E+00 0.000000000000E+00 0.000000000000E+00 0.618955230713E+01 0.390534353256E+01 0.515313148499E+01 0.339979910851E+01 0.000000000000E+00
0.000000000000E+00 0.423523473740E+01 0.000000000000E+00 0.000000000000E+00 0.969941616058E+01 0.339979910851E+01 0.000000000000E+00 0.000000000000E+00 0.599160289764E+01 0.000000000000E+00 0.946229553223E+01 0.000000000000E+00 0.000000000000E+00 0.000000000000E+00 0.339979910851E+01 0.469080352783E+01 0.469080352783E+01 0.339979910851E+01 0.423523473740E+01 0.000000000000E+00 0.486500740051E+01 0.486500740051E+01 0.339979910851E+01 0.423523473740E+01 0.448606157303E+01 0.390534353256E+01 0.515313148499E+01 0.390534353256E+01 0.558842563629E+01 0.000000000000E+00 0.448606157303E+01 0.000000000000E+00 0.390534353256E+01 0.000000000000E+00 0.000000000000E+00 0.527596282959E+01 0.486500740051E+01 0.423523473740E+01 0.000000000000E+00 0.000000000000E+00 0.000000000000E+00 0.558842563629E+01 0.527596282959E+01
