examplesTmp/FromLiterature/LaCecilia_2022_HP/prepro/dtm_local_slope_1
north:     0
south:           0.00000000
east:      0
west:            0.00000000
rows:    123
cols:    110
[rows 57 to 75 of 123, columns 43 to 85 of 110]
0.000000000000E+00 0.456949993968E-01 0.468799993396E-01 0.000000000000E+00 0.462049990892E-01 0.594049990177E-01 0.000000000000E+00 0.576750002801E-01 0.000000000000E+00 0.000000000000E+00 0.000000000000E+00 0.000000000000E+00 0.510700009763E-01 0.000000000000E+00 0.525050014257E-01 0.318199992180E-01 0.000000000000E+00 0.386749990284E-01 0.331249982119E-01 0.000000000000E+00 0.813549980521E-01 0.000000000000E+00 0.000000000000E+00 0.136344999075E+00 0.135820001364E+00 0.115565001965E+00 0.806050002575E-01 0.000000000000E+00 0.435650013387E-01 0.238649994135E-01 0.000000000000E+00 0.164000000805E-01 0.243200007826E-01 0.210800003260E-01 0.000000000000E+00 0.562999993563E-01 0.398100018501E-01 0.401949994266E-01 0.493800006807E-01 0.551499985158E-01 0.609799996018E-01 0.551600009203E-01 0.763849988580E-01
0.500649996102E-01 0.000000000000E+00 0.472699999809E-01 0.242049992085E-01 0.497549995780E-01 0.000000000000E+00 0.000000000000E+00 0.000000000000E+00 0.000000000000E+00 0.000000000000E+00 0.000000000000E+00 0.521349981427E-01 0.000000000000E+00 0.484949983656E-01 0.000000000000E+00 0.451349988580E-01 0.323100015521E-01 0.000000000000E+00 0.303700007498E-01 0.496650002897E-01 0.382900014520E-01 0.545150004327E-01 0.000000000000E+00 0.000000000000E+00 0.000000000000E+00 0.000000000000E+00 0.981300026178E-01 0.491599999368E-01 0.343099981546E-01 0.275899991393E-01 0.270249992609E-01 0.000000000000E+00 0.000000000000E+00 0.160649996251E-01 0.227700006217E-01 0.000000000000E+00 0.000000000000E+00 0.000000000000E+00 0.000000000000E+00 0.552500002086E-01 0.000000000000E+00 0.671100020409E-01 0.565350018442E-01
0.000000000000E+00 0.000000000000E+00 0.000000000000E+00 0.533749982715E-01 0.609299987555E-01 0.000000000000E+00 0.422499999404E-01 0.721450001001E-01 0.295299999416E-01 0.000000000000E+00 0.510499998927E-01 0.000000000000E+00 0.489250011742E-01 0.000000000000E+00 0.339399985969E-01 0.280699990690E-01 0.317450016737E-01 0.244149994105E-01 0.000000000000E+00 0.381899997592E-01 0.000000000000E+00 0.457350015640E-01 0.000000000000E+00 0.000000000000E+00 0.860949978232E-01 0.987199991941E-01 0.000000000000E+00 0.000000000000E+00 0.697449967265E-01 0.444650016725E-01 0.268150009215E-01 0.245949998498E-01 0.256699994206E-01 0.260249990970E-01 0.256949998438E-01 0.266999993473E-01 0.294499993324E-01 0.493099987507E-01 0.443250015378E-01 0.468400008976E-01 0.441650003195E-01 0.000000000000E+00 0.000000000000E+00
0.957750007510E-01 0.000000000000E+00 0.000000000000E+00 0.659099966288E-01 0.000000000000E+00 0.000000000000E+00 0.000000000000E+00 0.000000000000E+00 0.413450002670E-01 0.388300009072E-01 0.000000000000E+00 0.000000000000E+00 0.000000000000E+00 0.408550016582E-01 0.358599983156E-01 0.373999997973E-01 0.352549999952E-01 0.177400000393E-01 0.000000000000E+00 0.000000000000E+00 0.376100018620E-01 0.471599996090E-01 0.454900003970E-01 0.000000000000E+00 0.000000000000E+00 0.000000000000E+00 0.123499996960E+00 0.741150006652E-01 0.000000000000E+00 0.000000000000E+00 0.538600012660E-01 0.369700007141E-01 0.255950000137E-01 0.236450005323E-01 0.192150007933E-01 0.182199999690E-01 0.204499997199E-01 0.000000000000E+00 0.297699999064E-01 0.409200005233E-01 0.507499985397E-01 0.458349995315E-01 0.558300018311E-01
0.520350001752E-01 0.148849999532E-01 0.197100006044E-01 0.475100018084E-01 0.315850004554E-01 0.367150008678E-01 0.394000001252E-01 0.000000000000E+00 0.444950014353E-01 0.000000000000E+00 0.433899983764E-01 0.000000000000E+00 0.410050004721E-01 0.000000000000E+00 0.425349995494E-01 0.333199985325E-01 0.258850008249E-01 0.203099995852E-01 0.920999981463E-02 0.189149994403E-01 0.240599997342E-01 0.497100017965E-01 0.490650013089E-01 0.645800009370E-01 0.000000000000E+00 0.861800014973E-01 0.000000000000E+00 0.000000000000E+00 0.000000000000E+00 0.670500025153E-01 0.796250030398E-01 0.717149972916E-01 0.443350002170E-01 0.262950006872E-01 0.233050007373E-01 0.237900000066E-01 0.000000000000E+00 0.000000000000E+00 0.237000007182E-01 0.239100009203E-01 0.547449998558E-01 0.432600006461E-01 0.000000000000E+00
0.000000000000E+00 0.410900004208E-01 0.465250015259E-01 0.000000000000E+00 0.278549995273E-01 0.000000000000E+00 0.000000000000E+00 0.393650010228E-01 0.000000000000E+00 0.000000000000E+00 0.000000000000E+00 0.000000000000E+00 0.000000000000E+00 0.428300015628E-01 0.000000000000E+00 0.623699985445E-01 0.528849996626E-01 0.317000001669E-01 0.178100001067E-01 0.000000000000E+00 0.000000000000E+00 0.482699982822E-01 0.470600016415E-01 0.698700025678E-01 0.594099983573E-01 0.000000000000E+00 0.000000000000E+00 0.000000000000E+00 0.000000000000E+00 0.000000000000E+00 0.562650002539E-01 0.650999993086E-01 0.000000000000E+00 0.527600012720E-01 0.245849993080E-01 0.186449997127E-01 0.244999993593E-01 0.232500005513E-01 0.000000000000E+00 0.479799993336E-01 0.000000000000E+00 0.561299994588E-01 0.414000004530E-01
0.705400034785E-01 0.693100020289E-01 0.538549982011E-01 0.429649986327E-01 0.346749983728E-01 0.000000000000E+00 0.000000000000E+00 0.000000000000E+00 0.337699986994E-01 0.269349999726E-01 0.000000000000E+00 0.000000000000E+00 0.446400009096E-01 0.319099985063E-01 0.274500008672E-01 0.000000000000E+00 0.496900007129E-01 0.000000000000E+00 0.131649998948E-01 0.000000000000E+00 0.207499992102E-01 0.524649992585E-01 0.489099994302E-01 0.000000000000E+00 0.399499982595E-01 0.000000000000E+00 0.966750010848E-01 0.000000000000E+00 0.000000000000E+00 0.000000000000E+00 0.000000000000E+00 0.000000000000E+00 0.637549981475E-01 0.645899996161E-01 0.491250008345E-01 0.403949990869E-01 0.322550013661E-01 0.282150004059E-01 0.430600009859E-01 0.000000000000E+00 0.000000000000E+00 0.232749991119E-01 0.387200005352E-01
0.000000000000E+00 0.777750015259E-01 0.556900016963E-01 0.000000000000E+00 0.000000000000E+00 0.343649983406E-01 0.500349998474E-01 0.000000000000E+00 0.000000000000E+00 0.000000000000E+00 0.000000000000E+00 0.000000000000E+00 0.000000000000E+00 0.000000000000E+00 0.343099981546E-01 0.000000000000E+00 0.000000000000E+00 0.000000000000E+00 0.500500015914E-01 0.235450007021E-01 0.000000000000E+00 0.357250012457E-01 0.440800003707E-01 0.526150017977E-01 0.000000000000E+00 0.000000000000E+00 0.838700011373E-01 0.000000000000E+00 0.000000000000E+00 0.000000000000E+00 0.395100004971E-01 0.000000000000E+00 0.000000000000E+00 0.000000000000E+00 0.651649981737E-01 0.000000000000E+00 0.422549992800E-01 0.572150014341E-01 0.000000000000E+00 0.000000000000E+00 0.102650001645E-01 0.232999995351E-01 0.267750006169E-01
0.350099988282E-01 0.000000000000E+00 0.000000000000E+00 0.496399998665E-01 0.000000000000E+00 0.000000000000E+00 0.000000000000E+00 0.720250010490E-01 0.000000000000E+00 0.385150015354E-01 0.249150004238E-01 0.000000000000E+00 0.000000000000E+00 0.404199995100E-01 0.000000000000E+00 0.292300004512E-01 0.000000000000E+00 0.322650000453E-01 0.000000000000E+00 0.193750001490E-01 0.210499996319E-02 0.173400007188E-01 0.438649989665E-01 0.399350002408E-01 0.000000000000E+00 0.000000000000E+00 0.000000000000E+00 0.856150016189E-01 0.000000000000E+00 0.000000000000E+00 0.000000000000E+00 0.413100011647E-01 0.413599982858E-01 0.000000000000E+00 0.000000000000E+00 0.446050018072E-01 0.782049968839E-01 0.188749991357E-01 0.302349999547E-01 0.160900000483E-01 0.241349991411E-01 0.000000000000E+00 0.000000000000E+00
0.638850033283E-01 0.507900007069E-01 0.544300004840E-01 0.540300011635E-01 0.423999987543E-01 0.359099991620E-01 0.460150018334E-01 0.000000000000E+00 0.000000000000E+00 0.424249991775E-01 0.000000000000E+00 0.000000000000E+00 0.000000000000E+00 0.000000000000E+00 0.000000000000E+00 0.000000000000E+00 0.000000000000E+00 0.000000000000E+00 0.000000000000E+00 0.000000000000E+00 0.206250008196E-01 0.000000000000E+00 0.283449999988E-01 0.302300006151E-01 0.353000015020E-01 0.000000000000E+00 0.000000000000E+00 0.815050005913E-01 0.000000000000E+00 0.510049983859E-01 0.000000000000E+00 0.405550003052E-01 0.000000000000E+00 0.000000000000E+00 0.000000000000E+00 0.304799992591E-01 0.622599981725E-01 0.130000000354E-03 0.184749998152E-01 0.329950004816E-01 0.397650003433E-01 0.000000000000E+00 0.000000000000E+00
0.407349988818E-01 0.355250015855E-01 0.000000000000E+00 0.000000000000E+00 0.000000000000E+00 0.000000000000E+00 0.000000000000E+00 0.879850015044E-01 0.000000000000E+00 0.000000000000E+00 0.000000000000E+00 0.000000000000E+00 0.000000000000E+00 0.000000000000E+00 0.000000000000E+00 0.000000000000E+00 0.000000000000E+00 0.000000000000E+00 0.000000000000E+00 0.466349981725E-01 0.291700009257E-01 0.140850003809E-01 0.000000000000E+00 0.132600003853E-01 0.336549989879E-01 0.311699993908E-01 0.374200008810E-01 0.000000000000E+00 0.724750012159E-01 0.000000000000E+00 0.493099987507E-01 0.000000000000E+00 0.000000000000E+00 0.429949983954E-01 0.380400009453E-01 0.513500021771E-02 0.000000000000E+00 0.955350026488E-01 0.524300001562E-01 0.433499999344E-01 0.382150001824E-01 0.000000000000E+00 0.000000000000E+00
0.000000000000E+00 0.632650032640E-01 0.480550006032E-01 0.000000000000E+00 0.000000000000E+00 0.630149990320E-01 0.399900004268E-01 0.000000000000E+00 0.858549997211E-01 0.000000000000E+00 0.000000000000E+00 0.413950011134E-01 0.540000014007E-01 0.489649996161E-01 0.482599996030E-01 0.000000000000E+00 0.467149987817E-01 0.440899990499E-01 0.555250011384E-01 0.000000000000E+00 0.384999997914E-01 0.316650010645E-01 0.148400003091E-01 0.000000000000E+00 0.228799991310E-01 0.252550002187E-01 0.000000000000E+00 0.402799993753E-01 0.000000000000E+00 0.665950030088E-01 0.000000000000E+00 0.632049962878E-01 0.904150009155E-01 0.000000000000E+00 0.000000000000E+00 0.379050001502E-01 0.300050005317E-01 0.000000000000E+00 0.246649999171E-01 0.355600006878E-01 0.000000000000E+00 0.000000000000E+00 0.000000000000E+00
0.765099972486E-01 0.000000000000E+00 0.000000000000E+00 0.509649999440E-01 0.278999991715E-01 0.000000000000E+00 0.000000000000E+00 0.564000010490E-01 0.000000000000E+00 0.000000000000E+00 0.000000000000E+00 0.526099987328E-01 0.000000000000E+00 0.000000000000E+00 0.491300001740E-01 0.000000000000E+00 0.000000000000E+00 0.512650012970E-01 0.000000000000E+00 0.000000000000E+00 0.000000000000E+00 0.519649982452E-01 0.336350016296E-01 0.239150002599E-01 0.000000000000E+00 0.121400002390E-01 0.000000000000E+00 0.327650010586E-01 0.000000000000E+00 0.000000000000E+00 0.749899968505E-01 0.587200000882E-01 0.000000000000E+00 0.427000001073E-01 0.452149994671E-01 0.448150001466E-01 0.213300008327E-01 0.177299994975E-01 0.136350002140E-01 0.155300004408E-01 0.000000000000E+00 0.000000000000E+00 0.000000000000E+00
0.114280000329E+00 0.104400001466E+00 0.778950005770E-01 0.000000000000E+00 0.000000000000E+00 0.000000000000E+00 0.000000000000E+00 0.000000000000E+00 0.000000000000E+00 0.000000000000E+00 0.500800013542E-01 0.000000000000E+00 0.000000000000E+00 0.000000000000E+00 0.000000000000E+00 0.000000000000E+00 0.621349997818E-01 0.620499998331E-01 0.687299966812E-01 0.726799964905E-01 0.518350005150E-01 0.395499989390E-01 0.000000000000E+00 0.291549991816E-01 0.125850001350E-01 0.000000000000E+00 0.283300001174E-01 0.212849993259E-01 0.162899997085E-01 0.448350012302E-01 0.000000000000E+00 0.000000000000E+00 0.000000000000E+00 0.000000000000E+00 0.000000000000E+00 0.000000000000E+00 0.659649968147E-01 0.424549989402E-01 0.585450008512E-01 0.547700002789E-01 0.583649985492E-01 0.000000000000E+00 0.000000000000E+00
0.000000000000E+00 0.110674999654E+00 0.113404996693E+00 0.893900021911E-01 0.793149992824E-01 0.690200030804E-01 0.629099979997E-01 0.634849965572E-01 0.648849979043E-01 0.000000000000E+00 0.621850006282E-01 0.485250018537E-01 0.447250008583E-01 0.454600006342E-01 0.351999998093E-01 0.410550013185E-01 0.000000000000E+00 0.000000000000E+00 0.818649977446E-01 0.000000000000E+00 0.000000000000E+00 0.000000000000E+00 0.502399988472E-01 0.320650003850E-01 0.000000000000E+00 0.314100012183E-01 0.000000000000E+00 0.272799991071E-01 0.161150004715E-01 0.000000000000E+00 0.238649994135E-01 0.000000000000E+00 0.000000000000E+00 0.101625002921E+00 0.109789997339E+00 0.000000000000E+00 0.000000000000E+00 0.115209996700E+00 0.105834998190E+00 0.996399968863E-01 0.778300017118E-01 0.551999993622E-01 0.000000000000E+00
0.913200005889E-01 0.000000000000E+00 0.000000000000E+00 0.111835002899E+00 0.903149992228E-01 0.000000000000E+00 0.000000000000E+00 0.000000000000E+00 0.000000000000E+00 0.000000000000E+00 0.750349983573E-01 0.000000000000E+00 0.000000000000E+00 0.000000000000E+00 0.000000000000E+00 0.423000007868E-01 0.509350001812E-01 0.591749995947E-01 0.000000000000E+00 0.758650004864E-01 0.000000000000E+00 0.000000000000E+00 0.000000000000E+00 0.487900003791E-01 0.322550013661E-01 0.304850004613E-01 0.471800006926E-01 0.000000000000E+00 0.322500010952E-02 0.235249996185E-01 0.000000000000E+00 0.284349992871E-01 0.000000000000E+00 0.194000005722E-01 0.638649985194E-01 0.118414998055E+00 0.153504997492E+00 0.143790006638E+00 0.141244992614E+00 0.117344997823E+00 0.889649987221E-01 0.748699977994E-01 0.665799975395E-01
0.000000000000E+00 0.718749985099E-01 0.904449969530E-01 0.000000000000E+00 0.000000000000E+00 0.992100015283E-01 0.801749974489E-01 0.686350017786E-01 0.000000000000E+00 0.899199992418E-01 0.817999988794E-01 0.833399966359E-01 0.000000000000E+00 0.000000000000E+00 0.687600001693E-01 0.716049969196E-01 0.729100033641E-01 0.450749993324E-01 0.000000000000E+00 0.000000000000E+00 0.000000000000E+00 0.000000000000E+00 0.552150011063E-01 0.000000000000E+00 0.568649992347E-01 0.419900007546E-01 0.000000000000E+00 0.325549989939E-01 0.110600003973E-01 0.000000000000E+00 0.390500016510E-01 0.000000000000E+00 0.224849991500E-01 0.000000000000E+00 0.000000000000E+00 0.000000000000E+00 0.527199991047E-01 0.122740000486E+00 0.119405001402E+00 0.101939998567E+00 0.900800004601E-01 0.791549980640E-01 0.580199994147E-01
0.000000000000E+00 0.000000000000E+00 0.000000000000E+00 0.000000000000E+00 0.000000000000E+00 0.954999998212E-01 0.000000000000E+00 0.881500020623E-01 0.807399973273E-01 0.000000000000E+00 0.000000000000E+00 0.000000000000E+00 0.766900032759E-01 0.701199993491E-01 0.000000000000E+00 0.796749964356E-01 0.637499988079E-01 0.554849989712E-01 0.000000000000E+00 0.000000000000E+00 0.000000000000E+00 0.000000000000E+00 0.000000000000E+00 0.483650006354E-01 0.000000000000E+00 0.000000000000E+00 0.383149981499E-01 0.000000000000E+00 0.194000005722E-01 0.218400005251E-01 0.000000000000E+00 0.415499992669E-01 0.000000000000E+00 0.259600002319E-01 0.245500002056E-01 0.375249981880E-01 0.000000000000E+00 0.450799986720E-01 0.000000000000E+00 0.000000000000E+00 0.000000000000E+00 0.937699973583E-01 0.000000000000E+00
0.000000000000E+00 0.738700032234E-01 0.701249986887E-01 0.000000000000E+00 0.000000000000E+00 0.000000000000E+00 0.983299985528E-01 0.000000000000E+00 0.000000000000E+00 0.000000000000E+00 0.605500005186E-01 0.000000000000E+00 0.773650035262E-01 0.000000000000E+00 0.677950009704E-01 0.630099996924E-01 0.000000000000E+00 0.000000000000E+00 0.000000000000E+00 0.000000000000E+00 0.000000000000E+00 0.528949983418E-01 0.000000000000E+00 0.000000000000E+00 0.456749983132E-01 0.440599992871E-01 0.383450016379E-01 0.000000000000E+00 0.235549993813E-01 0.128800002858E-01 0.000000000000E+00 0.000000000000E+00 0.159549992532E-01 0.269249994308E-01 0.353699997067E-01 0.000000000000E+00 0.460899993777E-01 0.615600012243E-01 0.000000000000E+00 0.000000000000E+00 0.000000000000E+00 0.000000000000E+00 0.000000000000E+00
