examplesTmp/FromLiterature/LaCecilia_2022_HP/prepro/dtm_kSs1_sf_1
north:     0
south:           0.00000000
east:      0
west:            0.00000000
rows:    123
cols:    110
[rows 57 to 75 of 123, columns 43 to 85 of 110]
0.000000000000E+00 0.654224157333E+00 0.863253951073E+00 0.000000000000E+00 0.768464088440E+00 0.654224157333E+00 0.000000000000E+00 0.768464088440E+00 0.000000000000E+00 0.000000000000E+00 0.000000000000E+00 0.000000000000E+00 0.654224157333E+00 0.000000000000E+00 0.654224157333E+00 0.110385179520E+01 0.000000000000E+00 0.701180100441E+00 0.654224157333E+00 0.000000000000E+00 0.654224157333E+00 0.000000000000E+00 0.000000000000E+00 0.701180100441E+00 0.730194747448E+00 0.768464088440E+00 0.768464088440E+00 0.000000000000E+00 0.794760704041E+00 0.794760704041E+00 0.000000000000E+00 0.768464088440E+00 0.654224157333E+00 0.887050867081E+00 0.000000000000E+00 0.654224157333E+00 0.957299530506E+00 0.751506209373E+00 0.730194747448E+00 0.111458528042E+01 0.654224157333E+00 0.782603383064E+00 0.794760704041E+00
0.654224157333E+00 0.000000000000E+00 0.701180100441E+00 0.135344944000E+02 0.730194747448E+00 0.000000000000E+00 0.000000000000E+00 0.000000000000E+00 0.000000000000E+00 0.000000000000E+00 0.000000000000E+00 0.654224157333E+00 0.000000000000E+00 0.654224157333E+00 0.000000000000E+00 0.100611996651E+01 0.730194747448E+00 0.000000000000E+00 0.730194747448E+00 0.701180100441E+00 0.654224157333E+00 0.654224157333E+00 0.000000000000E+00 0.000000000000E+00 0.000000000000E+00 0.000000000000E+00 0.654224157333E+00 0.794760704041E+00 0.782603383064E+00 0.782603383064E+00 0.878217220306E+00 0.000000000000E+00 0.000000000000E+00 0.882733464241E+00 0.868503332138E+00 0.000000000000E+00 0.000000000000E+00 0.000000000000E+00 0.000000000000E+00 0.857700586319E+00 0.000000000000E+00 0.654224157333E+00 0.782603383064E+00
0.000000000000E+00 0.000000000000E+00 0.000000000000E+00 0.994674503803E+00 0.654224157333E+00 0.000000000000E+00 0.730194747448E+00 0.751506209373E+00 0.863253951073E+00 0.000000000000E+00 0.654224157333E+00 0.000000000000E+00 0.701180100441E+00 0.000000000000E+00 0.863253951073E+00 0.100475203991E+01 0.701180100441E+00 0.139333877563E+02 0.000000000000E+00 0.654224157333E+00 0.000000000000E+00 0.654224157333E+00 0.000000000000E+00 0.000000000000E+00 0.701180100441E+00 0.701180100441E+00 0.000000000000E+00 0.000000000000E+00 0.654224157333E+00 0.768464088440E+00 0.873481750488E+00 0.857700586319E+00 0.730194747448E+00 0.878217220306E+00 0.863253951073E+00 0.952957272530E+00 0.701180100441E+00 0.654224157333E+00 0.110502672195E+01 0.851803421974E+00 0.730194747448E+00 0.000000000000E+00 0.000000000000E+00
0.701180100441E+00 0.000000000000E+00 0.000000000000E+00 0.701180100441E+00 0.000000000000E+00 0.000000000000E+00 0.000000000000E+00 0.000000000000E+00 0.823619425297E+00 0.654224157333E+00 0.000000000000E+00 0.000000000000E+00 0.000000000000E+00 0.654224157333E+00 0.857700586319E+00 0.100336706638E+01 0.654224157333E+00 0.782603383064E+00 0.000000000000E+00 0.000000000000E+00 0.730194747448E+00 0.701180100441E+00 0.654224157333E+00 0.000000000000E+00 0.000000000000E+00 0.000000000000E+00 0.654224157333E+00 0.730194747448E+00 0.000000000000E+00 0.000000000000E+00 0.823619425297E+00 0.851803421974E+00 0.701180100441E+00 0.873481750488E+00 0.857700586319E+00 0.950717568398E+00 0.654224157333E+00 0.000000000000E+00 0.110385179520E+01 0.845514237881E+00 0.701180100441E+00 0.751506209373E+00 0.654224157333E+00
0.654224157333E+00 0.134660387039E+02 0.936174571514E+00 0.654224157333E+00 0.902652502060E+00 0.654224157333E+00 0.701180100441E+00 0.000000000000E+00 0.654224157333E+00 0.000000000000E+00 0.751506209373E+00 0.000000000000E+00 0.102600824833E+01 0.000000000000E+00 0.654224157333E+00 0.100196468830E+01 0.730194747448E+00 0.768464088440E+00 0.139275712967E+02 0.814987301826E+00 0.751506209373E+00 0.730194747448E+00 0.701180100441E+00 0.654224157333E+00 0.000000000000E+00 0.654224157333E+00 0.000000000000E+00 0.000000000000E+00 0.000000000000E+00 0.751506209373E+00 0.814987301826E+00 0.845514237881E+00 0.654224157333E+00 0.868503332138E+00 0.851803421974E+00 0.730194747448E+00 0.000000000000E+00 0.000000000000E+00 0.654224157333E+00 0.838773488998E+00 0.654224157333E+00 0.730194747448E+00 0.000000000000E+00
0.000000000000E+00 0.845514237881E+00 0.928064107895E+00 0.000000000000E+00 0.898975193501E+00 0.000000000000E+00 0.000000000000E+00 0.701180100441E+00 0.000000000000E+00 0.000000000000E+00 0.000000000000E+00 0.000000000000E+00 0.000000000000E+00 0.782603383064E+00 0.000000000000E+00 0.654224157333E+00 0.701180100441E+00 0.654224157333E+00 0.139195375443E+02 0.000000000000E+00 0.000000000000E+00 0.730194747448E+00 0.701180100441E+00 0.654224157333E+00 0.654224157333E+00 0.000000000000E+00 0.000000000000E+00 0.000000000000E+00 0.000000000000E+00 0.000000000000E+00 0.730194747448E+00 0.838773488998E+00 0.000000000000E+00 0.751506209373E+00 0.845514237881E+00 0.701180100441E+00 0.938743114471E+00 0.928064107895E+00 0.000000000000E+00 0.823619425297E+00 0.000000000000E+00 0.701180100441E+00 0.730194747448E+00
0.831506907940E+00 0.838773488998E+00 0.925212681293E+00 0.654224157333E+00 0.895157337189E+00 0.000000000000E+00 0.000000000000E+00 0.000000000000E+00 0.991618394852E+00 0.701180100441E+00 0.000000000000E+00 0.000000000000E+00 0.701180100441E+00 0.768464088440E+00 0.997648358345E+00 0.000000000000E+00 0.782603383064E+00 0.000000000000E+00 0.930838823318E+00 0.000000000000E+00 0.730194747448E+00 0.701180100441E+00 0.654224157333E+00 0.000000000000E+00 0.654224157333E+00 0.000000000000E+00 0.654224157333E+00 0.000000000000E+00 0.000000000000E+00 0.000000000000E+00 0.000000000000E+00 0.000000000000E+00 0.823619425297E+00 0.730194747448E+00 0.838773488998E+00 0.654224157333E+00 0.936174571514E+00 0.925212681293E+00 0.107905912399E+01 0.000000000000E+00 0.000000000000E+00 0.654224157333E+00 0.701180100441E+00
0.000000000000E+00 0.654224157333E+00 0.922279953957E+00 0.000000000000E+00 0.000000000000E+00 0.751506209373E+00 0.936174571514E+00 0.000000000000E+00 0.000000000000E+00 0.000000000000E+00 0.000000000000E+00 0.000000000000E+00 0.000000000000E+00 0.000000000000E+00 0.654224157333E+00 0.000000000000E+00 0.000000000000E+00 0.000000000000E+00 0.654224157333E+00 0.109402239323E+01 0.000000000000E+00 0.768464088440E+00 0.751506209373E+00 0.654224157333E+00 0.000000000000E+00 0.000000000000E+00 0.654224157333E+00 0.000000000000E+00 0.000000000000E+00 0.000000000000E+00 0.794760704041E+00 0.000000000000E+00 0.000000000000E+00 0.000000000000E+00 0.823619425297E+00 0.000000000000E+00 0.701180100441E+00 0.887050867081E+00 0.000000000000E+00 0.000000000000E+00 0.805444419384E+00 0.701180100441E+00 0.654224157333E+00
0.814987301826E+00 0.000000000000E+00 0.000000000000E+00 0.878217220306E+00 0.000000000000E+00 0.000000000000E+00 0.000000000000E+00 0.654224157333E+00 0.000000000000E+00 0.988475143909E+00 0.654224157333E+00 0.000000000000E+00 0.000000000000E+00 0.978465199471E+00 0.000000000000E+00 0.794760704041E+00 0.000000000000E+00 0.730194747448E+00 0.000000000000E+00 0.925212681293E+00 0.137461128235E+02 0.751506209373E+00 0.730194747448E+00 0.701180100441E+00 0.000000000000E+00 0.000000000000E+00 0.000000000000E+00 0.654224157333E+00 0.000000000000E+00 0.000000000000E+00 0.000000000000E+00 0.794760704041E+00 0.654224157333E+00 0.000000000000E+00 0.000000000000E+00 0.916149556637E+00 0.654224157333E+00 0.882733464241E+00 0.814987301826E+00 0.107760179043E+01 0.751506209373E+00 0.000000000000E+00 0.000000000000E+00
0.701180100441E+00 0.916149556637E+00 0.654224157333E+00 0.873481750488E+00 0.701180100441E+00 0.930838823318E+00 0.898975193501E+00 0.000000000000E+00 0.000000000000E+00 0.985239267349E+00 0.000000000000E+00 0.000000000000E+00 0.000000000000E+00 0.000000000000E+00 0.000000000000E+00 0.000000000000E+00 0.000000000000E+00 0.000000000000E+00 0.000000000000E+00 0.000000000000E+00 0.887050867081E+00 0.000000000000E+00 0.782603383064E+00 0.768464088440E+00 0.701180100441E+00 0.000000000000E+00 0.000000000000E+00 0.654224157333E+00 0.000000000000E+00 0.654224157333E+00 0.000000000000E+00 0.654224157333E+00 0.000000000000E+00 0.000000000000E+00 0.000000000000E+00 0.909626185894E+00 0.654224157333E+00 0.878217220306E+00 0.805444419384E+00 0.107686650753E+01 0.701180100441E+00 0.000000000000E+00 0.000000000000E+00
0.654224157333E+00 0.912940323353E+00 0.000000000000E+00 0.000000000000E+00 0.000000000000E+00 0.000000000000E+00 0.000000000000E+00 0.654224157333E+00 0.000000000000E+00 0.000000000000E+00 0.000000000000E+00 0.000000000000E+00 0.000000000000E+00 0.000000000000E+00 0.000000000000E+00 0.000000000000E+00 0.000000000000E+00 0.000000000000E+00 0.000000000000E+00 0.654224157333E+00 0.882733464241E+00 0.831506907940E+00 0.000000000000E+00 0.782603383064E+00 0.768464088440E+00 0.730194747448E+00 0.654224157333E+00 0.000000000000E+00 0.654224157333E+00 0.000000000000E+00 0.654224157333E+00 0.000000000000E+00 0.000000000000E+00 0.654224157333E+00 0.814987301826E+00 0.906199693680E+00 0.000000000000E+00 0.654224157333E+00 0.794760704041E+00 0.107612669468E+01 0.654224157333E+00 0.000000000000E+00 0.000000000000E+00
0.000000000000E+00 0.654224157333E+00 0.863253951073E+00 0.000000000000E+00 0.000000000000E+00 0.654224157333E+00 0.887050867081E+00 0.000000000000E+00 0.654224157333E+00 0.000000000000E+00 0.000000000000E+00 0.936174571514E+00 0.654224157333E+00 0.751506209373E+00 0.873481750488E+00 0.000000000000E+00 0.106767010689E+01 0.916149556637E+00 0.654224157333E+00 0.000000000000E+00 0.730194747448E+00 0.823619425297E+00 0.701180100441E+00 0.000000000000E+00 0.701180100441E+00 0.654224157333E+00 0.000000000000E+00 0.654224157333E+00 0.000000000000E+00 0.654224157333E+00 0.000000000000E+00 0.730194747448E+00 0.654224157333E+00 0.000000000000E+00 0.000000000000E+00 0.814987301826E+00 0.782603383064E+00 0.000000000000E+00 0.782603383064E+00 0.107538223267E+01 0.000000000000E+00 0.000000000000E+00 0.000000000000E+00
0.898975193501E+00 0.000000000000E+00 0.000000000000E+00 0.654224157333E+00 0.882733464241E+00 0.000000000000E+00 0.000000000000E+00 0.971240818501E+00 0.000000000000E+00 0.000000000000E+00 0.000000000000E+00 0.654224157333E+00 0.000000000000E+00 0.000000000000E+00 0.751506209373E+00 0.000000000000E+00 0.000000000000E+00 0.782603383064E+00 0.000000000000E+00 0.000000000000E+00 0.000000000000E+00 0.730194747448E+00 0.654224157333E+00 0.121938724518E+02 0.000000000000E+00 0.730194747448E+00 0.000000000000E+00 0.654224157333E+00 0.000000000000E+00 0.000000000000E+00 0.654224157333E+00 0.701180100441E+00 0.000000000000E+00 0.730194747448E+00 0.782603383064E+00 0.805444419384E+00 0.768464088440E+00 0.805444419384E+00 0.768464088440E+00 0.782603383064E+00 0.000000000000E+00 0.000000000000E+00 0.000000000000E+00
0.751506209373E+00 0.851803421974E+00 0.916149556637E+00 0.000000000000E+00 0.000000000000E+00 0.000000000000E+00 0.000000000000E+00 0.000000000000E+00 0.000000000000E+00 0.000000000000E+00 0.925212681293E+00 0.000000000000E+00 0.000000000000E+00 0.000000000000E+00 0.000000000000E+00 0.000000000000E+00 0.654224157333E+00 0.768464088440E+00 0.851803421974E+00 0.654224157333E+00 0.768464088440E+00 0.701180100441E+00 0.000000000000E+00 0.838773488998E+00 0.654224157333E+00 0.000000000000E+00 0.768464088440E+00 0.751506209373E+00 0.701180100441E+00 0.654224157333E+00 0.000000000000E+00 0.000000000000E+00 0.000000000000E+00 0.000000000000E+00 0.000000000000E+00 0.000000000000E+00 0.730194747448E+00 0.794760704041E+00 0.751506209373E+00 0.768464088440E+00 0.768464088440E+00 0.000000000000E+00 0.000000000000E+00
0.000000000000E+00 0.654224157333E+00 0.912940323353E+00 0.873481750488E+00 0.873481750488E+00 0.654224157333E+00 0.967438995838E+00 0.730194747448E+00 0.851803421974E+00 0.000000000000E+00 0.916149556637E+00 0.654224157333E+00 0.831506907940E+00 0.701180100441E+00 0.106525540352E+01 0.878217220306E+00 0.000000000000E+00 0.000000000000E+00 0.654224157333E+00 0.000000000000E+00 0.000000000000E+00 0.000000000000E+00 0.121472930908E+02 0.831506907940E+00 0.000000000000E+00 0.912940323353E+00 0.000000000000E+00 0.701180100441E+00 0.654224157333E+00 0.000000000000E+00 0.654224157333E+00 0.000000000000E+00 0.000000000000E+00 0.730194747448E+00 0.782603383064E+00 0.000000000000E+00 0.000000000000E+00 0.730194747448E+00 0.730194747448E+00 0.751506209373E+00 0.751506209373E+00 0.805444419384E+00 0.000000000000E+00
0.823619425297E+00 0.000000000000E+00 0.000000000000E+00 0.654224157333E+00 0.868503332138E+00 0.000000000000E+00 0.000000000000E+00 0.000000000000E+00 0.000000000000E+00 0.000000000000E+00 0.782603383064E+00 0.000000000000E+00 0.000000000000E+00 0.000000000000E+00 0.000000000000E+00 0.851803421974E+00 0.730194747448E+00 0.831506907940E+00 0.000000000000E+00 0.701180100441E+00 0.000000000000E+00 0.000000000000E+00 0.000000000000E+00 0.654224157333E+00 0.936174571514E+00 0.909626185894E+00 0.654224157333E+00 0.000000000000E+00 0.130030164719E+02 0.654224157333E+00 0.000000000000E+00 0.654224157333E+00 0.000000000000E+00 0.701180100441E+00 0.768464088440E+00 0.654224157333E+00 0.701180100441E+00 0.701180100441E+00 0.701180100441E+00 0.730194747448E+00 0.730194747448E+00 0.794760704041E+00 0.654224157333E+00
0.000000000000E+00 0.902652502060E+00 0.857700586319E+00 0.000000000000E+00 0.000000000000E+00 0.959405899048E+00 0.654224157333E+00 0.838773488998E+00 0.000000000000E+00 0.654224157333E+00 0.768464088440E+00 0.814987301826E+00 0.000000000000E+00 0.000000000000E+00 0.654224157333E+00 0.845514237881E+00 0.701180100441E+00 0.823619425297E+00 0.000000000000E+00 0.000000000000E+00 0.000000000000E+00 0.000000000000E+00 0.730194747448E+00 0.000000000000E+00 0.654224157333E+00 0.906199693680E+00 0.000000000000E+00 0.654224157333E+00 0.952957272530E+00 0.000000000000E+00 0.654224157333E+00 0.000000000000E+00 0.654224157333E+00 0.000000000000E+00 0.000000000000E+00 0.000000000000E+00 0.654224157333E+00 0.654224157333E+00 0.654224157333E+00 0.701180100441E+00 0.701180100441E+00 0.782603383064E+00 0.654224157333E+00
0.000000000000E+00 0.000000000000E+00 0.000000000000E+00 0.000000000000E+00 0.000000000000E+00 0.898975193501E+00 0.000000000000E+00 0.654224157333E+00 0.878217220306E+00 0.000000000000E+00 0.000000000000E+00 0.000000000000E+00 0.106195712090E+01 0.654224157333E+00 0.000000000000E+00 0.701180100441E+00 0.654224157333E+00 0.814987301826E+00 0.000000000000E+00 0.000000000000E+00 0.000000000000E+00 0.000000000000E+00 0.000000000000E+00 0.925212681293E+00 0.000000000000E+00 0.000000000000E+00 0.985239267349E+00 0.000000000000E+00 0.948429346085E+00 0.128920707703E+02 0.000000000000E+00 0.654224157333E+00 0.000000000000E+00 0.805444419384E+00 0.794760704041E+00 0.654224157333E+00 0.000000000000E+00 0.701180100441E+00 0.000000000000E+00 0.000000000000E+00 0.000000000000E+00 0.730194747448E+00 0.000000000000E+00
0.000000000000E+00 0.654224157333E+00 0.851803421974E+00 0.000000000000E+00 0.000000000000E+00 0.000000000000E+00 0.805444419384E+00 0.000000000000E+00 0.000000000000E+00 0.000000000000E+00 0.782603383064E+00 0.000000000000E+00 0.100336706638E+01 0.000000000000E+00 0.768464088440E+00 0.654224157333E+00 0.000000000000E+00 0.000000000000E+00 0.000000000000E+00 0.000000000000E+00 0.000000000000E+00 0.916149556637E+00 0.000000000000E+00 0.000000000000E+00 0.805444419384E+00 0.730194747448E+00 0.983584761620E+00 0.000000000000E+00 0.941249907017E+00 0.128876838684E+02 0.000000000000E+00 0.000000000000E+00 0.782603383064E+00 0.768464088440E+00 0.654224157333E+00 0.000000000000E+00 0.751506209373E+00 0.654224157333E+00 0.000000000000E+00 0.000000000000E+00 0.000000000000E+00 0.000000000000E+00 0.000000000000E+00
