1	0	INDP	IPOND
-2.252e-01
-2.233e-01
-2.232e-01
-2.229e-01
-2.228e-01
-2.225e-01
-2.222e-01
-2.220e-01
-2.217e-01
-2.214e-01
-2.211e-01
-2.208e-01
-2.205e-01
-2.202e-01
-2.198e-01
-2.193e-01
-2.188e-01
-2.181e-01
-2.175e-01
-2.148e-01
-2.152e-01
-2.225e-01
-2.196e-01
-2.189e-01
-2.191e-01
-2.191e-01
-2.191e-01
-2.191e-01
-2.191e-01
-2.190e-01
-2.189e-01
-2.189e-01
-2.188e-01
-2.187e-01
-2.184e-01
-2.181e-01
-2.176e-01
-2.170e-01
-2.162e-01
-2.153e-01
-2.128e-01
-2.134e-01
-2.216e-01
-2.190e-01
-2.181e-01
-2.183e-01
-2.180e-01
-2.178e-01
-2.176e-01
-2.174e-01
-2.172e-01
-2.169e-01
-2.166e-01
-2.162e-01
-2.158e-01
-2.152e-01
-2.145e-01
-2.137e-01
-2.126e-01
-2.113e-01
-2.099e-01
-2.068e-01
-2.064e-01
-2.207e-01
-2.190e-01
-2.178e-01
-2.179e-01
-2.176e-01
-2.174e-01
-2.171e-01
-2.168e-01
-2.163e-01
-2.159e-01
-2.154e-01
-2.147e-01
-2.140e-01
-2.131e-01
-2.119e-01
-2.106e-01
-2.090e-01
-2.071e-01
-2.049e-01
-2.012e-01
-2.008e-01
-2.197e-01
-2.187e-01
-2.171e-01
-2.172e-01
-2.167e-01
-2.163e-01
-2.158e-01
-2.153e-01
-2.147e-01
-2.139e-01
-2.131e-01
-2.121e-01
-2.109e-01
-2.095e-01
-2.079e-01
-2.060e-01
-2.038e-01
-2.012e-01
-1.983e-01
-1.938e-01
-1.933e-01
-2.186e-01
-2.183e-01
-2.163e-01
-2.161e-01
-2.155e-01
-2.148e-01
-2.141e-01
-2.132e-01
-2.123e-01
-2.112e-01
-2.099e-01
-2.085e-01
-2.069e-01
-2.049e-01
-2.027e-01
-2.001e-01
-1.971e-01
-1.937e-01
-1.899e-01
-1.846e-01
-1.839e-01
-2.174e-01
-2.174e-01
-2.150e-01
-2.146e-01
-2.137e-01
-2.127e-01
-2.116e-01
-2.104e-01
-2.090e-01
-2.074e-01
-2.057e-01
-2.037e-01
-2.014e-01
-1.988e-01
-1.958e-01
-1.924e-01
-1.886e-01
-1.843e-01
-1.796e-01
-1.735e-01
-1.727e-01
-2.158e-01
-2.160e-01
-2.133e-01
-2.124e-01
-2.111e-01
-2.097e-01
-2.082e-01
-2.064e-01
-2.045e-01
-2.024e-01
-2.000e-01
-1.972e-01
-1.942e-01
-1.908e-01
-1.870e-01
-1.828e-01
-1.781e-01
-1.730e-01
-1.673e-01
-1.602e-01
-1.594e-01
-2.136e-01
-2.138e-01
-2.106e-01
-2.093e-01
-2.075e-01
-2.056e-01
-2.034e-01
-2.010e-01
-1.984e-01
-1.956e-01
-1.924e-01
-1.889e-01
-1.850e-01
-1.808e-01
-1.762e-01
-1.711e-01
-1.655e-01
-1.594e-01
-1.527e-01
-1.451e-01
-1.444e-01
-2.104e-01
-2.105e-01
-2.069e-01
-2.049e-01
-2.024e-01
-1.998e-01
-1.969e-01
-1.937e-01
-1.903e-01
-1.867e-01
-1.827e-01
-1.784e-01
-1.737e-01
-1.687e-01
-1.631e-01
-1.572e-01
-1.508e-01
-1.440e-01
-1.368e-01
-1.286e-01
-1.279e-01
-2.059e-01
-2.058e-01
-2.015e-01
-1.987e-01
-1.954e-01
-1.919e-01
-1.882e-01
-1.842e-01
-1.800e-01
-1.755e-01
-1.707e-01
-1.656e-01
-1.600e-01
-1.542e-01
-1.480e-01
-1.415e-01
-1.346e-01
-1.273e-01
-1.197e-01
-1.111e-01
-1.104e-01
-1.994e-01
-1.990e-01
-1.940e-01
-1.902e-01
-1.860e-01
-1.817e-01
-1.771e-01
-1.723e-01
-1.672e-01
-1.618e-01
-1.562e-01
-1.504e-01
-1.443e-01
-1.380e-01
-1.314e-01
-1.245e-01
-1.174e-01
-1.096e-01
-1.013e-01
-9.249e-02
-9.184e-02
-1.904e-01
-1.898e-01
-1.841e-01
-1.793e-01
-1.742e-01
-1.690e-01
-1.634e-01
-1.577e-01
-1.519e-01
-1.459e-01
-1.398e-01
-1.336e-01
-1.272e-01
-1.206e-01
-1.137e-01
-1.065e-01
-9.887e-02
-9.097e-02
-8.256e-02
-7.353e-02
-7.291e-02
-1.787e-01
-1.780e-01
-1.715e-01
-1.657e-01
-1.596e-01
-1.534e-01
-1.472e-01
-1.410e-01
-1.346e-01
-1.283e-01
-1.219e-01
-1.155e-01
-1.087e-01
-1.018e-01
-9.481e-02
-8.763e-02
-8.001e-02
-7.201e-02
-6.363e-02
-5.474e-02
-5.424e-02
-1.642e-01
-1.634e-01
-1.561e-01
-1.494e-01
-1.426e-01
-1.359e-01
-1.292e-01
-1.226e-01
-1.160e-01
-1.092e-01
-1.025e-01
-9.581e-02
-8.919e-02
-8.236e-02
-7.542e-02
-6.831e-02
-6.101e-02
-5.333e-02
-4.515e-02
-3.645e-02
-3.609e-02
-1.470e-01
-1.463e-01
-1.385e-01
-1.311e-01
-1.239e-01
-1.168e-01
-1.095e-01
-1.024e-01
-9.551e-02
-8.880e-02
-8.203e-02
-7.536e-02
-6.881e-02
-6.237e-02
-5.591e-02
-4.924e-02
-4.237e-02
-3.518e-02
-2.748e-02
-1.932e-02
-1.923e-02
-1.280e-01
-1.273e-01
-1.192e-01
-1.112e-01
-1.033e-01
-9.573e-02
-8.837e-02
-8.103e-02
-7.395e-02
-6.721e-02
-6.074e-02
-5.441e-02
-4.825e-02
-4.234e-02
-3.658e-02
-3.064e-02
-2.452e-02
-1.786e-02
-1.016e-02
-3.631e-03
-4.691e-03
-1.073e-01
-1.066e-01
-9.787e-02
-8.963e-02
-8.139e-02
-7.342e-02
-6.581e-02
-5.854e-02
-5.151e-02
-4.510e-02
-3.898e-02
-3.307e-02
-2.745e-02
-2.233e-02
-1.785e-02
-1.249e-02
-7.553e-03
2.828e-05
3.065e-04
4.099e-04
2.599e-04
-8.503e-02
-8.434e-02
-7.523e-02
-6.656e-02
-5.826e-02
-5.016e-02
-4.244e-02
-3.514e-02
-2.800e-02
-2.254e-02
-1.638e-02
-9.726e-03
-4.035e-03
6.583e-05
2.271e-04
4.019e-04
5.887e-04
8.058e-04
1.212e-03
1.361e-03
1.066e-03
-6.127e-02
-6.065e-02
-5.141e-02
-4.258e-02
-3.421e-02
-2.610e-02
-1.845e-02
-1.094e-02
7.093e-05
4.864e-04
9.360e-04
1.353e-03
1.752e-03
2.129e-03
2.464e-03
2.736e-03
2.942e-03
3.114e-03
3.312e-03
3.113e-03
2.443e-03
-5.328e-02
-5.015e-02
-4.089e-02
-3.210e-02
-2.365e-02
-1.565e-02
-8.135e-03
-1.582e-03
1.378e-04
7.031e-04
1.643e-03
2.431e-03
3.198e-03
3.897e-03
4.415e-03
4.679e-03
4.803e-03
4.818e-03
4.784e-03
4.472e-03
3.871e-03
-2.193e-01
-2.175e-01
-2.173e-01
-2.171e-01
-2.169e-01
-2.167e-01
-2.164e-01
-2.161e-01
-2.159e-01
-2.156e-01
-2.153e-01
-2.150e-01
-2.147e-01
-2.143e-01
-2.140e-01
-2.135e-01
-2.130e-01
-2.122e-01
-2.117e-01
-2.090e-01
-2.094e-01
-2.167e-01
-2.139e-01
-2.132e-01
-2.134e-01
-2.134e-01
-2.134e-01
-2.133e-01
-2.133e-01
-2.133e-01
-2.132e-01
-2.131e-01
-2.130e-01
-2.129e-01
-2.127e-01
-2.123e-01
-2.119e-01
-2.113e-01
-2.104e-01
-2.095e-01
-2.070e-01
-2.077e-01
-2.158e-01
-2.132e-01
-2.123e-01
-2.125e-01
-2.123e-01
-2.121e-01
-2.118e-01
-2.116e-01
-2.114e-01
-2.112e-01
-2.109e-01
-2.105e-01
-2.100e-01
-2.095e-01
-2.088e-01
-2.079e-01
-2.069e-01
-2.056e-01
-2.041e-01
-2.010e-01
-2.007e-01
-2.149e-01
-2.132e-01
-2.120e-01
-2.122e-01
-2.119e-01
-2.116e-01
-2.113e-01
-2.110e-01
-2.106e-01
-2.102e-01
-2.096e-01
-2.090e-01
-2.082e-01
-2.073e-01
-2.062e-01
-2.048e-01
-2.032e-01
-2.013e-01
-1.992e-01
-1.954e-01
-1.951e-01
-2.139e-01
-2.130e-01
-2.114e-01
-2.114e-01
-2.110e-01
-2.105e-01
-2.101e-01
-2.095e-01
-2.089e-01
-2.082e-01
-2.073e-01
-2.063e-01
-2.052e-01
-2.038e-01
-2.022e-01
-2.003e-01
-1.980e-01
-1.954e-01
-1.925e-01
-1.880e-01
-1.875e-01
-2.128e-01
-2.125e-01
-2.105e-01
-2.104e-01
-2.097e-01
-2.091e-01
-2.083e-01
-2.075e-01
-2.065e-01
-2.054e-01
-2.042e-01
-2.027e-01
-2.011e-01
-1.992e-01
-1.969e-01
-1.943e-01
-1.913e-01
-1.879e-01
-1.841e-01
-1.788e-01
-1.782e-01
-2.115e-01
-2.117e-01
-2.093e-01
-2.089e-01
-2.079e-01
-2.069e-01
-2.058e-01
-2.046e-01
-2.032e-01
-2.017e-01
-1.999e-01
-1.979e-01
-1.956e-01
-1.930e-01
-1.900e-01
-1.866e-01
-1.828e-01
-1.785e-01
-1.738e-01
-1.677e-01
-1.669e-01
-2.100e-01
-2.103e-01
-2.075e-01
-2.067e-01
-2.053e-01
-2.039e-01
-2.024e-01
-2.007e-01
-1.987e-01
-1.966e-01
-1.942e-01
-1.915e-01
-1.884e-01
-1.850e-01
-1.812e-01
-1.770e-01
-1.723e-01
-1.671e-01
-1.615e-01
-1.544e-01
-1.536e-01
-2.078e-01
-2.081e-01
-2.049e-01
-2.035e-01
-2.017e-01
-1.998e-01
-1.976e-01
-1.953e-01
-1.927e-01
-1.898e-01
-1.866e-01
-1.831e-01
-1.792e-01
-1.750e-01
-1.704e-01
-1.653e-01
-1.597e-01
-1.535e-01
-1.469e-01
-1.392e-01
-1.385e-01
-2.046e-01
-2.047e-01
-2.011e-01
-1.991e-01
-1.966e-01
-1.940e-01
-1.911e-01
-1.879e-01
-1.845e-01
-1.809e-01
-1.769e-01
-1.726e-01
-1.679e-01
-1.628e-01
-1.573e-01
-1.513e-01
-1.449e-01
-1.381e-01
-1.309e-01
-1.227e-01
-1.220e-01
-2.000e-01
-2.000e-01
-1.958e-01
-1.929e-01
-1.896e-01
-1.861e-01
-1.823e-01
-1.784e-01
-1.742e-01
-1.697e-01
-1.649e-01
-1.597e-01
-1.542e-01
-1.483e-01
-1.421e-01
-1.356e-01
-1.287e-01
-1.214e-01
-1.137e-01
-1.052e-01
-1.045e-01
-1.935e-01
-1.932e-01
-1.882e-01
-1.844e-01
-1.802e-01
-1.759e-01
-1.713e-01
-1.665e-01
-1.614e-01
-1.560e-01
-1.503e-01
-1.445e-01
-1.384e-01
-1.321e-01
-1.255e-01
-1.186e-01
-1.114e-01
-1.036e-01
-9.538e-02
-8.654e-02
-8.591e-02
-1.845e-01
-1.840e-01
-1.783e-01
-1.734e-01
-1.684e-01
-1.631e-01
-1.576e-01
-1.518e-01
-1.460e-01
-1.400e-01
-1.339e-01
-1.277e-01
-1.212e-01
-1.147e-01
-1.078e-01
-1.005e-01
-9.292e-02
-8.501e-02
-7.660e-02
-6.757e-02
-6.696e-02
-1.729e-01
-1.721e-01
-1.657e-01
-1.598e-01
-1.537e-01
-1.475e-01
-1.413e-01
-1.351e-01
-1.287e-01
-1.224e-01
-1.160e-01
-1.095e-01
-1.028e-01
-9.589e-02
-8.886e-02
-8.167e-02
-7.404e-02
-6.604e-02
-5.766e-02
-4.876e-02
-4.827e-02
-1.583e-01
-1.575e-01
-1.502e-01
-1.435e-01
-1.367e-01
-1.300e-01
-1.233e-01
-1.166e-01
-1.100e-01
-1.033e-01
-9.654e-02
-8.985e-02
-8.323e-02
-7.639e-02
-6.945e-02
-6.233e-02
-5.503e-02
-4.735e-02
-3.917e-02
-3.046e-02
-3.010e-02
-1.411e-01
-1.404e-01
-1.326e-01
-1.252e-01
-1.180e-01
-1.109e-01
-1.036e-01
-9.648e-02
-8.956e-02
-8.284e-02
-7.606e-02
-6.939e-02
-6.283e-02
-5.639e-02
-4.993e-02
-4.326e-02
-3.638e-02
-2.919e-02
-2.149e-02
-1.333e-02
-1.324e-02
-1.220e-01
-1.214e-01
-1.132e-01
-1.053e-01
-9.741e-02
-8.977e-02
-8.241e-02
-7.506e-02
-6.797e-02
-6.124e-02
-5.476e-02
-4.843e-02
-4.226e-02
-3.635e-02
-3.059e-02
-2.465e-02
-1.852e-02
-1.187e-02
-4.274e-03
2.306e-03
1.282e-03
-1.013e-01
-1.006e-01
-9.192e-02
-8.367e-02
-7.543e-02
-6.744e-02
-5.983e-02
-5.256e-02
-4.552e-02
-3.911e-02
-3.299e-02
-2.707e-02
-2.145e-02
-1.634e-02
-1.186e-02
-6.568e-03
-1.615e-03
5.887e-03
6.291e-03
6.527e-03
6.343e-03
-7.906e-02
-7.838e-02
-6.926e-02
-6.059e-02
-5.228e-02
-4.417e-02
-3.645e-02
-2.914e-02
-2.200e-02
-1.654e-02
-1.048e-02
-3.937e-03
1.792e-03
5.916e-03
6.155e-03
6.395e-03
6.644e-03
6.922e-03
7.370e-03
7.616e-03
7.294e-03
-5.529e-02
-5.467e-02
-4.543e-02
-3.659e-02
-2.822e-02
-2.011e-02
-1.245e-02
-4.947e-03
5.899e-03
6.443e-03
6.967e-03
7.452e-03
7.901e-03
8.315e-03
8.682e-03
8.984e-03
9.221e-03
9.429e-03
9.668e-03
9.567e-03
8.859e-03
-4.730e-02
-4.417e-02
-3.491e-02
-2.611e-02
-1.766e-02
-9.652e-03
-2.137e-03
4.417e-03
6.263e-03
6.872e-03
7.844e-03
8.662e-03
9.456e-03
1.018e-02
1.072e-02
1.101e-02
1.117e-02
1.122e-02
1.123e-02
1.100e-02
1.050e-02
-2.088e-01
-2.070e-01
-2.069e-01
-2.067e-01
-2.065e-01
-2.062e-01
-2.060e-01
-2.057e-01
-2.054e-01
-2.052e-01
-2.048e-01
-2.045e-01
-2.042e-01
-2.038e-01
-2.035e-01
-2.029e-01
-2.024e-01
-2.017e-01
-2.011e-01
-1.984e-01
-1.991e-01
-2.063e-01
-2.036e-01
-2.029e-01
-2.031e-01
-2.031e-01
-2.031e-01
-2.031e-01
-2.031e-01
-2.030e-01
-2.029e-01
-2.029e-01
-2.027e-01
-2.026e-01
-2.024e-01
-2.020e-01
-2.016e-01
-2.009e-01
-2.001e-01
-1.992e-01
-1.967e-01
-1.977e-01
-2.054e-01
-2.030e-01
-2.021e-01
-2.023e-01
-2.020e-01
-2.018e-01
-2.016e-01
-2.014e-01
-2.011e-01
-2.009e-01
-2.006e-01
-2.002e-01
-1.998e-01
-1.992e-01
-1.985e-01
-1.976e-01
-1.965e-01
-1.952e-01
-1.937e-01
-1.907e-01
-1.905e-01
-2.045e-01
-2.030e-01
-2.018e-01
-2.019e-01
-2.016e-01
-2.013e-01
-2.010e-01
-2.008e-01
-2.003e-01
-1.999e-01
-1.993e-01
-1.987e-01
-1.979e-01
-1.970e-01
-1.959e-01
-1.945e-01
-1.928e-01
-1.909e-01
-1.887e-01
-1.850e-01
-1.849e-01
-2.034e-01
-2.027e-01
-2.011e-01
-2.011e-01
-2.007e-01
-2.003e-01
-1.998e-01
-1.992e-01
-1.986e-01
-1.979e-01
-1.970e-01
-1.960e-01
-1.948e-01
-1.934e-01
-1.918e-01
-1.899e-01
-1.876e-01
-1.850e-01
-1.820e-01
-1.775e-01
-1.773e-01
-2.023e-01
-2.022e-01
-2.002e-01
-2.001e-01
-1.994e-01
-1.988e-01
-1.980e-01
-1.972e-01
-1.962e-01
-1.951e-01
-1.938e-01
-1.924e-01
-1.907e-01
-1.887e-01
-1.865e-01
-1.838e-01
-1.808e-01
-1.773e-01
-1.735e-01
-1.682e-01
-1.677e-01
-2.010e-01
-2.014e-01
-1.990e-01
-1.986e-01
-1.976e-01
-1.966e-01
-1.955e-01
-1.943e-01
-1.929e-01
-1.913e-01
-1.895e-01
-1.875e-01
-1.852e-01
-1.825e-01
-1.795e-01
-1.760e-01
-1.721e-01
-1.678e-01
-1.631e-01
-1.569e-01
-1.563e-01
-1.994e-01
-2.000e-01
-1.972e-01
-1.963e-01
-1.950e-01
-1.936e-01
-1.920e-01
-1.903e-01
-1.883e-01
-1.862e-01
-1.837e-01
-1.810e-01
-1.778e-01
-1.744e-01
-1.705e-01
-1.662e-01
-1.615e-01
-1.563e-01
-1.506e-01
-1.434e-01
-1.428e-01
-1.972e-01
-1.977e-01
-1.945e-01
-1.931e-01
-1.913e-01
-1.894e-01
-1.872e-01
-1.848e-01
-1.822e-01
-1.792e-01
-1.760e-01
-1.724e-01
-1.685e-01
-1.642e-01
-1.595e-01
-1.544e-01
-1.487e-01
-1.425e-01
-1.358e-01
-1.280e-01
-1.275e-01
-1.940e-01
-1.944e-01
-1.907e-01
-1.887e-01
-1.862e-01
-1.835e-01
-1.806e-01
-1.774e-01
-1.739e-01
-1.702e-01
-1.661e-01
-1.618e-01
-1.570e-01
-1.519e-01
-1.463e-01
-1.402e-01
-1.337e-01
-1.269e-01
-1.195e-01
-1.113e-01
-1.108e-01
-1.894e-01
-1.895e-01
-1.853e-01
-1.823e-01
-1.790e-01
-1.754e-01
-1.717e-01
-1.677e-01
-1.634e-01
-1.588e-01
-1.540e-01
-1.487e-01
-1.431e-01
-1.372e-01
-1.309e-01
-1.243e-01
-1.173e-01
-1.100e-01
-1.022e-01
-9.362e-02
-9.304e-02
-1.827e-01
-1.826e-01
-1.776e-01
-1.737e-01
-1.695e-01
-1.651e-01
-1.604e-01
-1.556e-01
-1.504e-01
-1.449e-01
-1.392e-01
-1.333e-01
-1.272e-01
-1.208e-01
-1.141e-01
-1.071e-01
-9.991e-02
-9.205e-02
-8.372e-02
-7.484e-02
-7.425e-02
-1.736e-01
-1.733e-01
-1.675e-01
-1.626e-01
-1.575e-01
-1.522e-01
-1.466e-01
-1.407e-01
-1.348e-01
-1.288e-01
-1.226e-01
-1.163e-01
-1.098e-01
-1.032e-01
-9.622e-02
-8.889e-02
-8.123e-02
-7.327e-02
-6.481e-02
-5.575e-02
-5.517e-02
-1.618e-01
-1.612e-01
-1.548e-01
-1.488e-01
-1.427e-01
-1.364e-01
-1.301e-01
-1.238e-01
-1.174e-01
-1.109e-01
-1.045e-01
-9.797e-02
-9.116e-02
-8.422e-02
-7.714e-02
-6.990e-02
-6.223e-02
-5.419e-02
-4.577e-02
-3.685e-02
-3.637e-02
-1.471e-01
-1.465e-01
-1.391e-01
-1.323e-01
-1.255e-01
-1.186e-01
-1.118e-01
-1.051e-01
-9.850e-02
-9.167e-02
-8.487e-02
-7.814e-02
-7.146e-02
-6.459e-02
-5.761e-02
-5.046e-02
-4.312e-02
-3.542e-02
-2.721e-02
-1.849e-02
-1.814e-02
-1.297e-01
-1.291e-01
-1.213e-01
-1.138e-01
-1.065e-01
-9.933e-02
-9.202e-02
-8.483e-02
-7.785e-02
-7.109e-02
-6.426e-02
-5.755e-02
-5.096e-02
-4.448e-02
-3.800e-02
-3.132e-02
-2.442e-02
-1.721e-02
-9.506e-03
-1.340e-03
-1.249e-03
-1.105e-01
-1.099e-01
-1.017e-01
-9.372e-02
-8.577e-02
-7.808e-02
-7.067e-02
-6.326e-02
-5.613e-02
-4.936e-02
-4.285e-02
-3.650e-02
-3.031e-02
-2.438e-02
-1.861e-02
-1.266e-02
-6.535e-03
1.186e-04
7.612e-03
1.422e-02
1.325e-02
-8.962e-02
-8.901e-02
-8.025e-02
-7.193e-02
-6.364e-02
-5.560e-02
-4.795e-02
-4.064e-02
-3.358e-02
-2.715e-02
-2.101e-02
-1.508e-02
-9.459e-03
-4.347e-03
1.318e-04
5.356e-03
1.031e-02
1.765e-02
1.827e-02
1.875e-02
1.851e-02
-6.725e-02
-6.660e-02
-5.744e-02
-4.871e-02
-4.037e-02
-3.222e-02
-2.448e-02
-1.715e-02
-1.001e-02
-4.553e-03
1.411e-03
7.856e-03
1.354e-02
1.764e-02
1.803e-02
1.839e-02
1.874e-02
1.915e-02
1.969e-02
2.012e-02
1.975e-02
-4.341e-02
-4.280e-02
-3.352e-02
-2.465e-02
-1.625e-02
-8.127e-03
-4.575e-04
7.047e-03
1.759e-02
1.836e-02
1.903e-02
1.962e-02
2.018e-02
2.068e-02
2.111e-02
2.147e-02
2.177e-02
2.205e-02
2.238e-02
2.246e-02
2.169e-02
-3.541e-02
-3.228e-02
-2.299e-02
-1.416e-02
-5.684e-03
2.340e-03
9.859e-03
1.642e-02
1.848e-02
1.920e-02
2.024e-02
2.112e-02
2.196e-02
2.274e-02
2.333e-02
2.367e-02
2.389e-02
2.401e-02
2.411e-02
2.404e-02
2.373e-02
-1.956e-01
-1.940e-01
-1.939e-01
-1.937e-01
-1.935e-01
-1.932e-01
-1.930e-01
-1.926e-01
-1.924e-01
-1.921e-01
-1.917e-01
-1.913e-01
-1.909e-01
-1.906e-01
-1.901e-01
-1.896e-01
-1.890e-01
-1.882e-01
-1.876e-01
-1.849e-01
-1.860e-01
-1.933e-01
-1.908e-01
-1.901e-01
-1.903e-01
-1.903e-01
-1.902e-01
-1.902e-01
-1.901e-01
-1.901e-01
-1.900e-01
-1.899e-01
-1.898e-01
-1.896e-01
-1.894e-01
-1.890e-01
-1.886e-01
-1.879e-01
-1.870e-01
-1.860e-01
-1.835e-01
-1.849e-01
-1.925e-01
-1.901e-01
-1.893e-01
-1.894e-01
-1.892e-01
-1.889e-01
-1.887e-01
-1.885e-01
-1.882e-01
-1.879e-01
-1.876e-01
-1.872e-01
-1.868e-01
-1.862e-01
-1.854e-01
-1.845e-01
-1.834e-01
-1.820e-01
-1.805e-01
-1.773e-01
-1.777e-01
-1.915e-01
-1.901e-01
-1.889e-01
-1.890e-01
-1.887e-01
-1.884e-01
-1.881e-01
-1.878e-01
-1.873e-01
-1.869e-01
-1.863e-01
-1.856e-01
-1.848e-01
-1.839e-01
-1.827e-01
-1.813e-01
-1.796e-01
-1.775e-01
-1.753e-01
-1.715e-01
-1.718e-01
-1.903e-01
-1.898e-01
-1.882e-01
-1.882e-01
-1.877e-01
-1.873e-01
-1.868e-01
-1.862e-01
-1.856e-01
-1.848e-01
-1.839e-01
-1.829e-01
-1.816e-01
-1.802e-01
-1.785e-01
-1.765e-01
-1.741e-01
-1.714e-01
-1.684e-01
-1.638e-01
-1.639e-01
-1.891e-01
-1.893e-01
-1.873e-01
-1.871e-01
-1.865e-01
-1.858e-01
-1.850e-01
-1.841e-01
-1.831e-01
-1.820e-01
-1.806e-01
-1.791e-01
-1.774e-01
-1.753e-01
-1.730e-01
-1.702e-01
-1.671e-01
-1.635e-01
-1.595e-01
-1.540e-01
-1.539e-01
-1.877e-01
-1.884e-01
-1.860e-01
-1.855e-01
-1.846e-01
-1.835e-01
-1.824e-01
-1.811e-01
-1.796e-01
-1.780e-01
-1.761e-01
-1.740e-01
-1.716e-01
-1.688e-01
-1.657e-01
-1.621e-01
-1.580e-01
-1.535e-01
-1.486e-01
-1.422e-01
-1.419e-01
-1.860e-01
-1.869e-01
-1.841e-01
-1.832e-01
-1.819e-01
-1.804e-01
-1.788e-01
-1.769e-01
-1.749e-01
-1.726e-01
-1.701e-01
-1.672e-01
-1.640e-01
-1.603e-01
-1.563e-01
-1.518e-01
-1.469e-01
-1.415e-01
-1.355e-01
-1.283e-01
-1.279e-01
-1.837e-01
-1.846e-01
-1.813e-01
-1.799e-01
-1.780e-01
-1.760e-01
-1.737e-01
-1.712e-01
-1.685e-01
-1.654e-01
-1.620e-01
-1.583e-01
-1.542e-01
-1.497e-01
-1.448e-01
-1.394e-01
-1.336e-01
-1.271e-01
-1.201e-01
-1.122e-01
-1.118e-01
-1.803e-01
-1.811e-01
-1.773e-01
-1.752e-01
-1.726e-01
-1.698e-01
-1.668e-01
-1.634e-01
-1.598e-01
-1.559e-01
-1.516e-01
-1.471e-01
-1.421e-01
-1.368e-01
-1.310e-01
-1.247e-01
-1.180e-01
-1.108e-01
-1.033e-01
-9.491e-02
-9.444e-02
-1.754e-01
-1.760e-01
-1.716e-01
-1.686e-01
-1.651e-01
-1.614e-01
-1.575e-01
-1.532e-01
-1.488e-01
-1.440e-01
-1.389e-01
-1.335e-01
-1.277e-01
-1.215e-01
-1.150e-01
-1.081e-01
-1.010e-01
-9.334e-02
-8.538e-02
-7.669e-02
-7.618e-02
-1.685e-01
-1.688e-01
-1.636e-01
-1.595e-01
-1.551e-01
-1.505e-01
-1.457e-01
-1.406e-01
-1.353e-01
-1.296e-01
-1.236e-01
-1.175e-01
-1.111e-01
-1.045e-01
-9.759e-02
-9.041e-02
-8.300e-02
-7.498e-02
-6.648e-02
-5.748e-02
-5.692e-02
-1.590e-01
-1.589e-01
-1.530e-01
-1.479e-01
-1.426e-01
-1.370e-01
-1.313e-01
-1.252e-01
-1.190e-01
-1.127e-01
-1.063e-01
-9.981e-02
-9.311e-02
-8.629e-02
-7.923e-02
-7.174e-02
-6.392e-02
-5.580e-02
-4.722e-02
-3.808e-02
-3.752e-02
-1.467e-01
-1.464e-01
-1.397e-01
-1.336e-01
-1.272e-01
-1.207e-01
-1.141e-01
-1.076e-01
-1.010e-01
-9.431e-02
-8.767e-02
-8.102e-02
-7.405e-02
-6.695e-02
-5.973e-02
-5.238e-02
-4.459e-02
-3.646e-02
-2.794e-02
-1.898e-02
-1.850e-02
-1.315e-01
-1.311e-01
-1.235e-01
-1.164e-01
-1.094e-01
-1.023e-01
-9.529e-02
-8.838e-02
-8.159e-02
-7.459e-02
-6.763e-02
-6.075e-02
-5.395e-02
-4.698e-02
-3.991e-02
-3.267e-02
-2.527e-02
-1.751e-02
-9.265e-03
-5.198e-04
-1.633e-04
-1.135e-01
-1.131e-01
-1.050e-01
-9.734e-02
-8.980e-02
-8.246e-02
-7.498e-02
-6.761e-02
-6.048e-02
-5.359e-02
-4.665e-02
-3.985e-02
-3.318e-02
-2.664e-02
-2.011e-02
-1.338e-02
-6.460e-03
7.672e-04
8.478e-03
1.665e-02
1.674e-02
-9.374e-02
-9.327e-02
-8.490e-02
-7.673e-02
-6.861e-02
-6.074e-02
-5.319e-02
-4.565e-02
-3.841e-02
-3.156e-02
-2.499e-02
-1.859e-02
-1.237e-02
-6.416e-03
-6.313e-04
5.318e-03
1.145e-02
1.810e-02
2.550e-02
3.212e-02
3.120e-02
-7.245e-02
-7.189e-02
-6.296e-02
-5.448e-02
-4.606e-02
-3.790e-02
-3.015e-02
-2.276e-02
-1.565e-02
-9.189e-03
-3.037e-03
2.902e-03
8.532e-03
1.364e-02
1.812e-02
2.328e-02
2.822e-02
3.534e-02
3.624e-02
3.707e-02
3.676e-02
-4.968e-02
-4.905e-02
-3.976e-02
-3.092e-02
-2.250e-02
-1.428e-02
-6.511e-03
8.304e-04
7.974e-03
1.343e-02
1.932e-02
2.564e-02
3.124e-02
3.530e-02
3.588e-02
3.639e-02
3.690e-02
3.748e-02
3.816e-02
3.887e-02
3.843e-02
-2.562e-02
-2.499e-02
-1.566e-02
-6.718e-03
1.724e-03
9.857e-03
1.753e-02
2.504e-02
3.522e-02
3.627e-02
3.711e-02
3.788e-02
3.859e-02
3.922e-02
3.974e-02
4.020e-02
4.059e-02
4.098e-02
4.142e-02
4.179e-02
4.091e-02
-1.757e-02
-1.442e-02
-5.058e-03
3.810e-03
1.230e-02
2.033e-02
2.786e-02
3.442e-02
3.678e-02
3.767e-02
3.881e-02
3.978e-02
4.071e-02
4.155e-02
4.222e-02
4.265e-02
4.295e-02
4.318e-02
4.341e-02
4.357e-02
4.354e-02
-1.817e-01
-1.804e-01
-1.803e-01
-1.801e-01
-1.799e-01
-1.796e-01
-1.794e-01
-1.790e-01
-1.787e-01
-1.783e-01
-1.778e-01
-1.774e-01
-1.769e-01
-1.764e-01
-1.759e-01
-1.752e-01
-1.745e-01
-1.736e-01
-1.728e-01
-1.700e-01
-1.717e-01
-1.797e-01
-1.772e-01
-1.764e-01
-1.766e-01
-1.766e-01
-1.765e-01
-1.764e-01
-1.764e-01
-1.762e-01
-1.761e-01
-1.760e-01
-1.758e-01
-1.756e-01
-1.753e-01
-1.750e-01
-1.744e-01
-1.737e-01
-1.727e-01
-1.717e-01
-1.690e-01
-1.710e-01
-1.789e-01
-1.765e-01
-1.756e-01
-1.758e-01
-1.755e-01
-1.752e-01
-1.749e-01
-1.746e-01
-1.743e-01
-1.740e-01
-1.737e-01
-1.732e-01
-1.727e-01
-1.720e-01
-1.712e-01
-1.702e-01
-1.690e-01
-1.675e-01
-1.658e-01
-1.625e-01
-1.634e-01
-1.779e-01
-1.763e-01
-1.752e-01
-1.753e-01
-1.749e-01
-1.745e-01
-1.742e-01
-1.738e-01
-1.733e-01
-1.728e-01
-1.722e-01
-1.715e-01
-1.706e-01
-1.695e-01
-1.682e-01
-1.667e-01
-1.648e-01
-1.626e-01
-1.602e-01
-1.562e-01
-1.571e-01
-1.765e-01
-1.759e-01
-1.743e-01
-1.743e-01
-1.738e-01
-1.733e-01
-1.728e-01
-1.722e-01
-1.715e-01
-1.706e-01
-1.696e-01
-1.685e-01
-1.671e-01
-1.655e-01
-1.637e-01
-1.615e-01
-1.589e-01
-1.560e-01
-1.526e-01
-1.479e-01
-1.485e-01
-1.750e-01
-1.753e-01
-1.733e-01
-1.731e-01
-1.724e-01
-1.717e-01
-1.708e-01
-1.699e-01
-1.688e-01
-1.675e-01
-1.660e-01
-1.644e-01
-1.625e-01
-1.602e-01
-1.576e-01
-1.547e-01
-1.513e-01
-1.474e-01
-1.429e-01
-1.372e-01
-1.375e-01
-1.734e-01
-1.744e-01
-1.719e-01
-1.714e-01
-1.704e-01
-1.693e-01
-1.680e-01
-1.666e-01
-1.650e-01
-1.632e-01
-1.611e-01
-1.588e-01
-1.561e-01
-1.531e-01
-1.497e-01
-1.457e-01
-1.413e-01
-1.364e-01
-1.309e-01
-1.243e-01
-1.243e-01
-1.714e-01
-1.728e-01
-1.699e-01
-1.689e-01
-1.674e-01
-1.658e-01
-1.640e-01
-1.620e-01
-1.597e-01
-1.573e-01
-1.545e-01
-1.514e-01
-1.478e-01
-1.438e-01
-1.394e-01
-1.344e-01
-1.291e-01
-1.231e-01
-1.167e-01
-1.092e-01
-1.090e-01
-1.688e-01
-1.702e-01
-1.668e-01
-1.652e-01
-1.631e-01
-1.609e-01
-1.584e-01
-1.557e-01
-1.527e-01
-1.494e-01
-1.456e-01
-1.415e-01
-1.370e-01
-1.320e-01
-1.267e-01
-1.208e-01
-1.146e-01
-1.076e-01
-1.001e-01
-9.174e-02
-9.141e-02
-1.650e-01
-1.663e-01
-1.623e-01
-1.600e-01
-1.572e-01
-1.541e-01
-1.508e-01
-1.471e-01
-1.431e-01
-1.388e-01
-1.341e-01
-1.291e-01
-1.237e-01
-1.179e-01
-1.118e-01
-1.049e-01
-9.764e-02
-8.999e-02
-8.194e-02
-7.324e-02
-7.278e-02
-1.596e-01
-1.606e-01
-1.560e-01
-1.527e-01
-1.490e-01
-1.448e-01
-1.405e-01
-1.358e-01
-1.309e-01
-1.257e-01
-1.202e-01
-1.144e-01
-1.081e-01
-1.014e-01
-9.435e-02
-8.705e-02
-7.940e-02
-7.136e-02
-6.298e-02
-5.407e-02
-5.356e-02
-1.520e-01
-1.526e-01
-1.472e-01
-1.427e-01
-1.379e-01
-1.328e-01
-1.275e-01
-1.220e-01
-1.162e-01
-1.101e-01
-1.036e-01
-9.698e-02
-9.013e-02
-8.308e-02
-7.579e-02
-6.822e-02
-6.045e-02
-5.215e-02
-4.336e-02
-3.414e-02
-3.356e-02
-1.414e-01
-1.417e-01
-1.355e-01
-1.299e-01
-1.241e-01
-1.181e-01
-1.119e-01
-1.054e-01
-9.867e-02
-9.192e-02
-8.507e-02
-7.813e-02
-7.104e-02
-6.386e-02
-5.654e-02
-4.877e-02
-4.068e-02
-3.233e-02
-2.358e-02
-1.432e-02
-1.373e-02
-1.280e-01
-1.280e-01
-1.209e-01
-1.144e-01
-1.075e-01
-1.005e-01
-9.346e-02
-8.643e-02
-7.939e-02
-7.233e-02
-6.532e-02
-5.841e-02
-5.115e-02
-4.380e-02
-3.635e-02
-2.883e-02
-2.089e-02
-1.263e-02
-4.021e-03
4.981e-03
5.460e-03
-1.119e-01
-1.116e-01
-1.035e-01
-9.590e-02
-8.836e-02
-8.086e-02
-7.341e-02
-6.611e-02
-5.904e-02
-5.174e-02
-4.451e-02
-3.741e-02
-3.041e-02
-2.331e-02
-1.612e-02
-8.801e-03
-1.326e-03
6.450e-03
1.470e-02
2.346e-02
2.382e-02
-9.254e-02
-9.219e-02
-8.373e-02
-7.561e-02
-6.765e-02
-5.996e-02
-5.218e-02
-4.452e-02
-3.714e-02
-3.006e-02
-2.298e-02
-1.606e-02
-9.308e-03
-2.702e-03
3.852e-03
1.058e-02
1.751e-02
2.475e-02
3.246e-02
4.064e-02
4.073e-02
-7.167e-02
-7.121e-02
-6.250e-02
-5.403e-02
-4.558e-02
-3.744e-02
-2.969e-02
-2.197e-02
-1.461e-02
-7.664e-03
-1.044e-03
5.373e-03
1.160e-02
1.756e-02
2.335e-02
2.930e-02
3.544e-02
4.209e-02
4.936e-02
5.601e-02
5.516e-02
-4.953e-02
-4.894e-02
-3.974e-02
-3.099e-02
-2.240e-02
-1.409e-02
-6.227e-03
1.201e-03
8.317e-03
1.478e-02
2.094e-02
2.689e-02
3.252e-02
3.763e-02
4.211e-02
4.720e-02
5.212e-02
5.898e-02
6.023e-02
6.149e-02
6.111e-02
-2.609e-02
-2.542e-02
-1.598e-02
-7.015e-03
1.460e-03
9.680e-03
1.746e-02
2.482e-02
3.195e-02
3.742e-02
4.322e-02
4.939e-02
5.487e-02
5.888e-02
5.970e-02
6.041e-02
6.113e-02
6.193e-02
6.279e-02
6.385e-02
6.333e-02
-1.712e-03
-1.065e-03
8.297e-03
1.725e-02
2.571e-02
3.384e-02
4.153e-02
4.902e-02
5.877e-02
6.015e-02
6.123e-02
6.221e-02
6.312e-02
6.392e-02
6.456e-02
6.513e-02
6.566e-02
6.618e-02
6.680e-02
6.751e-02
6.653e-02
6.382e-03
9.543e-03
1.891e-02
2.779e-02
3.629e-02
4.433e-02
5.185e-02
5.842e-02
6.115e-02
6.227e-02
6.353e-02
6.462e-02
6.566e-02
6.661e-02
6.737e-02
6.791e-02
6.834e-02
6.870e-02
6.911e-02
6.957e-02
6.989e-02
-1.688e-01
-1.677e-01
-1.676e-01
-1.675e-01
-1.674e-01
-1.672e-01
-1.668e-01
-1.664e-01
-1.660e-01
-1.655e-01
-1.649e-01
-1.642e-01
-1.635e-01
-1.628e-01
-1.620e-01
-1.611e-01
-1.602e-01
-1.591e-01
-1.580e-01
-1.549e-01
-1.572e-01
-1.671e-01
-1.643e-01
-1.635e-01
-1.636e-01
-1.635e-01
-1.634e-01
-1.633e-01
-1.631e-01
-1.629e-01
-1.627e-01
-1.625e-01
-1.622e-01
-1.619e-01
-1.615e-01
-1.610e-01
-1.603e-01
-1.594e-01
-1.583e-01
-1.570e-01
-1.542e-01
-1.568e-01
-1.665e-01
-1.635e-01
-1.626e-01
-1.626e-01
-1.623e-01
-1.619e-01
-1.615e-01
-1.611e-01
-1.607e-01
-1.603e-01
-1.598e-01
-1.592e-01
-1.586e-01
-1.578e-01
-1.568e-01
-1.557e-01
-1.542e-01
-1.524e-01
-1.504e-01
-1.469e-01
-1.484e-01
-1.653e-01
-1.632e-01
-1.620e-01
-1.619e-01
-1.614e-01
-1.610e-01
-1.605e-01
-1.600e-01
-1.594e-01
-1.588e-01
-1.580e-01
-1.572e-01
-1.561e-01
-1.548e-01
-1.533e-01
-1.515e-01
-1.493e-01
-1.467e-01
-1.438e-01
-1.395e-01
-1.409e-01
-1.636e-01
-1.625e-01
-1.608e-01
-1.606e-01
-1.601e-01
-1.595e-01
-1.588e-01
-1.581e-01
-1.573e-01
-1.563e-01
-1.551e-01
-1.537e-01
-1.521e-01
-1.502e-01
-1.480e-01
-1.454e-01
-1.424e-01
-1.389e-01
-1.351e-01
-1.300e-01
-1.310e-01
-1.616e-01
-1.616e-01
-1.595e-01
-1.592e-01
-1.584e-01
-1.575e-01
-1.566e-01
-1.554e-01
-1.541e-01
-1.526e-01
-1.509e-01
-1.489e-01
-1.466e-01
-1.439e-01
-1.409e-01
-1.374e-01
-1.335e-01
-1.290e-01
-1.237e-01
-1.174e-01
-1.180e-01
-1.594e-01
-1.604e-01
-1.579e-01
-1.571e-01
-1.560e-01
-1.547e-01
-1.532e-01
-1.516e-01
-1.496e-01
-1.475e-01
-1.450e-01
-1.422e-01
-1.391e-01
-1.356e-01
-1.316e-01
-1.270e-01
-1.217e-01
-1.160e-01
-1.097e-01
-1.024e-01
-1.024e-01
-1.568e-01
-1.585e-01
-1.554e-01
-1.542e-01
-1.525e-01
-1.505e-01
-1.484e-01
-1.460e-01
-1.434e-01
-1.404e-01
-1.371e-01
-1.334e-01
-1.293e-01
-1.245e-01
-1.193e-01
-1.136e-01
-1.073e-01
-1.006e-01
-9.323e-02
-8.523e-02
-8.490e-02
-1.535e-01
-1.554e-01
-1.517e-01
-1.497e-01
-1.473e-01
-1.447e-01
-1.417e-01
-1.385e-01
-1.350e-01
-1.311e-01
-1.266e-01
-1.217e-01
-1.164e-01
-1.107e-01
-1.045e-01
-9.778e-02
-9.066e-02
-8.298e-02
-7.452e-02
-6.550e-02
-6.502e-02
-1.489e-01
-1.506e-01
-1.463e-01
-1.434e-01
-1.401e-01
-1.366e-01
-1.327e-01
-1.284e-01
-1.236e-01
-1.185e-01
-1.130e-01
-1.072e-01
-1.010e-01
-9.435e-02
-8.746e-02
-7.978e-02
-7.167e-02
-6.324e-02
-5.446e-02
-4.525e-02
-4.464e-02
-1.423e-01
-1.437e-01
-1.387e-01
-1.347e-01
-1.304e-01
-1.256e-01
-1.205e-01
-1.150e-01
-1.093e-01
-1.032e-01
-9.685e-02
-9.025e-02
-8.327e-02
-7.573e-02
-6.795e-02
-5.993e-02
-5.164e-02
-4.303e-02
-3.414e-02
-2.492e-02
-2.431e-02
-1.333e-01
-1.342e-01
-1.283e-01
-1.229e-01
-1.173e-01
-1.114e-01
-1.053e-01
-9.887e-02
-9.229e-02
-8.560e-02
-7.827e-02
-7.082e-02
-6.326e-02
-5.557e-02
-4.772e-02
-3.965e-02
-3.143e-02
-2.281e-02
-1.375e-02
-4.349e-03
-3.714e-03
-1.208e-01
-1.213e-01
-1.144e-01
-1.080e-01
-1.013e-01
-9.445e-02
-8.758e-02
-8.021e-02
-7.271e-02
-6.524e-02
-5.774e-02
-5.023e-02
-4.263e-02
-3.501e-02
-2.738e-02
-1.931e-02
-1.099e-02
-2.469e-03
6.344e-03
1.562e-02
1.621e-02
-1.054e-01
-1.054e-01
-9.761e-02
-9.024e-02
-8.266e-02
-7.478e-02
-6.697e-02
-5.925e-02
-5.161e-02
-4.402e-02
-3.656e-02
-2.932e-02
-2.176e-02
-1.418e-02
-6.566e-03
1.090e-03
9.048e-03
1.731e-02
2.594e-02
3.496e-02
3.544e-02
-8.725e-02
-8.690e-02
-7.813e-02
-6.967e-02
-6.139e-02
-5.324e-02
-4.521e-02
-3.742e-02
-2.999e-02
-2.239e-02
-1.492e-02
-7.636e-03
-5.080e-04
6.623e-03
1.382e-02
2.115e-02
2.864e-02
3.643e-02
4.468e-02
5.344e-02
5.380e-02
-6.585e-02
-6.539e-02
-5.635e-02
-4.760e-02
-3.908e-02
-3.095e-02
-2.286e-02
-1.494e-02
-7.370e-03
-1.479e-04
6.953e-03
1.388e-02
2.064e-02
2.726e-02
3.383e-02
4.056e-02
4.749e-02
5.474e-02
6.245e-02
7.062e-02
7.072e-02
-4.336e-02
-4.277e-02
-3.363e-02
-2.479e-02
-1.604e-02
-7.674e-03
2.353e-04
7.965e-03
1.533e-02
2.229e-02
2.893e-02
3.535e-02
4.157e-02
4.754e-02
5.334e-02
5.929e-02
6.542e-02
7.206e-02
7.921e-02
8.589e-02
8.512e-02
-2.014e-02
-1.946e-02
-1.003e-02
-1.095e-03
7.534e-03
1.585e-02
2.373e-02
3.118e-02
3.829e-02
4.476e-02
5.092e-02
5.687e-02
6.250e-02
6.760e-02
7.210e-02
7.711e-02
8.202e-02
8.859e-02
9.024e-02
9.201e-02
9.155e-02
3.834e-03
4.506e-03
1.395e-02
2.293e-02
3.143e-02
3.965e-02
4.744e-02
5.481e-02
6.192e-02
6.740e-02
7.311e-02
7.911e-02
8.447e-02
8.843e-02
8.952e-02
9.047e-02
9.143e-02
9.249e-02
9.358e-02
9.506e-02
9.445e-02
2.825e-02
2.890e-02
3.827e-02
4.722e-02
5.569e-02
6.383e-02
7.151e-02
7.900e-02
8.827e-02
9.004e-02
9.138e-02
9.262e-02
9.375e-02
9.475e-02
9.555e-02
9.627e-02
9.695e-02
9.765e-02
9.847e-02
9.959e-02
9.851e-02
3.635e-02
3.951e-02
4.888e-02
5.777e-02
6.627e-02
7.432e-02
8.184e-02
8.843e-02
9.157e-02
9.295e-02
9.438e-02
9.563e-02
9.680e-02
9.787e-02
9.876e-02
9.943e-02
1.000e-01
1.006e-01
1.012e-01
1.020e-01
1.027e-01
-1.594e-01
-1.586e-01
-1.587e-01
-1.588e-01
-1.588e-01
-1.586e-01
-1.583e-01
-1.578e-01
-1.573e-01
-1.566e-01
-1.557e-01
-1.548e-01
-1.538e-01
-1.526e-01
-1.515e-01
-1.502e-01
-1.488e-01
-1.473e-01
-1.457e-01
-1.423e-01
-1.449e-01
-1.582e-01
-1.551e-01
-1.540e-01
-1.542e-01
-1.541e-01
-1.539e-01
-1.536e-01
-1.533e-01
-1.529e-01
-1.525e-01
-1.521e-01
-1.516e-01
-1.511e-01
-1.504e-01
-1.497e-01
-1.488e-01
-1.476e-01
-1.462e-01
-1.444e-01
-1.413e-01
-1.444e-01
-1.580e-01
-1.541e-01
-1.529e-01
-1.530e-01
-1.525e-01
-1.520e-01
-1.514e-01
-1.508e-01
-1.502e-01
-1.495e-01
-1.488e-01
-1.480e-01
-1.471e-01
-1.461e-01
-1.448e-01
-1.433e-01
-1.415e-01
-1.393e-01
-1.367e-01
-1.328e-01
-1.349e-01
-1.568e-01
-1.535e-01
-1.521e-01
-1.519e-01
-1.512e-01
-1.505e-01
-1.497e-01
-1.491e-01
-1.482e-01
-1.474e-01
-1.464e-01
-1.453e-01
-1.439e-01
-1.423e-01
-1.404e-01
-1.381e-01
-1.353e-01
-1.322e-01
-1.285e-01
-1.237e-01
-1.255e-01
-1.546e-01
-1.523e-01
-1.505e-01
-1.500e-01
-1.492e-01
-1.484e-01
-1.475e-01
-1.466e-01
-1.455e-01
-1.442e-01
-1.427e-01
-1.410e-01
-1.389e-01
-1.366e-01
-1.338e-01
-1.305e-01
-1.268e-01
-1.226e-01
-1.178e-01
-1.121e-01
-1.133e-01
-1.517e-01
-1.509e-01
-1.486e-01
-1.480e-01
-1.470e-01
-1.459e-01
-1.446e-01
-1.432e-01
-1.416e-01
-1.397e-01
-1.374e-01
-1.349e-01
-1.320e-01
-1.287e-01
-1.249e-01
-1.206e-01
-1.158e-01
-1.104e-01
-1.042e-01
-9.702e-02
-9.760e-02
-1.484e-01
-1.491e-01
-1.463e-01
-1.453e-01
-1.439e-01
-1.423e-01
-1.404e-01
-1.383e-01
-1.359e-01
-1.331e-01
-1.301e-01
-1.266e-01
-1.227e-01
-1.183e-01
-1.134e-01
-1.080e-01
-1.016e-01
-9.473e-02
-8.727e-02
-7.916e-02
-7.904e-02
-1.449e-01
-1.466e-01
-1.432e-01
-1.415e-01
-1.394e-01
-1.370e-01
-1.343e-01
-1.313e-01
-1.280e-01
-1.243e-01
-1.202e-01
-1.156e-01
-1.107e-01
-1.049e-01
-9.859e-02
-9.176e-02
-8.440e-02
-7.651e-02
-6.809e-02
-5.952e-02
-5.894e-02
-1.405e-01
-1.425e-01
-1.384e-01
-1.358e-01
-1.328e-01
-1.295e-01
-1.259e-01
-1.218e-01
-1.174e-01
-1.127e-01
-1.074e-01
-1.014e-01
-9.503e-02
-8.821e-02
-8.094e-02
-7.319e-02
-6.504e-02
-5.658e-02
-4.719e-02
-3.753e-02
-3.683e-02
-1.344e-01
-1.363e-01
-1.314e-01
-1.278e-01
-1.238e-01
-1.193e-01
-1.146e-01
-1.095e-01
-1.037e-01
-9.749e-02
-9.095e-02
-8.405e-02
-7.679e-02
-6.917e-02
-6.136e-02
-5.292e-02
-4.399e-02
-3.485e-02
-2.550e-02
-1.591e-02
-1.519e-02
-1.260e-01
-1.275e-01
-1.218e-01
-1.170e-01
-1.118e-01
-1.060e-01
-9.980e-02
-9.327e-02
-8.647e-02
-7.939e-02
-7.200e-02
-6.446e-02
-5.677e-02
-4.840e-02
-3.989e-02
-3.127e-02
-2.250e-02
-1.352e-02
-4.363e-03
4.962e-03
5.594e-03
-1.147e-01
-1.157e-01
-1.092e-01
-1.027e-01
-9.593e-02
-8.897e-02
-8.177e-02
-7.434e-02
-6.679e-02
-5.940e-02
-5.120e-02
-4.299e-02
-3.482e-02
-2.663e-02
-1.839e-02
-1.001e-02
-1.586e-03
7.095e-03
1.617e-02
2.559e-02
2.623e-02
-9.979e-02
-1.002e-01
-9.237e-02
-8.483e-02
-7.710e-02
-6.924e-02
-6.145e-02
-5.335e-02
-4.508e-02
-3.695e-02
-2.893e-02
-2.100e-02
-1.309e-02
-5.245e-03
2.526e-03
1.062e-02
1.894e-02
2.748e-02
3.631e-02
4.558e-02
4.617e-02
-8.164e-02
-8.147e-02
-7.281e-02
-6.443e-02
-5.610e-02
-4.736e-02
-3.882e-02
-3.055e-02
-2.246e-02
-1.454e-02
-6.838e-03
5.822e-04
8.160e-03
1.575e-02
2.338e-02
3.106e-02
3.901e-02
4.728e-02
5.590e-02
6.493e-02
6.541e-02
-6.102e-02
-6.047e-02
-5.103e-02
-4.177e-02
-3.283e-02
-2.417e-02
-1.578e-02
-7.723e-03
-9.697e-05
7.532e-03
1.501e-02
2.230e-02
2.945e-02
3.659e-02
4.379e-02
5.112e-02
5.861e-02
6.640e-02
7.466e-02
8.342e-02
8.378e-02
-3.764e-02
-3.699e-02
-2.746e-02
-1.826e-02
-9.425e-03
-1.074e-03
7.053e-03
1.498e-02
2.257e-02
2.982e-02
3.692e-02
4.385e-02
5.061e-02
5.723e-02
6.381e-02
7.054e-02
7.747e-02
8.472e-02
9.243e-02
1.006e-01
1.007e-01
-1.388e-02
-1.319e-02
-3.819e-03
5.110e-03
1.388e-02
2.226e-02
3.020e-02
3.793e-02
4.530e-02
5.225e-02
5.890e-02
6.533e-02
7.155e-02
7.752e-02
8.332e-02
8.927e-02
9.541e-02
1.020e-01
1.091e-01
1.158e-01
1.151e-01
9.778e-03
1.045e-02
1.990e-02
2.886e-02
3.750e-02
4.581e-02
5.369e-02
6.115e-02
6.827e-02
7.474e-02
8.090e-02
8.685e-02
9.248e-02
9.758e-02
1.021e-01
1.070e-01
1.119e-01
1.183e-01
1.203e-01
1.225e-01
1.220e-01
3.380e-02
3.447e-02
4.391e-02
5.289e-02
6.141e-02
6.963e-02
7.741e-02
8.479e-02
9.189e-02
9.738e-02
1.030e-01
1.089e-01
1.141e-01
1.180e-01
1.194e-01
1.206e-01
1.217e-01
1.231e-01
1.244e-01
1.262e-01
1.256e-01
5.822e-02
5.887e-02
6.824e-02
7.719e-02
8.567e-02
9.381e-02
1.015e-01
1.090e-01
1.178e-01
1.199e-01
1.215e-01
1.230e-01
1.244e-01
1.255e-01
1.265e-01
1.274e-01
1.282e-01
1.291e-01
1.301e-01
1.316e-01
1.304e-01
6.633e-02
6.948e-02
7.885e-02
8.775e-02
9.625e-02
1.043e-01
1.118e-01
1.184e-01
1.219e-01
1.236e-01
1.252e-01
1.266e-01
1.279e-01
1.291e-01
1.301e-01
1.309e-01
1.316e-01
1.323e-01
1.332e-01
1.343e-01
1.354e-01
-1.475e-01
-1.488e-01
-1.497e-01
-1.508e-01
-1.517e-01
-1.521e-01
-1.522e-01
-1.519e-01
-1.510e-01
-1.498e-01
-1.481e-01
-1.461e-01
-1.436e-01
-1.407e-01
-1.376e-01
-1.344e-01
-1.310e-01
-1.274e-01
-1.236e-01
-1.185e-01
-1.203e-01
-1.491e-01
-1.478e-01
-1.465e-01
-1.471e-01
-1.472e-01
-1.470e-01
-1.465e-01
-1.457e-01
-1.445e-01
-1.431e-01
-1.415e-01
-1.397e-01
-1.376e-01
-1.354e-01
-1.330e-01
-1.303e-01
-1.274e-01
-1.240e-01
-1.202e-01
-1.153e-01
-1.179e-01
-1.510e-01
-1.475e-01
-1.453e-01
-1.452e-01
-1.444e-01
-1.432e-01
-1.418e-01
-1.401e-01
-1.383e-01
-1.362e-01
-1.340e-01
-1.316e-01
-1.292e-01
-1.266e-01
-1.237e-01
-1.204e-01
-1.166e-01
-1.123e-01
-1.073e-01
-1.014e-01
-1.028e-01
-1.508e-01
-1.465e-01
-1.437e-01
-1.425e-01
-1.408e-01
-1.389e-01
-1.368e-01
-1.345e-01
-1.322e-01
-1.298e-01
-1.273e-01
-1.246e-01
-1.215e-01
-1.181e-01
-1.142e-01
-1.098e-01
-1.047e-01
-9.890e-02
-9.244e-02
-8.513e-02
-8.555e-02
-1.474e-01
-1.432e-01
-1.397e-01
-1.377e-01
-1.354e-01
-1.329e-01
-1.305e-01
-1.280e-01
-1.254e-01
-1.225e-01
-1.193e-01
-1.157e-01
-1.116e-01
-1.070e-01
-1.017e-01
-9.585e-02
-8.932e-02
-8.217e-02
-7.432e-02
-6.590e-02
-6.546e-02
-1.410e-01
-1.383e-01
-1.342e-01
-1.317e-01
-1.291e-01
-1.264e-01
-1.236e-01
-1.204e-01
-1.170e-01
-1.131e-01
-1.088e-01
-1.039e-01
-9.847e-02
-9.242e-02
-8.582e-02
-7.865e-02
-7.086e-02
-6.280e-02
-5.408e-02
-4.440e-02
-4.370e-02
-1.329e-01
-1.323e-01
-1.279e-01
-1.250e-01
-1.219e-01
-1.185e-01
-1.147e-01
-1.105e-01
-1.058e-01
-1.006e-01
-9.490e-02
-8.866e-02
-8.193e-02
-7.465e-02
-6.701e-02
-5.945e-02
-5.031e-02
-4.093e-02
-3.144e-02
-2.176e-02
-2.103e-02
-1.244e-01
-1.254e-01
-1.205e-01
-1.167e-01
-1.125e-01
-1.079e-01
-1.028e-01
-9.720e-02
-9.113e-02
-8.463e-02
-7.768e-02
-7.030e-02
-6.278e-02
-5.479e-02
-4.594e-02
-3.696e-02
-2.781e-02
-1.854e-02
-9.118e-03
1.761e-04
8.566e-04
-1.147e-01
-1.164e-01
-1.105e-01
-1.054e-01
-9.980e-02
-9.374e-02
-8.729e-02
-8.044e-02
-7.314e-02
-6.570e-02
-5.835e-02
-4.976e-02
-4.108e-02
-3.239e-02
-2.361e-02
-1.472e-02
-5.773e-03
3.139e-03
1.255e-02
2.223e-02
2.299e-02
-1.026e-01
-1.040e-01
-9.701e-02
-9.043e-02
-8.349e-02
-7.616e-02
-6.860e-02
-6.111e-02
-5.292e-02
-4.433e-02
-3.580e-02
-2.728e-02
-1.877e-02
-1.023e-02
-1.791e-03
6.818e-03
1.576e-02
2.493e-02
3.431e-02
4.390e-02
4.462e-02
-8.740e-02
-8.795e-02
-7.998e-02
-7.210e-02
-6.420e-02
-5.626e-02
-4.747e-02
-3.878e-02
-3.024e-02
-2.178e-02
-1.336e-02
-5.121e-03
2.955e-03
1.136e-02
1.987e-02
2.852e-02
3.732e-02
4.630e-02
5.549e-02
6.487e-02
6.551e-02
-6.905e-02
-6.874e-02
-6.043e-02
-5.137e-02
-4.223e-02
-3.331e-02
-2.457e-02
-1.599e-02
-7.648e-03
3.265e-04
8.562e-03
1.677e-02
2.496e-02
3.318e-02
4.144e-02
4.982e-02
5.830e-02
6.701e-02
7.609e-02
8.550e-02
8.614e-02
-4.777e-02
-4.715e-02
-3.756e-02
-2.823e-02
-1.915e-02
-1.032e-02
-1.890e-03
6.384e-03
1.468e-02
2.283e-02
3.088e-02
3.882e-02
4.674e-02
5.461e-02
6.245e-02
7.054e-02
7.885e-02
8.740e-02
9.624e-02
1.055e-01
1.061e-01
-2.455e-02
-2.387e-02
-1.428e-02
-5.104e-03
3.626e-03
1.240e-02
2.094e-02
2.925e-02
3.736e-02
4.529e-02
5.301e-02
6.050e-02
6.808e-02
7.567e-02
8.329e-02
9.099e-02
9.895e-02
1.072e-01
1.158e-01
1.249e-01
1.254e-01
-1.434e-03
-7.691e-04
8.716e-03
1.799e-02
2.696e-02
3.564e-02
4.404e-02
5.212e-02
5.982e-02
6.745e-02
7.492e-02
8.222e-02
8.938e-02
9.653e-02
1.037e-01
1.111e-01
1.186e-01
1.264e-01
1.346e-01
1.434e-01
1.438e-01
2.209e-02
2.280e-02
3.235e-02
4.156e-02
5.041e-02
5.882e-02
6.697e-02
7.489e-02
8.248e-02
8.975e-02
9.686e-02
1.038e-01
1.105e-01
1.172e-01
1.238e-01
1.305e-01
1.374e-01
1.447e-01
1.524e-01
1.606e-01
1.607e-01
4.593e-02
4.663e-02
5.604e-02
6.502e-02
7.379e-02
8.217e-02
9.014e-02
9.786e-02
1.052e-01
1.122e-01
1.188e-01
1.253e-01
1.315e-01
1.375e-01
1.433e-01
1.493e-01
1.554e-01
1.620e-01
1.689e-01
1.757e-01
1.751e-01
6.969e-02
7.036e-02
7.980e-02
8.878e-02
9.743e-02
1.057e-01
1.136e-01
1.211e-01
1.282e-01
1.347e-01
1.409e-01
1.468e-01
1.524e-01
1.575e-01
1.621e-01
1.669e-01
1.718e-01
1.778e-01
1.805e-01
1.835e-01
1.829e-01
9.373e-02
9.440e-02
1.038e-01
1.128e-01
1.214e-01
1.296e-01
1.374e-01
1.448e-01
1.518e-01
1.573e-01
1.629e-01
1.685e-01
1.735e-01
1.775e-01
1.792e-01
1.808e-01
1.824e-01
1.842e-01
1.859e-01
1.885e-01
1.877e-01
1.182e-01
1.188e-01
1.282e-01
1.371e-01
1.456e-01
1.538e-01
1.615e-01
1.689e-01
1.771e-01
1.798e-01
1.819e-01
1.838e-01
1.855e-01
1.870e-01
1.883e-01
1.895e-01
1.906e-01
1.918e-01
1.932e-01
1.954e-01
1.942e-01
1.263e-01
1.294e-01
1.388e-01
1.477e-01
1.562e-01
1.643e-01
1.718e-01
1.785e-01
1.826e-01
1.847e-01
1.866e-01
1.883e-01
1.899e-01
1.913e-01
1.926e-01
1.937e-01
1.947e-01
1.957e-01
1.970e-01
1.988e-01
2.005e-01
-1.427e-01
-1.493e-01
-1.530e-01
-1.576e-01
-1.619e-01
-1.656e-01
-1.683e-01
-1.697e-01
-1.696e-01
-1.679e-01
-1.647e-01
-1.602e-01
-1.546e-01
-1.481e-01
-1.391e-01
-1.297e-01
-1.202e-01
-1.105e-01
-1.006e-01
-9.060e-02
-8.744e-02
-1.513e-01
-1.597e-01
-1.618e-01
-1.660e-01
-1.694e-01
-1.715e-01
-1.721e-01
-1.712e-01
-1.687e-01
-1.647e-01
-1.593e-01
-1.531e-01
-1.462e-01
-1.376e-01
-1.285e-01
-1.191e-01
-1.095e-01
-9.979e-02
-8.991e-02
-7.992e-02
-7.917e-02
-1.610e-01
-1.678e-01
-1.677e-01
-1.695e-01
-1.697e-01
-1.683e-01
-1.652e-01
-1.605e-01
-1.547e-01
-1.484e-01
-1.397e-01
-1.309e-01
-1.221e-01
-1.130e-01
-1.037e-01
-9.430e-02
-8.467e-02
-7.490e-02
-6.497e-02
-5.492e-02
-5.417e-02
-1.675e-01
-1.721e-01
-1.691e-01
-1.667e-01
-1.625e-01
-1.570e-01
-1.507e-01
-1.426e-01
-1.337e-01
-1.249e-01
-1.159e-01
-1.068e-01
-9.773e-02
-8.851e-02
-7.916e-02
-6.965e-02
-6.000e-02
-5.021e-02
-4.031e-02
-3.030e-02
-2.953e-02
-1.644e-01
-1.660e-01
-1.598e-01
-1.535e-01
-1.464e-01
-1.373e-01
-1.282e-01
-1.191e-01
-1.100e-01
-1.009e-01
-9.179e-02
-8.264e-02
-7.344e-02
-6.416e-02
-5.478e-02
-4.530e-02
-3.575e-02
-2.622e-02
-1.662e-02
-6.970e-03
-6.189e-03
-1.511e-01
-1.508e-01
-1.419e-01
-1.325e-01
-1.231e-01
-1.138e-01
-1.045e-01
-9.526e-02
-8.605e-02
-7.687e-02
-6.770e-02
-5.852e-02
-4.932e-02
-4.010e-02
-3.096e-02
-2.182e-02
-1.254e-02
-3.508e-03
5.554e-03
1.527e-02
1.603e-02
-1.289e-01
-1.283e-01
-1.186e-01
-1.089e-01
-9.938e-02
-8.993e-02
-8.056e-02
-7.127e-02
-6.204e-02
-5.288e-02
-4.376e-02
-3.473e-02
-2.583e-02
-1.695e-02
-8.168e-03
1.786e-04
9.371e-03
1.876e-02
2.830e-02
3.800e-02
3.876e-02
-1.053e-01
-1.046e-01
-9.479e-02
-8.506e-02
-7.545e-02
-6.596e-02
-5.659e-02
-4.733e-02
-3.821e-02
-2.933e-02
-2.058e-02
-1.186e-02
-3.470e-03
4.858e-03
1.374e-02
2.276e-02
3.195e-02
4.123e-02
5.068e-02
6.008e-02
6.077e-02
-8.136e-02
-8.074e-02
-7.084e-02
-6.107e-02
-5.146e-02
-4.203e-02
-3.286e-02
-2.395e-02
-1.516e-02
-6.699e-03
1.288e-03
9.927e-03
1.861e-02
2.735e-02
3.616e-02
4.506e-02
5.405e-02
6.305e-02
7.246e-02
8.212e-02
8.286e-02
-5.733e-02
-5.674e-02
-4.685e-02
-3.716e-02
-2.782e-02
-1.874e-02
-9.923e-03
-1.633e-03
6.744e-03
1.535e-02
2.392e-02
3.248e-02
4.101e-02
4.956e-02
5.807e-02
6.673e-02
7.567e-02
8.481e-02
9.418e-02
1.038e-01
1.045e-01
-3.348e-02
-3.296e-02
-2.335e-02
-1.393e-02
-5.032e-03
3.385e-03
1.222e-02
2.092e-02
2.952e-02
3.800e-02
4.642e-02
5.471e-02
6.287e-02
7.127e-02
7.977e-02
8.841e-02
9.720e-02
1.062e-01
1.154e-01
1.248e-01
1.254e-01
-1.056e-02
-9.880e-03
-8.637e-04
8.301e-03
1.747e-02
2.642e-02
3.520e-02
4.379e-02
5.217e-02
6.024e-02
6.847e-02
7.667e-02
8.485e-02
9.306e-02
1.013e-01
1.097e-01
1.182e-01
1.269e-01
1.360e-01
1.454e-01
1.460e-01
1.184e-02
1.255e-02
2.216e-02
3.153e-02
4.063e-02
4.947e-02
5.797e-02
6.630e-02
7.458e-02
8.272e-02
9.077e-02
9.871e-02
1.066e-01
1.145e-01
1.224e-01
1.305e-01
1.388e-01
1.473e-01
1.562e-01
1.654e-01
1.660e-01
3.518e-02
3.591e-02
4.550e-02
5.472e-02
6.354e-02
7.230e-02
8.084e-02
8.914e-02
9.724e-02
1.052e-01
1.129e-01
1.204e-01
1.280e-01
1.356e-01
1.432e-01
1.509e-01
1.589e-01
1.672e-01
1.758e-01
1.848e-01
1.853e-01
5.844e-02
5.912e-02
6.863e-02
7.789e-02
8.685e-02
9.552e-02
1.039e-01
1.120e-01
1.197e-01
1.274e-01
1.348e-01
1.421e-01
1.493e-01
1.565e-01
1.637e-01
1.710e-01
1.785e-01
1.863e-01
1.946e-01
2.034e-01
2.037e-01
8.199e-02
8.269e-02
9.223e-02
1.014e-01
1.103e-01
1.187e-01
1.269e-01
1.348e-01
1.424e-01
1.497e-01
1.568e-01
1.637e-01
1.705e-01
1.771e-01
1.837e-01
1.905e-01
1.974e-01
2.047e-01
2.124e-01
2.206e-01
2.207e-01
1.058e-01
1.065e-01
1.159e-01
1.249e-01
1.337e-01
1.421e-01
1.501e-01
1.578e-01
1.652e-01
1.721e-01
1.788e-01
1.852e-01
1.915e-01
1.975e-01
2.033e-01
2.092e-01
2.154e-01
2.220e-01
2.288e-01
2.357e-01
2.352e-01
1.296e-01
1.303e-01
1.397e-01
1.487e-01
1.574e-01
1.657e-01
1.736e-01
1.811e-01
1.882e-01
1.947e-01
2.008e-01
2.068e-01
2.124e-01
2.175e-01
2.221e-01
2.269e-01
2.318e-01
2.375e-01
2.407e-01
2.445e-01
2.438e-01
1.537e-01
1.543e-01
1.638e-01
1.728e-01
1.813e-01
1.895e-01
1.973e-01
2.047e-01
2.117e-01
2.173e-01
2.227e-01
2.282e-01
2.331e-01
2.370e-01
2.392e-01
2.412e-01
2.431e-01
2.453e-01
2.475e-01
2.507e-01
2.499e-01
1.781e-01
1.787e-01
1.881e-01
1.971e-01
2.056e-01
2.137e-01
2.214e-01
2.288e-01
2.365e-01
2.397e-01
2.422e-01
2.445e-01
2.466e-01
2.484e-01
2.500e-01
2.514e-01
2.528e-01
2.544e-01
2.562e-01
2.590e-01
2.577e-01
1.862e-01
1.894e-01
1.987e-01
2.077e-01
2.162e-01
2.243e-01
2.318e-01
2.385e-01
2.430e-01
2.456e-01
2.479e-01
2.499e-01
2.517e-01
2.534e-01
2.549e-01
2.562e-01
2.575e-01
2.589e-01
2.606e-01
2.630e-01
2.653e-01
-1.160e-01
-1.096e-01
-9.950e-02
-8.946e-02
-7.948e-02
-6.957e-02
-5.975e-02
-5.007e-02
-4.061e-02
-3.146e-02
-2.278e-02
-1.464e-02
-6.683e-03
1.189e-03
1.025e-02
1.959e-02
2.913e-02
3.881e-02
4.864e-02
5.856e-02
6.192e-02
-9.946e-02
-9.889e-02
-8.885e-02
-7.882e-02
-6.885e-02
-5.900e-02
-4.929e-02
-3.976e-02
-3.062e-02
-2.175e-02
-1.302e-02
-4.816e-03
3.064e-03
1.184e-02
2.100e-02
3.037e-02
3.992e-02
4.962e-02
5.946e-02
6.940e-02
7.026e-02
-7.413e-02
-7.365e-02
-6.356e-02
-5.352e-02
-4.362e-02
-3.401e-02
-2.474e-02
-1.566e-02
-7.075e-03
8.143e-04
9.637e-03
1.849e-02
2.737e-02
3.644e-02
4.568e-02
5.510e-02
6.467e-02
7.439e-02
8.425e-02
9.421e-02
9.509e-02
-4.880e-02
-4.847e-02
-3.847e-02
-2.878e-02
-1.939e-02
-1.031e-02
-1.897e-03
6.653e-03
1.562e-02
2.455e-02
3.357e-02
4.259e-02
5.167e-02
6.085e-02
7.015e-02
7.960e-02
8.917e-02
9.888e-02
1.087e-01
1.186e-01
1.195e-01
-2.477e-02
-2.428e-02
-1.466e-02
-5.618e-03
2.809e-03
1.200e-02
2.116e-02
3.028e-02
3.941e-02
4.849e-02
5.757e-02
6.668e-02
7.583e-02
8.505e-02
9.435e-02
1.038e-01
1.133e-01
1.228e-01
1.325e-01
1.422e-01
1.431e-01
-2.461e-03
-1.842e-03
7.398e-03
1.689e-02
2.627e-02
3.563e-02
4.491e-02
5.412e-02
6.329e-02
7.241e-02
8.153e-02
9.064e-02
9.976e-02
1.089e-01
1.181e-01
1.273e-01
1.366e-01
1.459e-01
1.552e-01
1.649e-01
1.657e-01
2.033e-02
2.111e-02
3.086e-02
4.050e-02
5.001e-02
5.942e-02
6.874e-02
7.797e-02
8.714e-02
9.623e-02
1.053e-01
1.143e-01
1.232e-01
1.322e-01
1.411e-01
1.499e-01
1.591e-01
1.684e-01
1.779e-01
1.876e-01
1.884e-01
4.395e-02
4.477e-02
5.459e-02
6.428e-02
7.383e-02
8.325e-02
9.255e-02
1.017e-01
1.108e-01
1.197e-01
1.286e-01
1.373e-01
1.460e-01
1.546e-01
1.634e-01
1.724e-01
1.816e-01
1.909e-01
2.003e-01
2.098e-01
2.105e-01
6.774e-02
6.858e-02
7.842e-02
8.811e-02
9.764e-02
1.070e-01
1.162e-01
1.251e-01
1.340e-01
1.426e-01
1.510e-01
1.596e-01
1.683e-01
1.770e-01
1.858e-01
1.947e-01
2.037e-01
2.128e-01
2.222e-01
2.318e-01
2.326e-01
9.157e-02
9.241e-02
1.022e-01
1.119e-01
1.212e-01
1.304e-01
1.393e-01
1.479e-01
1.564e-01
1.650e-01
1.736e-01
1.821e-01
1.906e-01
1.992e-01
2.078e-01
2.165e-01
2.254e-01
2.345e-01
2.439e-01
2.535e-01
2.542e-01
1.153e-01
1.161e-01
1.258e-01
1.352e-01
1.443e-01
1.531e-01
1.619e-01
1.706e-01
1.792e-01
1.876e-01
1.961e-01
2.044e-01
2.126e-01
2.210e-01
2.295e-01
2.381e-01
2.469e-01
2.559e-01
2.651e-01
2.746e-01
2.752e-01
1.386e-01
1.394e-01
1.487e-01
1.580e-01
1.672e-01
1.761e-01
1.848e-01
1.934e-01
2.018e-01
2.100e-01
2.182e-01
2.264e-01
2.346e-01
2.428e-01
2.510e-01
2.594e-01
2.680e-01
2.767e-01
2.858e-01
2.952e-01
2.958e-01
1.615e-01
1.623e-01
1.718e-01
1.812e-01
1.903e-01
1.991e-01
2.077e-01
2.161e-01
2.243e-01
2.325e-01
2.405e-01
2.484e-01
2.563e-01
2.642e-01
2.722e-01
2.803e-01
2.886e-01
2.971e-01
3.060e-01
3.153e-01
3.159e-01
1.849e-01
1.856e-01
1.951e-01
2.044e-01
2.133e-01
2.221e-01
2.306e-01
2.389e-01
2.470e-01
2.549e-01
2.626e-01
2.702e-01
2.778e-01
2.854e-01
2.930e-01
3.008e-01
3.088e-01
3.170e-01
3.257e-01
3.347e-01
3.352e-01
2.082e-01
2.089e-01
2.184e-01
2.276e-01
2.366e-01
2.452e-01
2.536e-01
2.617e-01
2.695e-01
2.772e-01
2.846e-01
2.920e-01
2.992e-01
3.063e-01
3.135e-01
3.209e-01
3.284e-01
3.363e-01
3.445e-01
3.533e-01
3.537e-01
2.317e-01
2.324e-01
2.420e-01
2.512e-01
2.600e-01
2.685e-01
2.767e-01
2.846e-01
2.922e-01
2.995e-01
3.066e-01
3.136e-01
3.204e-01
3.270e-01
3.337e-01
3.404e-01
3.474e-01
3.547e-01
3.624e-01
3.707e-01
3.708e-01
2.555e-01
2.562e-01
2.657e-01
2.747e-01
2.835e-01
2.919e-01
2.999e-01
3.076e-01
3.150e-01
3.220e-01
3.287e-01
3.352e-01
3.414e-01
3.474e-01
3.533e-01
3.593e-01
3.655e-01
3.720e-01
3.788e-01
3.860e-01
3.857e-01
2.794e-01
2.801e-01
2.895e-01
2.985e-01
3.072e-01
3.155e-01
3.234e-01
3.309e-01
3.380e-01
3.446e-01
3.507e-01
3.567e-01
3.623e-01
3.675e-01
3.722e-01
3.770e-01
3.820e-01
3.874e-01
3.917e-01
3.968e-01
3.962e-01
3.035e-01
3.042e-01
3.136e-01
3.226e-01
3.312e-01
3.394e-01
3.472e-01
3.546e-01
3.615e-01
3.672e-01
3.726e-01
3.778e-01
3.826e-01
3.867e-01
3.896e-01
3.923e-01
3.951e-01
3.981e-01
4.013e-01
4.057e-01
4.049e-01
3.279e-01
3.286e-01
3.380e-01
3.470e-01
3.555e-01
3.637e-01
3.714e-01
3.787e-01
3.857e-01
3.898e-01
3.931e-01
3.961e-01
3.989e-01
4.015e-01
4.037e-01
4.058e-01
4.079e-01
4.102e-01
4.130e-01
4.171e-01
4.158e-01
3.361e-01
3.392e-01
3.486e-01
3.576e-01
3.661e-01
3.742e-01
3.818e-01
3.886e-01
3.939e-01
3.974e-01
4.004e-01
4.031e-01
4.055e-01
4.078e-01
4.099e-01
4.119e-01
4.139e-01
4.160e-01
4.186e-01
4.223e-01
4.255e-01
3.281e-02
3.948e-02
4.946e-02
5.940e-02
6.926e-02
7.902e-02
8.866e-02
9.816e-02
1.075e-01
1.166e-01
1.255e-01
1.341e-01
1.426e-01
1.510e-01
1.600e-01
1.694e-01
1.789e-01
1.886e-01
1.984e-01
2.083e-01
2.116e-01
4.951e-02
5.037e-02
6.035e-02
7.029e-02
8.014e-02
8.987e-02
9.946e-02
1.089e-01
1.181e-01
1.271e-01
1.359e-01
1.444e-01
1.528e-01
1.616e-01
1.707e-01
1.801e-01
1.896e-01
1.993e-01
2.091e-01
2.191e-01
2.199e-01
7.455e-02
7.540e-02
8.539e-02
9.530e-02
1.051e-01
1.147e-01
1.240e-01
1.332e-01
1.420e-01
1.505e-01
1.594e-01
1.682e-01
1.771e-01
1.862e-01
1.954e-01
2.048e-01
2.143e-01
2.240e-01
2.339e-01
2.438e-01
2.446e-01
9.944e-02
1.003e-01
1.102e-01
1.199e-01
1.294e-01
1.387e-01
1.475e-01
1.564e-01
1.653e-01
1.743e-01
1.833e-01
1.923e-01
2.014e-01
2.105e-01
2.198e-01
2.292e-01
2.388e-01
2.484e-01
2.582e-01
2.681e-01
2.690e-01
1.237e-01
1.245e-01
1.342e-01
1.436e-01
1.525e-01
1.617e-01
1.709e-01
1.800e-01
1.891e-01
1.982e-01
2.072e-01
2.163e-01
2.255e-01
2.347e-01
2.439e-01
2.533e-01
2.628e-01
2.723e-01
2.820e-01
2.917e-01
2.925e-01
1.469e-01
1.476e-01
1.571e-01
1.666e-01
1.760e-01
1.853e-01
1.946e-01
2.038e-01
2.129e-01
2.220e-01
2.311e-01
2.402e-01
2.493e-01
2.584e-01
2.676e-01
2.768e-01
2.861e-01
2.955e-01
3.049e-01
3.146e-01
3.154e-01
1.701e-01
1.708e-01
1.806e-01
1.902e-01
1.997e-01
2.091e-01
2.184e-01
2.276e-01
2.367e-01
2.458e-01
2.548e-01
2.638e-01
2.727e-01
2.817e-01
2.906e-01
2.996e-01
3.087e-01
3.181e-01
3.276e-01
3.373e-01
3.380e-01
1.937e-01
1.945e-01
2.043e-01
2.139e-01
2.235e-01
2.329e-01
2.421e-01
2.513e-01
2.603e-01
2.692e-01
2.780e-01
2.868e-01
2.955e-01
3.042e-01
3.131e-01
3.221e-01
3.312e-01
3.405e-01
3.500e-01
3.596e-01
3.603e-01
2.174e-01
2.182e-01
2.280e-01
2.377e-01
2.472e-01
2.565e-01
2.657e-01
2.746e-01
2.835e-01
2.922e-01
3.007e-01
3.093e-01
3.180e-01
3.267e-01
3.355e-01
3.444e-01
3.534e-01
3.625e-01
3.719e-01
3.816e-01
3.823e-01
2.412e-01
2.420e-01
2.518e-01
2.614e-01
2.707e-01
2.799e-01
2.888e-01
2.975e-01
3.061e-01
3.147e-01
3.233e-01
3.318e-01
3.403e-01
3.489e-01
3.575e-01
3.662e-01
3.752e-01
3.843e-01
3.936e-01
4.032e-01
4.039e-01
2.648e-01
2.656e-01
2.753e-01
2.847e-01
2.939e-01
3.028e-01
3.116e-01
3.203e-01
3.289e-01
3.373e-01
3.457e-01
3.541e-01
3.624e-01
3.708e-01
3.793e-01
3.879e-01
3.967e-01
4.056e-01
4.149e-01
4.243e-01
4.250e-01
2.882e-01
2.889e-01
2.984e-01
3.077e-01
3.168e-01
3.258e-01
3.345e-01
3.431e-01
3.515e-01
3.598e-01
3.680e-01
3.762e-01
3.843e-01
3.925e-01
4.008e-01
4.092e-01
4.177e-01
4.265e-01
4.356e-01
4.450e-01
4.457e-01
3.112e-01
3.119e-01
3.215e-01
3.309e-01
3.399e-01
3.488e-01
3.574e-01
3.658e-01
3.741e-01
3.822e-01
3.902e-01
3.982e-01
4.061e-01
4.140e-01
4.220e-01
4.301e-01
4.384e-01
4.470e-01
4.559e-01
4.652e-01
4.658e-01
3.346e-01
3.353e-01
3.448e-01
3.541e-01
3.630e-01
3.718e-01
3.803e-01
3.886e-01
3.967e-01
4.046e-01
4.124e-01
4.200e-01
4.276e-01
4.352e-01
4.429e-01
4.506e-01
4.586e-01
4.669e-01
4.756e-01
4.847e-01
4.852e-01
3.579e-01
3.586e-01
3.681e-01
3.774e-01
3.863e-01
3.950e-01
4.034e-01
4.115e-01
4.193e-01
4.270e-01
4.345e-01
4.418e-01
4.490e-01
4.562e-01
4.634e-01
4.708e-01
4.784e-01
4.862e-01
4.945e-01
5.034e-01
5.038e-01
3.815e-01
3.822e-01
3.917e-01
4.009e-01
4.098e-01
4.183e-01
4.265e-01
4.344e-01
4.420e-01
4.494e-01
4.565e-01
4.635e-01
4.703e-01
4.770e-01
4.836e-01
4.904e-01
4.974e-01
5.048e-01
5.125e-01
5.209e-01
5.211e-01
4.053e-01
4.060e-01
4.154e-01
4.245e-01
4.333e-01
4.417e-01
4.498e-01
4.575e-01
4.649e-01
4.719e-01
4.786e-01
4.851e-01
4.914e-01
4.974e-01
5.034e-01
5.094e-01
5.156e-01
5.222e-01
5.290e-01
5.365e-01
5.363e-01
4.292e-01
4.299e-01
4.393e-01
4.483e-01
4.570e-01
4.653e-01
4.733e-01
4.808e-01
4.879e-01
4.945e-01
5.007e-01
5.066e-01
5.123e-01
5.175e-01
5.224e-01
5.274e-01
5.325e-01
5.379e-01
5.430e-01
5.490e-01
5.485e-01
4.533e-01
4.540e-01
4.634e-01
4.724e-01
4.810e-01
4.893e-01
4.971e-01
5.045e-01
5.114e-01
5.172e-01
5.226e-01
5.278e-01
5.326e-01
5.369e-01
5.404e-01
5.437e-01
5.471e-01
5.508e-01
5.549e-01
5.602e-01
5.596e-01
4.778e-01
4.784e-01
4.878e-01
4.968e-01
5.054e-01
5.136e-01
5.213e-01
5.286e-01
5.352e-01
5.400e-01
5.439e-01
5.476e-01
5.509e-01
5.540e-01
5.568e-01
5.595e-01
5.623e-01
5.654e-01
5.690e-01
5.740e-01
5.729e-01
4.859e-01
4.891e-01
4.985e-01
5.074e-01
5.160e-01
5.241e-01
5.317e-01
5.387e-01
5.444e-01
5.487e-01
5.523e-01
5.556e-01
5.586e-01
5.614e-01
5.641e-01
5.666e-01
5.693e-01
5.721e-01
5.756e-01
5.803e-01
5.842e-01
3.322e-01
3.388e-01
3.487e-01
3.586e-01
3.684e-01
3.780e-01
3.876e-01
3.970e-01
4.062e-01
4.153e-01
4.242e-01
4.330e-01
4.417e-01
4.504e-01
4.595e-01
4.689e-01
4.784e-01
4.880e-01
4.978e-01
5.077e-01
5.110e-01
3.488e-01
3.496e-01
3.595e-01
3.694e-01
3.792e-01
3.888e-01
3.983e-01
4.076e-01
4.168e-01
4.258e-01
4.347e-01
4.434e-01
4.522e-01
4.611e-01
4.702e-01
4.796e-01
4.891e-01
4.988e-01
5.085e-01
5.184e-01
5.192e-01
3.737e-01
3.745e-01
3.844e-01
3.942e-01
4.039e-01
4.134e-01
4.227e-01
4.319e-01
4.409e-01
4.498e-01
4.587e-01
4.676e-01
4.765e-01
4.856e-01
4.948e-01
5.042e-01
5.137e-01
5.234e-01
5.331e-01
5.430e-01
5.438e-01
3.983e-01
3.991e-01
4.089e-01
4.186e-01
4.281e-01
4.375e-01
4.466e-01
4.556e-01
4.647e-01
4.737e-01
4.827e-01
4.917e-01
5.008e-01
5.099e-01
5.192e-01
5.285e-01
5.380e-01
5.476e-01
5.574e-01
5.672e-01
5.680e-01
4.225e-01
4.232e-01
4.330e-01
4.425e-01
4.518e-01
4.610e-01
4.702e-01
4.794e-01
4.885e-01
4.976e-01
5.066e-01
5.157e-01
5.248e-01
5.339e-01
5.432e-01
5.525e-01
5.619e-01
5.714e-01
5.811e-01
5.909e-01
5.916e-01
4.460e-01
4.468e-01
4.564e-01
4.660e-01
4.754e-01
4.847e-01
4.940e-01
5.032e-01
5.123e-01
5.214e-01
5.304e-01
5.395e-01
5.485e-01
5.576e-01
5.667e-01
5.759e-01
5.853e-01
5.947e-01
6.042e-01
6.139e-01
6.147e-01
4.695e-01
4.702e-01
4.800e-01
4.896e-01
4.991e-01
5.084e-01
5.177e-01
5.269e-01
5.360e-01
5.450e-01
5.540e-01
5.629e-01
5.719e-01
5.808e-01
5.898e-01
5.989e-01
6.081e-01
6.175e-01
6.270e-01
6.367e-01
6.374e-01
4.931e-01
4.939e-01
5.036e-01
5.133e-01
5.228e-01
5.321e-01
5.413e-01
5.504e-01
5.594e-01
5.684e-01
5.772e-01
5.860e-01
5.948e-01
6.036e-01
6.125e-01
6.215e-01
6.306e-01
6.399e-01
6.494e-01
6.590e-01
6.598e-01
5.168e-01
5.176e-01
5.273e-01
5.370e-01
5.464e-01
5.557e-01
5.648e-01
5.738e-01
5.826e-01
5.914e-01
6.000e-01
6.087e-01
6.174e-01
6.261e-01
6.349e-01
6.438e-01
6.528e-01
6.620e-01
6.714e-01
6.811e-01
6.818e-01
5.405e-01
5.412e-01
5.510e-01
5.605e-01
5.699e-01
5.790e-01
5.880e-01
5.968e-01
6.055e-01
6.141e-01
6.227e-01
6.312e-01
6.397e-01
6.483e-01
6.570e-01
6.657e-01
6.747e-01
6.838e-01
6.931e-01
7.027e-01
7.034e-01
5.640e-01
5.648e-01
5.744e-01
5.839e-01
5.931e-01
6.021e-01
6.110e-01
6.197e-01
6.283e-01
6.367e-01
6.452e-01
6.535e-01
6.619e-01
6.703e-01
6.788e-01
6.874e-01
6.962e-01
7.052e-01
7.144e-01
7.239e-01
7.246e-01
5.874e-01
5.881e-01
5.977e-01
6.071e-01
6.162e-01
6.252e-01
6.339e-01
6.425e-01
6.510e-01
6.593e-01
6.675e-01
6.757e-01
6.839e-01
6.921e-01
7.004e-01
7.088e-01
7.174e-01
7.262e-01
7.353e-01
7.447e-01
7.453e-01
6.106e-01
6.113e-01
6.209e-01
6.303e-01
6.394e-01
6.482e-01
6.569e-01
6.653e-01
6.736e-01
6.818e-01
6.898e-01
6.978e-01
7.057e-01
7.136e-01
7.216e-01
7.298e-01
7.381e-01
7.467e-01
7.557e-01
7.650e-01
7.656e-01
6.340e-01
6.347e-01
6.443e-01
6.535e-01
6.626e-01
6.713e-01
6.799e-01
6.882e-01
6.963e-01
7.042e-01
7.120e-01
7.197e-01
7.273e-01
7.349e-01
7.426e-01
7.504e-01
7.585e-01
7.668e-01
7.755e-01
7.846e-01
7.852e-01
6.574e-01
6.581e-01
6.677e-01
6.769e-01
6.859e-01
6.945e-01
7.029e-01
7.111e-01
7.190e-01
7.266e-01
7.342e-01
7.415e-01
7.488e-01
7.560e-01
7.633e-01
7.707e-01
7.783e-01
7.863e-01
7.946e-01
8.036e-01
8.040e-01
6.811e-01
6.817e-01
6.913e-01
7.004e-01
7.093e-01
7.179e-01
7.261e-01
7.341e-01
7.417e-01
7.491e-01
7.563e-01
7.633e-01
7.702e-01
7.769e-01
7.837e-01
7.906e-01
7.977e-01
8.051e-01
8.130e-01
8.215e-01
8.218e-01
7.049e-01
7.055e-01
7.150e-01
7.241e-01
7.329e-01
7.414e-01
7.495e-01
7.572e-01
7.646e-01
7.717e-01
7.785e-01
7.850e-01
7.914e-01
7.976e-01
8.037e-01
8.099e-01
8.163e-01
8.230e-01
8.302e-01
8.381e-01
8.382e-01
7.288e-01
7.295e-01
7.389e-01
7.480e-01
7.567e-01
7.651e-01
7.730e-01
7.806e-01
7.878e-01
7.944e-01
8.007e-01
8.068e-01
8.125e-01
8.180e-01
8.233e-01
8.286e-01
8.341e-01
8.399e-01
8.460e-01
8.531e-01
8.529e-01
7.530e-01
7.537e-01
7.631e-01
7.722e-01
7.808e-01
7.891e-01
7.969e-01
8.043e-01
8.112e-01
8.173e-01
8.230e-01
8.284e-01
8.334e-01
8.381e-01
8.424e-01
8.467e-01
8.511e-01
8.559e-01
8.612e-01
8.679e-01
8.675e-01
7.775e-01
7.782e-01
7.876e-01
7.966e-01
8.052e-01
8.134e-01
8.212e-01
8.284e-01
8.350e-01
8.405e-01
8.454e-01
8.499e-01
8.541e-01
8.581e-01
8.618e-01
8.656e-01
8.695e-01
8.737e-01
8.787e-01
8.850e-01
8.844e-01
7.857e-01
7.888e-01
7.982e-01
8.072e-01
8.158e-01
8.240e-01
8.317e-01
8.388e-01
8.450e-01
8.502e-01
8.549e-01
8.591e-01
8.631e-01
8.668e-01
8.704e-01
8.740e-01
8.777e-01
8.818e-01
8.866e-01
8.927e-01
8.974e-01
6.315e-01
6.381e-01
6.480e-01
6.578e-01
6.675e-01
6.771e-01
6.866e-01
6.960e-01
7.052e-01
7.142e-01
7.232e-01
7.321e-01
7.409e-01
7.499e-01
7.591e-01
7.684e-01
7.779e-01
7.875e-01
7.973e-01
8.071e-01
8.104e-01
6.481e-01
6.489e-01
6.588e-01
6.686e-01
6.783e-01
6.878e-01
6.973e-01
7.066e-01
7.157e-01
7.248e-01
7.338e-01
7.427e-01
7.516e-01
7.606e-01
7.698e-01
7.791e-01
7.886e-01
7.982e-01
8.080e-01
8.178e-01
8.186e-01
6.729e-01
6.736e-01
6.835e-01
6.933e-01
7.029e-01
7.124e-01
7.217e-01
7.309e-01
7.400e-01
7.490e-01
7.580e-01
7.670e-01
7.760e-01
7.851e-01
7.943e-01
8.037e-01
8.132e-01
8.228e-01
8.325e-01
8.424e-01
8.431e-01
6.974e-01
6.981e-01
7.080e-01
7.176e-01
7.272e-01
7.365e-01
7.458e-01
7.549e-01
7.640e-01
7.731e-01
7.821e-01
7.911e-01
8.002e-01
8.093e-01
8.186e-01
8.279e-01
8.374e-01
8.470e-01
8.567e-01
8.665e-01
8.673e-01
7.215e-01
7.223e-01
7.320e-01
7.416e-01
7.510e-01
7.604e-01
7.696e-01
7.788e-01
7.879e-01
7.970e-01
8.060e-01
8.151e-01
8.241e-01
8.333e-01
8.425e-01
8.518e-01
8.612e-01
8.707e-01
8.804e-01
8.902e-01
8.909e-01
7.453e-01
7.460e-01
7.557e-01
7.653e-01
7.748e-01
7.841e-01
7.934e-01
8.026e-01
8.117e-01
8.207e-01
8.298e-01
8.388e-01
8.478e-01
8.569e-01
8.660e-01
8.753e-01
8.846e-01
8.940e-01
9.036e-01
9.133e-01
9.141e-01
7.689e-01
7.696e-01
7.794e-01
7.890e-01
7.985e-01
8.078e-01
8.171e-01
8.262e-01
8.353e-01
8.443e-01
8.533e-01
8.622e-01
8.712e-01
8.801e-01
8.892e-01
8.983e-01
9.075e-01
9.169e-01
9.264e-01
9.361e-01
9.369e-01
7.925e-01
7.933e-01
8.031e-01
8.127e-01
8.221e-01
8.315e-01
8.407e-01
8.498e-01
8.587e-01
8.676e-01
8.765e-01
8.853e-01
8.941e-01
9.030e-01
9.119e-01
9.209e-01
9.301e-01
9.394e-01
9.489e-01
9.586e-01
9.593e-01
8.162e-01
8.170e-01
8.267e-01
8.363e-01
8.457e-01
8.550e-01
8.641e-01
8.731e-01
8.819e-01
8.907e-01
8.994e-01
9.081e-01
9.168e-01
9.255e-01
9.344e-01
9.433e-01
9.523e-01
9.616e-01
9.710e-01
9.806e-01
9.813e-01
8.398e-01
8.406e-01
8.503e-01
8.598e-01
8.692e-01
8.783e-01
8.873e-01
8.962e-01
9.049e-01
9.135e-01
9.221e-01
9.307e-01
9.392e-01
9.478e-01
9.565e-01
9.653e-01
9.742e-01
9.834e-01
9.927e-01
1.002e+00
1.003e+00
8.633e-01
8.641e-01
8.737e-01
8.832e-01
8.925e-01
9.015e-01
9.104e-01
9.191e-01
9.277e-01
9.362e-01
9.447e-01
9.531e-01
9.615e-01
9.699e-01
9.784e-01
9.870e-01
9.958e-01
1.005e+00
1.014e+00
1.024e+00
1.024e+00
8.867e-01
8.875e-01
8.971e-01
9.065e-01
9.157e-01
9.246e-01
9.334e-01
9.420e-01
9.505e-01
9.588e-01
9.671e-01
9.753e-01
9.835e-01
9.917e-01
1.000e+00
1.008e+00
1.017e+00
1.026e+00
1.035e+00
1.044e+00
1.045e+00
9.101e-01
9.108e-01
9.204e-01
9.298e-01
9.389e-01
9.477e-01
9.564e-01
9.649e-01
9.732e-01
9.814e-01
9.894e-01
9.974e-01
1.005e+00
1.013e+00
1.021e+00
1.030e+00
1.038e+00
1.047e+00
1.055e+00
1.065e+00
1.065e+00
9.335e-01
9.342e-01
9.438e-01
9.531e-01
9.621e-01
9.709e-01
9.794e-01
9.878e-01
9.959e-01
1.004e+00
1.012e+00
1.019e+00
1.027e+00
1.035e+00
1.042e+00
1.050e+00
1.058e+00
1.067e+00
1.075e+00
1.085e+00
1.085e+00
9.570e-01
9.577e-01
9.672e-01
9.765e-01
9.855e-01
9.941e-01
1.003e+00
1.011e+00
1.019e+00
1.026e+00
1.034e+00
1.041e+00
1.049e+00
1.056e+00
1.063e+00
1.071e+00
1.078e+00
1.086e+00
1.095e+00
1.104e+00
1.104e+00
9.807e-01
9.813e-01
9.909e-01
1.000e+00
1.009e+00
1.018e+00
1.026e+00
1.034e+00
1.041e+00
1.049e+00
1.056e+00
1.063e+00
1.070e+00
1.077e+00
1.084e+00
1.091e+00
1.098e+00
1.106e+00
1.114e+00
1.122e+00
1.123e+00
1.004e+00
1.005e+00
1.015e+00
1.024e+00
1.033e+00
1.041e+00
1.049e+00
1.057e+00
1.064e+00
1.072e+00
1.078e+00
1.085e+00
1.092e+00
1.098e+00
1.104e+00
1.111e+00
1.117e+00
1.124e+00
1.132e+00
1.140e+00
1.140e+00
1.029e+00
1.029e+00
1.039e+00
1.048e+00
1.056e+00
1.065e+00
1.073e+00
1.080e+00
1.088e+00
1.094e+00
1.101e+00
1.107e+00
1.113e+00
1.119e+00
1.124e+00
1.130e+00
1.136e+00
1.142e+00
1.149e+00
1.157e+00
1.157e+00
1.053e+00
1.053e+00
1.063e+00
1.072e+00
1.081e+00
1.089e+00
1.097e+00
1.104e+00
1.111e+00
1.118e+00
1.123e+00
1.129e+00
1.134e+00
1.140e+00
1.145e+00
1.150e+00
1.155e+00
1.160e+00
1.167e+00
1.174e+00
1.174e+00
1.077e+00
1.078e+00
1.087e+00
1.096e+00
1.105e+00
1.113e+00
1.121e+00
1.128e+00
1.135e+00
1.141e+00
1.147e+00
1.152e+00
1.157e+00
1.161e+00
1.166e+00
1.170e+00
1.175e+00
1.180e+00
1.186e+00
1.193e+00
1.193e+00
1.085e+00
1.089e+00
1.098e+00
1.107e+00
1.116e+00
1.124e+00
1.132e+00
1.139e+00
1.145e+00
1.151e+00
1.157e+00
1.161e+00
1.166e+00
1.171e+00
1.175e+00
1.179e+00
1.184e+00
1.189e+00
1.195e+00
1.202e+00
1.207e+00
1.230e+00
1.237e+00
1.247e+00
1.257e+00
1.266e+00
1.276e+00
1.285e+00
1.294e+00
1.304e+00
1.313e+00
1.322e+00
1.331e+00
1.340e+00
1.349e+00
1.358e+00
1.368e+00
1.377e+00
1.387e+00
1.396e+00
1.406e+00
1.409e+00
1.247e+00
1.248e+00
1.258e+00
1.267e+00
1.277e+00
1.286e+00
1.296e+00
1.305e+00
1.314e+00
1.323e+00
1.332e+00
1.341e+00
1.351e+00
1.360e+00
1.369e+00
1.378e+00
1.388e+00
1.397e+00
1.407e+00
1.417e+00
1.418e+00
1.272e+00
1.272e+00
1.282e+00
1.292e+00
1.301e+00
1.311e+00
1.320e+00
1.330e+00
1.339e+00
1.348e+00
1.357e+00
1.366e+00
1.375e+00
1.384e+00
1.393e+00
1.403e+00
1.412e+00
1.422e+00
1.432e+00
1.441e+00
1.442e+00
1.296e+00
1.297e+00
1.307e+00
1.316e+00
1.326e+00
1.335e+00
1.345e+00
1.354e+00
1.363e+00
1.372e+00
1.381e+00
1.390e+00
1.399e+00
1.408e+00
1.418e+00
1.427e+00
1.436e+00
1.446e+00
1.456e+00
1.465e+00
1.466e+00
1.320e+00
1.321e+00
1.331e+00
1.340e+00
1.350e+00
1.359e+00
1.369e+00
1.378e+00
1.387e+00
1.396e+00
1.405e+00
1.414e+00
1.423e+00
1.432e+00
1.441e+00
1.451e+00
1.460e+00
1.470e+00
1.479e+00
1.489e+00
1.490e+00
1.344e+00
1.345e+00
1.355e+00
1.364e+00
1.374e+00
1.383e+00
1.392e+00
1.402e+00
1.411e+00
1.420e+00
1.429e+00
1.438e+00
1.447e+00
1.456e+00
1.465e+00
1.474e+00
1.484e+00
1.493e+00
1.503e+00
1.512e+00
1.513e+00
1.368e+00
1.369e+00
1.378e+00
1.388e+00
1.397e+00
1.407e+00
1.416e+00
1.425e+00
1.434e+00
1.443e+00
1.452e+00
1.461e+00
1.470e+00
1.479e+00
1.488e+00
1.497e+00
1.507e+00
1.516e+00
1.526e+00
1.535e+00
1.536e+00
1.392e+00
1.392e+00
1.402e+00
1.412e+00
1.421e+00
1.430e+00
1.440e+00
1.449e+00
1.458e+00
1.467e+00
1.475e+00
1.484e+00
1.493e+00
1.502e+00
1.511e+00
1.520e+00
1.529e+00
1.539e+00
1.548e+00
1.558e+00
1.559e+00
1.415e+00
1.416e+00
1.426e+00
1.435e+00
1.445e+00
1.454e+00
1.463e+00
1.472e+00
1.481e+00
1.490e+00
1.498e+00
1.507e+00
1.516e+00
1.525e+00
1.534e+00
1.542e+00
1.552e+00
1.561e+00
1.570e+00
1.580e+00
1.581e+00
1.439e+00
1.440e+00
1.449e+00
1.459e+00
1.468e+00
1.477e+00
1.486e+00
1.495e+00
1.504e+00
1.513e+00
1.521e+00
1.530e+00
1.538e+00
1.547e+00
1.556e+00
1.565e+00
1.574e+00
1.583e+00
1.592e+00
1.602e+00
1.602e+00
1.462e+00
1.463e+00
1.473e+00
1.482e+00
1.491e+00
1.501e+00
1.509e+00
1.518e+00
1.527e+00
1.535e+00
1.544e+00
1.552e+00
1.561e+00
1.569e+00
1.578e+00
1.586e+00
1.595e+00
1.604e+00
1.614e+00
1.623e+00
1.624e+00
1.486e+00
1.486e+00
1.496e+00
1.506e+00
1.515e+00
1.524e+00
1.533e+00
1.541e+00
1.550e+00
1.558e+00
1.566e+00
1.575e+00
1.583e+00
1.591e+00
1.599e+00
1.608e+00
1.617e+00
1.625e+00
1.635e+00
1.644e+00
1.645e+00
1.509e+00
1.510e+00
1.520e+00
1.529e+00
1.538e+00
1.547e+00
1.556e+00
1.564e+00
1.573e+00
1.581e+00
1.589e+00
1.597e+00
1.605e+00
1.613e+00
1.621e+00
1.629e+00
1.638e+00
1.646e+00
1.655e+00
1.665e+00
1.665e+00
1.533e+00
1.533e+00
1.543e+00
1.552e+00
1.561e+00
1.570e+00
1.579e+00
1.587e+00
1.595e+00
1.603e+00
1.611e+00
1.619e+00
1.627e+00
1.634e+00
1.642e+00
1.650e+00
1.658e+00
1.667e+00
1.676e+00
1.685e+00
1.685e+00
1.556e+00
1.557e+00
1.567e+00
1.576e+00
1.585e+00
1.594e+00
1.602e+00
1.610e+00
1.618e+00
1.626e+00
1.634e+00
1.641e+00
1.648e+00
1.656e+00
1.663e+00
1.671e+00
1.679e+00
1.687e+00
1.696e+00
1.705e+00
1.705e+00
1.580e+00
1.581e+00
1.590e+00
1.599e+00
1.608e+00
1.617e+00
1.625e+00
1.633e+00
1.641e+00
1.649e+00
1.656e+00
1.663e+00
1.670e+00
1.677e+00
1.684e+00
1.692e+00
1.699e+00
1.707e+00
1.715e+00
1.724e+00
1.725e+00
1.604e+00
1.605e+00
1.614e+00
1.623e+00
1.632e+00
1.641e+00
1.649e+00
1.657e+00
1.664e+00
1.671e+00
1.679e+00
1.685e+00
1.692e+00
1.699e+00
1.705e+00
1.712e+00
1.719e+00
1.727e+00
1.735e+00
1.743e+00
1.744e+00
1.628e+00
1.629e+00
1.638e+00
1.647e+00
1.656e+00
1.664e+00
1.673e+00
1.680e+00
1.688e+00
1.695e+00
1.701e+00
1.708e+00
1.714e+00
1.720e+00
1.727e+00
1.733e+00
1.739e+00
1.746e+00
1.754e+00
1.762e+00
1.763e+00
1.652e+00
1.653e+00
1.662e+00
1.672e+00
1.680e+00
1.689e+00
1.697e+00
1.704e+00
1.711e+00
1.718e+00
1.724e+00
1.731e+00
1.737e+00
1.742e+00
1.748e+00
1.754e+00
1.760e+00
1.767e+00
1.774e+00
1.782e+00
1.783e+00
1.677e+00
1.678e+00
1.687e+00
1.696e+00
1.705e+00
1.713e+00
1.721e+00
1.728e+00
1.735e+00
1.742e+00
1.748e+00
1.754e+00
1.760e+00
1.765e+00
1.771e+00
1.776e+00
1.782e+00
1.789e+00
1.796e+00
1.804e+00
1.804e+00
1.685e+00
1.688e+00
1.698e+00
1.707e+00
1.715e+00
1.724e+00
1.732e+00
1.739e+00
1.746e+00
1.752e+00
1.759e+00
1.764e+00
1.770e+00
1.775e+00
1.781e+00
1.786e+00
1.792e+00
1.799e+00
1.806e+00
1.814e+00
1.819e+00
1.830e+00
1.836e+00
1.846e+00
1.856e+00
1.865e+00
1.875e+00
1.884e+00
1.894e+00
1.903e+00
1.912e+00
1.921e+00
1.930e+00
1.939e+00
1.948e+00
1.958e+00
1.967e+00
1.977e+00
1.986e+00
1.996e+00
2.006e+00
2.009e+00
1.846e+00
1.847e+00
1.857e+00
1.866e+00
1.876e+00
1.885e+00
1.895e+00
1.904e+00
1.913e+00
1.923e+00
1.932e+00
1.941e+00
1.950e+00
1.959e+00
1.968e+00
1.978e+00
1.987e+00
1.997e+00
2.006e+00
2.016e+00
2.017e+00
1.871e+00
1.871e+00
1.881e+00
1.891e+00
1.901e+00
1.910e+00
1.919e+00
1.929e+00
1.938e+00
1.947e+00
1.956e+00
1.965e+00
1.974e+00
1.984e+00
1.993e+00
2.002e+00
2.012e+00
2.021e+00
2.031e+00
2.041e+00
2.042e+00
1.895e+00
1.896e+00
1.906e+00
1.915e+00
1.925e+00
1.934e+00
1.944e+00
1.953e+00
1.962e+00
1.971e+00
1.980e+00
1.989e+00
1.999e+00
2.008e+00
2.017e+00
2.026e+00
2.036e+00
2.045e+00
2.055e+00
2.065e+00
2.066e+00
1.919e+00
1.920e+00
1.930e+00
1.940e+00
1.949e+00
1.958e+00
1.968e+00
1.977e+00
1.986e+00
1.995e+00
2.004e+00
2.013e+00
2.022e+00
2.032e+00
2.041e+00
2.050e+00
2.060e+00
2.069e+00
2.079e+00
2.088e+00
2.089e+00
1.943e+00
1.944e+00
1.954e+00
1.963e+00
1.973e+00
1.982e+00
1.992e+00
2.001e+00
2.010e+00
2.019e+00
2.028e+00
2.037e+00
2.046e+00
2.055e+00
2.064e+00
2.074e+00
2.083e+00
2.092e+00
2.102e+00
2.112e+00
2.113e+00
1.967e+00
1.968e+00
1.978e+00
1.987e+00
1.997e+00
2.006e+00
2.015e+00
2.025e+00
2.034e+00
2.043e+00
2.052e+00
2.060e+00
2.069e+00
2.078e+00
2.088e+00
2.097e+00
2.106e+00
2.115e+00
2.125e+00
2.135e+00
2.135e+00
1.991e+00
1.992e+00
2.001e+00
2.011e+00
2.020e+00
2.030e+00
2.039e+00
2.048e+00
2.057e+00
2.066e+00
2.075e+00
2.084e+00
2.092e+00
2.101e+00
2.110e+00
2.119e+00
2.129e+00
2.138e+00
2.148e+00
2.157e+00
2.158e+00
2.015e+00
2.015e+00
2.025e+00
2.035e+00
2.044e+00
2.053e+00
2.062e+00
2.071e+00
2.080e+00
2.089e+00
2.098e+00
2.107e+00
2.115e+00
2.124e+00
2.133e+00
2.142e+00
2.151e+00
2.160e+00
2.170e+00
2.179e+00
2.180e+00
2.038e+00
2.039e+00
2.049e+00
2.058e+00
2.067e+00
2.077e+00
2.086e+00
2.095e+00
2.103e+00
2.112e+00
2.121e+00
2.129e+00
2.138e+00
2.147e+00
2.155e+00
2.164e+00
2.173e+00
2.182e+00
2.192e+00
2.201e+00
2.202e+00
2.062e+00
2.062e+00
2.072e+00
2.082e+00
2.091e+00
2.100e+00
2.109e+00
2.118e+00
2.126e+00
2.135e+00
2.143e+00
2.152e+00
2.160e+00
2.169e+00
2.177e+00
2.186e+00
2.195e+00
2.204e+00
2.213e+00
2.223e+00
2.223e+00
2.085e+00
2.086e+00
2.096e+00
2.105e+00
2.114e+00
2.123e+00
2.132e+00
2.141e+00
2.149e+00
2.158e+00
2.166e+00
2.174e+00
2.182e+00
2.191e+00
2.199e+00
2.208e+00
2.216e+00
2.225e+00
2.234e+00
2.244e+00
2.245e+00
2.109e+00
2.109e+00
2.119e+00
2.128e+00
2.138e+00
2.146e+00
2.155e+00
2.164e+00
2.172e+00
2.180e+00
2.188e+00
2.196e+00
2.204e+00
2.213e+00
2.221e+00
2.229e+00
2.237e+00
2.246e+00
2.255e+00
2.265e+00
2.265e+00
2.132e+00
2.133e+00
2.143e+00
2.152e+00
2.161e+00
2.170e+00
2.178e+00
2.187e+00
2.195e+00
2.203e+00
2.211e+00
2.219e+00
2.226e+00
2.234e+00
2.242e+00
2.250e+00
2.258e+00
2.267e+00
2.276e+00
2.285e+00
2.286e+00
2.156e+00
2.157e+00
2.166e+00
2.175e+00
2.184e+00
2.193e+00
2.202e+00
2.210e+00
2.218e+00
2.226e+00
2.233e+00
2.241e+00
2.248e+00
2.256e+00
2.263e+00
2.271e+00
2.279e+00
2.287e+00
2.296e+00
2.305e+00
2.306e+00
2.180e+00
2.180e+00
2.190e+00
2.199e+00
2.208e+00
2.217e+00
2.225e+00
2.233e+00
2.241e+00
2.248e+00
2.256e+00
2.263e+00
2.270e+00
2.277e+00
2.285e+00
2.292e+00
2.300e+00
2.308e+00
2.316e+00
2.325e+00
2.326e+00
2.204e+00
2.204e+00
2.214e+00
2.223e+00
2.232e+00
2.240e+00
2.249e+00
2.256e+00
2.264e+00
2.271e+00
2.279e+00
2.286e+00
2.292e+00
2.299e+00
2.306e+00
2.313e+00
2.321e+00
2.328e+00
2.336e+00
2.345e+00
2.346e+00
2.228e+00
2.228e+00
2.238e+00
2.247e+00
2.256e+00
2.264e+00
2.272e+00
2.280e+00
2.288e+00
2.295e+00
2.302e+00
2.308e+00
2.315e+00
2.321e+00
2.328e+00
2.335e+00
2.342e+00
2.349e+00
2.357e+00
2.366e+00
2.366e+00
2.252e+00
2.253e+00
2.262e+00
2.271e+00
2.280e+00
2.288e+00
2.296e+00
2.304e+00
2.311e+00
2.318e+00
2.325e+00
2.331e+00
2.338e+00
2.344e+00
2.350e+00
2.357e+00
2.363e+00
2.371e+00
2.378e+00
2.387e+00
2.387e+00
2.277e+00
2.277e+00
2.287e+00
2.296e+00
2.305e+00
2.313e+00
2.321e+00
2.328e+00
2.336e+00
2.342e+00
2.349e+00
2.355e+00
2.361e+00
2.367e+00
2.374e+00
2.380e+00
2.386e+00
2.393e+00
2.401e+00
2.410e+00
2.410e+00
2.285e+00
2.288e+00
2.297e+00
2.307e+00
2.315e+00
2.324e+00
2.331e+00
2.339e+00
2.346e+00
2.353e+00
2.359e+00
2.366e+00
2.372e+00
2.378e+00
2.384e+00
2.390e+00
2.396e+00
2.403e+00
2.411e+00
2.419e+00
2.425e+00
2.489e+00
2.496e+00
2.506e+00
2.515e+00
2.525e+00
2.534e+00
2.544e+00
2.553e+00
2.562e+00
2.572e+00
2.581e+00
2.590e+00
2.599e+00
2.608e+00
2.617e+00
2.627e+00
2.636e+00
2.646e+00
2.656e+00
2.665e+00
2.669e+00
2.506e+00
2.507e+00
2.516e+00
2.526e+00
2.536e+00
2.545e+00
2.555e+00
2.564e+00
2.573e+00
2.582e+00
2.591e+00
2.600e+00
2.610e+00
2.619e+00
2.628e+00
2.637e+00
2.647e+00
2.657e+00
2.666e+00
2.676e+00
2.677e+00
2.530e+00
2.531e+00
2.541e+00
2.551e+00
2.560e+00
2.570e+00
2.579e+00
2.588e+00
2.598e+00
2.607e+00
2.616e+00
2.625e+00
2.634e+00
2.643e+00
2.653e+00
2.662e+00
2.671e+00
2.681e+00
2.691e+00
2.700e+00
2.701e+00
2.555e+00
2.556e+00
2.565e+00
2.575e+00
2.585e+00
2.594e+00
2.603e+00
2.613e+00
2.622e+00
2.631e+00
2.640e+00
2.649e+00
2.658e+00
2.667e+00
2.677e+00
2.686e+00
2.695e+00
2.705e+00
2.715e+00
2.725e+00
2.725e+00
2.579e+00
2.580e+00
2.590e+00
2.599e+00
2.609e+00
2.618e+00
2.627e+00
2.637e+00
2.646e+00
2.655e+00
2.664e+00
2.673e+00
2.682e+00
2.691e+00
2.701e+00
2.710e+00
2.719e+00
2.729e+00
2.738e+00
2.748e+00
2.749e+00
2.603e+00
2.604e+00
2.614e+00
2.623e+00
2.633e+00
2.642e+00
2.651e+00
2.661e+00
2.670e+00
2.679e+00
2.688e+00
2.697e+00
2.706e+00
2.715e+00
2.724e+00
2.733e+00
2.743e+00
2.752e+00
2.762e+00
2.771e+00
2.772e+00
2.627e+00
2.628e+00
2.637e+00
2.647e+00
2.656e+00
2.666e+00
2.675e+00
2.684e+00
2.693e+00
2.702e+00
2.711e+00
2.720e+00
2.729e+00
2.738e+00
2.747e+00
2.756e+00
2.766e+00
2.775e+00
2.785e+00
2.794e+00
2.795e+00
2.651e+00
2.651e+00
2.661e+00
2.671e+00
2.680e+00
2.689e+00
2.699e+00
2.708e+00
2.717e+00
2.726e+00
2.734e+00
2.743e+00
2.752e+00
2.761e+00
2.770e+00
2.779e+00
2.788e+00
2.798e+00
2.807e+00
2.817e+00
2.818e+00
2.674e+00
2.675e+00
2.685e+00
2.694e+00
2.704e+00
2.713e+00
2.722e+00
2.731e+00
2.740e+00
2.749e+00
2.757e+00
2.766e+00
2.775e+00
2.784e+00
2.793e+00
2.802e+00
2.811e+00
2.820e+00
2.829e+00
2.839e+00
2.840e+00
2.698e+00
2.699e+00
2.708e+00
2.718e+00
2.727e+00
2.736e+00
2.745e+00
2.754e+00
2.763e+00
2.772e+00
2.780e+00
2.789e+00
2.798e+00
2.806e+00
2.815e+00
2.824e+00
2.833e+00
2.842e+00
2.851e+00
2.861e+00
2.862e+00
2.721e+00
2.722e+00
2.732e+00
2.741e+00
2.751e+00
2.760e+00
2.769e+00
2.777e+00
2.786e+00
2.795e+00
2.803e+00
2.811e+00
2.820e+00
2.828e+00
2.837e+00
2.846e+00
2.854e+00
2.864e+00
2.873e+00
2.882e+00
2.883e+00
2.745e+00
2.746e+00
2.755e+00
2.765e+00
2.774e+00
2.783e+00
2.792e+00
2.800e+00
2.809e+00
2.817e+00
2.826e+00
2.834e+00
2.842e+00
2.850e+00
2.859e+00
2.867e+00
2.876e+00
2.885e+00
2.894e+00
2.904e+00
2.904e+00
2.768e+00
2.769e+00
2.779e+00
2.788e+00
2.797e+00
2.806e+00
2.815e+00
2.823e+00
2.832e+00
2.840e+00
2.848e+00
2.856e+00
2.864e+00
2.872e+00
2.880e+00
2.889e+00
2.897e+00
2.906e+00
2.915e+00
2.924e+00
2.925e+00
2.792e+00
2.793e+00
2.802e+00
2.812e+00
2.821e+00
2.829e+00
2.838e+00
2.846e+00
2.855e+00
2.863e+00
2.871e+00
2.878e+00
2.886e+00
2.894e+00
2.902e+00
2.910e+00
2.918e+00
2.927e+00
2.936e+00
2.945e+00
2.946e+00
2.816e+00
2.816e+00
2.826e+00
2.835e+00
2.844e+00
2.853e+00
2.861e+00
2.870e+00
2.878e+00
2.885e+00
2.893e+00
2.901e+00
2.908e+00
2.916e+00
2.923e+00
2.931e+00
2.939e+00
2.947e+00
2.956e+00
2.965e+00
2.966e+00
2.839e+00
2.840e+00
2.850e+00
2.859e+00
2.868e+00
2.876e+00
2.885e+00
2.893e+00
2.901e+00
2.908e+00
2.916e+00
2.923e+00
2.930e+00
2.937e+00
2.945e+00
2.952e+00
2.960e+00
2.968e+00
2.977e+00
2.986e+00
2.986e+00
2.863e+00
2.864e+00
2.874e+00
2.883e+00
2.892e+00
2.900e+00
2.908e+00
2.916e+00
2.924e+00
2.931e+00
2.938e+00
2.946e+00
2.952e+00
2.959e+00
2.966e+00
2.973e+00
2.981e+00
2.989e+00
2.997e+00
3.006e+00
3.006e+00
2.888e+00
2.888e+00
2.898e+00
2.907e+00
2.916e+00
2.924e+00
2.932e+00
2.940e+00
2.947e+00
2.955e+00
2.962e+00
2.968e+00
2.975e+00
2.982e+00
2.988e+00
2.995e+00
3.002e+00
3.010e+00
3.018e+00
3.027e+00
3.027e+00
2.912e+00
2.913e+00
2.922e+00
2.931e+00
2.940e+00
2.948e+00
2.956e+00
2.964e+00
2.971e+00
2.978e+00
2.985e+00
2.992e+00
2.998e+00
3.005e+00
3.011e+00
3.018e+00
3.024e+00
3.032e+00
3.040e+00
3.049e+00
3.049e+00
2.937e+00
2.937e+00
2.947e+00
2.956e+00
2.964e+00
2.973e+00
2.981e+00
2.988e+00
2.996e+00
3.003e+00
3.009e+00
3.016e+00
3.022e+00
3.028e+00
3.034e+00
3.041e+00
3.048e+00
3.055e+00
3.063e+00
3.071e+00
3.072e+00
2.945e+00
2.948e+00
2.957e+00
2.966e+00
2.975e+00
2.983e+00
2.991e+00
2.999e+00
3.006e+00
3.013e+00
3.020e+00
3.026e+00
3.032e+00
3.039e+00
3.045e+00
3.051e+00
3.058e+00
3.065e+00
3.073e+00
3.081e+00
3.087e+00
