1	0	INDP	IPOND
-2.399e-01
-2.380e-01
-2.379e-01
-2.378e-01
-2.376e-01
-2.374e-01
-2.372e-01
-2.368e-01
-2.366e-01
-2.363e-01
-2.358e-01
-2.355e-01
-2.350e-01
-2.346e-01
-2.342e-01
-2.336e-01
-2.330e-01
-2.322e-01
-2.316e-01
-2.289e-01
-2.294e-01
-2.373e-01
-2.339e-01
-2.332e-01
-2.334e-01
-2.334e-01
-2.333e-01
-2.333e-01
-2.332e-01
-2.331e-01
-2.330e-01
-2.330e-01
-2.328e-01
-2.327e-01
-2.325e-01
-2.321e-01
-2.317e-01
-2.311e-01
-2.303e-01
-2.294e-01
-2.270e-01
-2.278e-01
-2.366e-01
-2.332e-01
-2.324e-01
-2.326e-01
-2.324e-01
-2.321e-01
-2.319e-01
-2.316e-01
-2.313e-01
-2.311e-01
-2.308e-01
-2.304e-01
-2.300e-01
-2.294e-01
-2.287e-01
-2.278e-01
-2.268e-01
-2.255e-01
-2.241e-01
-2.211e-01
-2.208e-01
-2.357e-01
-2.332e-01
-2.321e-01
-2.322e-01
-2.319e-01
-2.316e-01
-2.313e-01
-2.310e-01
-2.305e-01
-2.301e-01
-2.296e-01
-2.290e-01
-2.282e-01
-2.273e-01
-2.262e-01
-2.249e-01
-2.233e-01
-2.214e-01
-2.193e-01
-2.157e-01
-2.155e-01
-2.345e-01
-2.329e-01
-2.314e-01
-2.314e-01
-2.309e-01
-2.305e-01
-2.301e-01
-2.295e-01
-2.289e-01
-2.282e-01
-2.273e-01
-2.264e-01
-2.252e-01
-2.239e-01
-2.223e-01
-2.204e-01
-2.182e-01
-2.157e-01
-2.128e-01
-2.085e-01
-2.081e-01
-2.332e-01
-2.324e-01
-2.305e-01
-2.304e-01
-2.297e-01
-2.291e-01
-2.284e-01
-2.276e-01
-2.266e-01
-2.255e-01
-2.243e-01
-2.229e-01
-2.212e-01
-2.193e-01
-2.171e-01
-2.145e-01
-2.116e-01
-2.083e-01
-2.045e-01
-1.993e-01
-1.987e-01
-2.318e-01
-2.316e-01
-2.293e-01
-2.289e-01
-2.280e-01
-2.270e-01
-2.259e-01
-2.248e-01
-2.234e-01
-2.218e-01
-2.201e-01
-2.181e-01
-2.158e-01
-2.132e-01
-2.103e-01
-2.069e-01
-2.030e-01
-1.988e-01
-1.941e-01
-1.880e-01
-1.873e-01
-2.300e-01
-2.302e-01
-2.275e-01
-2.267e-01
-2.254e-01
-2.241e-01
-2.225e-01
-2.208e-01
-2.189e-01
-2.168e-01
-2.144e-01
-2.117e-01
-2.086e-01
-2.052e-01
-2.013e-01
-1.970e-01
-1.924e-01
-1.872e-01
-1.815e-01
-1.746e-01
-1.738e-01
-2.278e-01
-2.281e-01
-2.249e-01
-2.236e-01
-2.218e-01
-2.199e-01
-2.177e-01
-2.154e-01
-2.128e-01
-2.100e-01
-2.067e-01
-2.032e-01
-1.992e-01
-1.949e-01
-1.902e-01
-1.851e-01
-1.795e-01
-1.734e-01
-1.668e-01
-1.590e-01
-1.582e-01
-2.246e-01
-2.247e-01
-2.211e-01
-2.191e-01
-2.167e-01
-2.141e-01
-2.112e-01
-2.080e-01
-2.046e-01
-2.009e-01
-1.967e-01
-1.924e-01
-1.876e-01
-1.824e-01
-1.769e-01
-1.709e-01
-1.644e-01
-1.574e-01
-1.500e-01
-1.418e-01
-1.410e-01
-2.199e-01
-2.199e-01
-2.157e-01
-2.128e-01
-2.096e-01
-2.061e-01
-2.023e-01
-1.983e-01
-1.940e-01
-1.894e-01
-1.844e-01
-1.792e-01
-1.737e-01
-1.677e-01
-1.612e-01
-1.545e-01
-1.474e-01
-1.399e-01
-1.320e-01
-1.235e-01
-1.228e-01
-2.133e-01
-2.130e-01
-2.081e-01
-2.043e-01
-2.001e-01
-1.956e-01
-1.910e-01
-1.861e-01
-1.809e-01
-1.755e-01
-1.697e-01
-1.636e-01
-1.573e-01
-1.507e-01
-1.439e-01
-1.367e-01
-1.292e-01
-1.215e-01
-1.132e-01
-1.043e-01
-1.036e-01
-2.042e-01
-2.036e-01
-1.979e-01
-1.931e-01
-1.880e-01
-1.826e-01
-1.771e-01
-1.713e-01
-1.653e-01
-1.590e-01
-1.526e-01
-1.461e-01
-1.394e-01
-1.324e-01
-1.253e-01
-1.180e-01
-1.103e-01
-1.021e-01
-9.359e-02
-8.455e-02
-8.391e-02
-1.923e-01
-1.916e-01
-1.851e-01
-1.793e-01
-1.733e-01
-1.670e-01
-1.606e-01
-1.540e-01
-1.474e-01
-1.408e-01
-1.340e-01
-1.271e-01
-1.203e-01
-1.132e-01
-1.058e-01
-9.827e-02
-9.053e-02
-8.237e-02
-7.379e-02
-6.468e-02
-6.409e-02
-1.778e-01
-1.770e-01
-1.698e-01
-1.629e-01
-1.560e-01
-1.490e-01
-1.420e-01
-1.350e-01
-1.281e-01
-1.211e-01
-1.141e-01
-1.070e-01
-9.993e-02
-9.281e-02
-8.562e-02
-7.819e-02
-7.054e-02
-6.261e-02
-5.428e-02
-4.532e-02
-4.485e-02
-1.605e-01
-1.597e-01
-1.518e-01
-1.443e-01
-1.368e-01
-1.294e-01
-1.221e-01
-1.147e-01
-1.073e-01
-1.001e-01
-9.298e-02
-8.597e-02
-7.893e-02
-7.194e-02
-6.500e-02
-5.805e-02
-5.084e-02
-4.334e-02
-3.542e-02
-2.685e-02
-2.656e-02
-1.412e-01
-1.404e-01
-1.321e-01
-1.241e-01
-1.163e-01
-1.083e-01
-1.005e-01
-9.289e-02
-8.544e-02
-7.809e-02
-7.100e-02
-6.418e-02
-5.748e-02
-5.087e-02
-4.442e-02
-3.815e-02
-3.171e-02
-2.493e-02
-1.765e-02
-9.539e-03
-9.574e-03
-1.204e-01
-1.197e-01
-1.109e-01
-1.024e-01
-9.408e-02
-8.593e-02
-7.785e-02
-7.004e-02
-6.257e-02
-5.540e-02
-4.853e-02
-4.209e-02
-3.569e-02
-2.964e-02
-2.383e-02
-1.890e-02
-1.332e-02
-7.118e-03
9.026e-05
1.648e-04
1.122e-04
-9.798e-02
-9.730e-02
-8.834e-02
-7.944e-02
-7.079e-02
-6.244e-02
-5.435e-02
-4.651e-02
-3.905e-02
-3.210e-02
-2.549e-02
-1.996e-02
-1.161e-02
-6.419e-03
1.505e-05
1.654e-04
3.419e-04
5.342e-04
8.421e-04
8.900e-04
6.373e-04
-7.426e-02
-7.360e-02
-6.437e-02
-5.544e-02
-4.667e-02
-3.825e-02
-3.015e-02
-2.236e-02
-1.470e-02
-8.171e-03
1.997e-04
6.247e-04
1.053e-03
1.464e-03
1.842e-03
2.228e-03
2.573e-03
2.788e-03
2.970e-03
2.759e-03
2.055e-03
-6.627e-02
-6.316e-02
-5.388e-02
-4.485e-02
-3.615e-02
-2.768e-02
-1.959e-02
-1.189e-02
-4.518e-03
1.010e-05
2.563e-04
1.003e-03
1.852e-03
2.623e-03
3.366e-03
4.005e-03
4.442e-03
4.620e-03
4.599e-03
4.230e-03
3.631e-03
-2.341e-01
-2.322e-01
-2.321e-01
-2.319e-01
-2.318e-01
-2.315e-01
-2.313e-01
-2.310e-01
-2.307e-01
-2.304e-01
-2.300e-01
-2.296e-01
-2.292e-01
-2.288e-01
-2.283e-01
-2.277e-01
-2.272e-01
-2.264e-01
-2.258e-01
-2.231e-01
-2.237e-01
-2.314e-01
-2.281e-01
-2.274e-01
-2.276e-01
-2.276e-01
-2.275e-01
-2.275e-01
-2.275e-01
-2.274e-01
-2.273e-01
-2.272e-01
-2.271e-01
-2.269e-01
-2.267e-01
-2.264e-01
-2.259e-01
-2.253e-01
-2.245e-01
-2.236e-01
-2.212e-01
-2.221e-01
-2.307e-01
-2.275e-01
-2.267e-01
-2.269e-01
-2.266e-01
-2.263e-01
-2.261e-01
-2.259e-01
-2.256e-01
-2.253e-01
-2.250e-01
-2.246e-01
-2.242e-01
-2.236e-01
-2.229e-01
-2.221e-01
-2.210e-01
-2.197e-01
-2.183e-01
-2.153e-01
-2.151e-01
-2.298e-01
-2.274e-01
-2.263e-01
-2.265e-01
-2.261e-01
-2.258e-01
-2.255e-01
-2.252e-01
-2.248e-01
-2.244e-01
-2.238e-01
-2.232e-01
-2.224e-01
-2.215e-01
-2.204e-01
-2.191e-01
-2.175e-01
-2.156e-01
-2.135e-01
-2.099e-01
-2.097e-01
-2.287e-01
-2.271e-01
-2.256e-01
-2.256e-01
-2.252e-01
-2.248e-01
-2.243e-01
-2.238e-01
-2.232e-01
-2.224e-01
-2.216e-01
-2.206e-01
-2.194e-01
-2.181e-01
-2.165e-01
-2.146e-01
-2.124e-01
-2.099e-01
-2.070e-01
-2.027e-01
-2.024e-01
-2.274e-01
-2.266e-01
-2.247e-01
-2.246e-01
-2.240e-01
-2.234e-01
-2.226e-01
-2.218e-01
-2.208e-01
-2.198e-01
-2.185e-01
-2.171e-01
-2.155e-01
-2.135e-01
-2.113e-01
-2.087e-01
-2.058e-01
-2.025e-01
-1.987e-01
-1.935e-01
-1.930e-01
-2.259e-01
-2.258e-01
-2.235e-01
-2.231e-01
-2.222e-01
-2.212e-01
-2.202e-01
-2.190e-01
-2.176e-01
-2.161e-01
-2.143e-01
-2.123e-01
-2.100e-01
-2.074e-01
-2.045e-01
-2.011e-01
-1.972e-01
-1.930e-01
-1.883e-01
-1.822e-01
-1.815e-01
-2.242e-01
-2.245e-01
-2.217e-01
-2.209e-01
-2.197e-01
-2.183e-01
-2.168e-01
-2.150e-01
-2.131e-01
-2.110e-01
-2.086e-01
-2.059e-01
-2.028e-01
-1.994e-01
-1.955e-01
-1.912e-01
-1.865e-01
-1.813e-01
-1.757e-01
-1.688e-01
-1.680e-01
-2.220e-01
-2.223e-01
-2.191e-01
-2.178e-01
-2.160e-01
-2.141e-01
-2.120e-01
-2.096e-01
-2.070e-01
-2.041e-01
-2.009e-01
-1.974e-01
-1.934e-01
-1.891e-01
-1.844e-01
-1.792e-01
-1.736e-01
-1.675e-01
-1.609e-01
-1.531e-01
-1.523e-01
-2.187e-01
-2.189e-01
-2.153e-01
-2.133e-01
-2.109e-01
-2.083e-01
-2.054e-01
-2.022e-01
-1.988e-01
-1.950e-01
-1.909e-01
-1.865e-01
-1.817e-01
-1.766e-01
-1.710e-01
-1.650e-01
-1.585e-01
-1.515e-01
-1.441e-01
-1.358e-01
-1.351e-01
-2.140e-01
-2.141e-01
-2.099e-01
-2.070e-01
-2.038e-01
-2.003e-01
-1.965e-01
-1.924e-01
-1.881e-01
-1.835e-01
-1.786e-01
-1.733e-01
-1.678e-01
-1.618e-01
-1.554e-01
-1.486e-01
-1.415e-01
-1.340e-01
-1.261e-01
-1.175e-01
-1.168e-01
-2.075e-01
-2.072e-01
-2.023e-01
-1.984e-01
-1.942e-01
-1.898e-01
-1.851e-01
-1.802e-01
-1.750e-01
-1.696e-01
-1.639e-01
-1.578e-01
-1.514e-01
-1.448e-01
-1.379e-01
-1.308e-01
-1.233e-01
-1.155e-01
-1.073e-01
-9.832e-02
-9.764e-02
-1.983e-01
-1.978e-01
-1.921e-01
-1.872e-01
-1.821e-01
-1.768e-01
-1.712e-01
-1.655e-01
-1.594e-01
-1.531e-01
-1.467e-01
-1.402e-01
-1.334e-01
-1.265e-01
-1.194e-01
-1.121e-01
-1.043e-01
-9.614e-02
-8.762e-02
-7.858e-02
-7.796e-02
-1.864e-01
-1.858e-01
-1.793e-01
-1.735e-01
-1.674e-01
-1.612e-01
-1.547e-01
-1.481e-01
-1.415e-01
-1.348e-01
-1.281e-01
-1.212e-01
-1.143e-01
-1.072e-01
-9.986e-02
-9.231e-02
-8.456e-02
-7.640e-02
-6.782e-02
-5.870e-02
-5.812e-02
-1.719e-01
-1.711e-01
-1.639e-01
-1.570e-01
-1.501e-01
-1.431e-01
-1.361e-01
-1.291e-01
-1.221e-01
-1.152e-01
-1.082e-01
-1.011e-01
-9.397e-02
-8.685e-02
-7.964e-02
-7.222e-02
-6.456e-02
-5.663e-02
-4.829e-02
-3.934e-02
-3.886e-02
-1.545e-01
-1.538e-01
-1.459e-01
-1.384e-01
-1.309e-01
-1.235e-01
-1.161e-01
-1.088e-01
-1.014e-01
-9.412e-02
-8.702e-02
-8.000e-02
-7.295e-02
-6.596e-02
-5.902e-02
-5.206e-02
-4.486e-02
-3.735e-02
-2.943e-02
-2.086e-02
-2.057e-02
-1.352e-01
-1.345e-01
-1.261e-01
-1.182e-01
-1.103e-01
-1.024e-01
-9.454e-02
-8.693e-02
-7.947e-02
-7.212e-02
-6.502e-02
-5.820e-02
-5.150e-02
-4.488e-02
-3.843e-02
-3.216e-02
-2.572e-02
-1.893e-02
-1.166e-02
-3.610e-03
-3.651e-03
-1.145e-01
-1.138e-01
-1.050e-01
-9.644e-02
-8.812e-02
-7.996e-02
-7.187e-02
-6.406e-02
-5.659e-02
-4.941e-02
-4.254e-02
-3.610e-02
-2.969e-02
-2.364e-02
-1.783e-02
-1.291e-02
-7.386e-03
-1.210e-03
5.962e-03
6.218e-03
6.137e-03
-9.201e-02
-9.134e-02
-8.237e-02
-7.347e-02
-6.482e-02
-5.646e-02
-4.836e-02
-4.051e-02
-3.306e-02
-2.610e-02
-1.949e-02
-1.396e-02
-5.875e-03
-5.908e-04
5.831e-03
6.080e-03
6.329e-03
6.594e-03
6.970e-03
7.115e-03
6.836e-03
-6.828e-02
-6.763e-02
-5.839e-02
-4.946e-02
-4.069e-02
-3.226e-02
-2.415e-02
-1.636e-02
-8.747e-03
-2.186e-03
6.083e-03
6.619e-03
7.128e-03
7.598e-03
8.025e-03
8.442e-03
8.820e-03
9.073e-03
9.300e-03
9.188e-03
8.447e-03
-6.030e-02
-5.719e-02
-4.790e-02
-3.887e-02
-3.016e-02
-2.169e-02
-1.359e-02
-5.888e-03
1.463e-03
6.038e-03
6.413e-03
7.191e-03
8.074e-03
8.876e-03
9.647e-03
1.031e-02
1.078e-02
1.099e-02
1.102e-02
1.073e-02
1.023e-02
-2.234e-01
-2.217e-01
-2.216e-01
-2.214e-01
-2.213e-01
-2.210e-01
-2.208e-01
-2.205e-01
-2.202e-01
-2.199e-01
-2.195e-01
-2.191e-01
-2.187e-01
-2.182e-01
-2.178e-01
-2.172e-01
-2.166e-01
-2.158e-01
-2.152e-01
-2.124e-01
-2.132e-01
-2.209e-01
-2.178e-01
-2.171e-01
-2.173e-01
-2.173e-01
-2.172e-01
-2.172e-01
-2.171e-01
-2.170e-01
-2.169e-01
-2.169e-01
-2.167e-01
-2.166e-01
-2.163e-01
-2.160e-01
-2.156e-01
-2.149e-01
-2.141e-01
-2.132e-01
-2.108e-01
-2.119e-01
-2.203e-01
-2.172e-01
-2.164e-01
-2.166e-01
-2.163e-01
-2.160e-01
-2.158e-01
-2.155e-01
-2.153e-01
-2.150e-01
-2.147e-01
-2.143e-01
-2.138e-01
-2.132e-01
-2.125e-01
-2.117e-01
-2.106e-01
-2.093e-01
-2.079e-01
-2.048e-01
-2.049e-01
-2.194e-01
-2.171e-01
-2.160e-01
-2.161e-01
-2.158e-01
-2.155e-01
-2.152e-01
-2.149e-01
-2.144e-01
-2.140e-01
-2.134e-01
-2.128e-01
-2.120e-01
-2.111e-01
-2.100e-01
-2.087e-01
-2.070e-01
-2.051e-01
-2.030e-01
-1.993e-01
-1.994e-01
-2.182e-01
-2.168e-01
-2.153e-01
-2.153e-01
-2.148e-01
-2.144e-01
-2.139e-01
-2.134e-01
-2.128e-01
-2.121e-01
-2.112e-01
-2.102e-01
-2.090e-01
-2.076e-01
-2.060e-01
-2.041e-01
-2.019e-01
-1.993e-01
-1.964e-01
-1.921e-01
-1.920e-01
-2.168e-01
-2.163e-01
-2.144e-01
-2.142e-01
-2.136e-01
-2.130e-01
-2.122e-01
-2.114e-01
-2.104e-01
-2.094e-01
-2.081e-01
-2.066e-01
-2.050e-01
-2.030e-01
-2.008e-01
-1.982e-01
-1.952e-01
-1.918e-01
-1.880e-01
-1.828e-01
-1.824e-01
-2.154e-01
-2.154e-01
-2.131e-01
-2.127e-01
-2.118e-01
-2.109e-01
-2.098e-01
-2.086e-01
-2.071e-01
-2.056e-01
-2.038e-01
-2.018e-01
-1.994e-01
-1.968e-01
-1.938e-01
-1.904e-01
-1.865e-01
-1.822e-01
-1.774e-01
-1.713e-01
-1.708e-01
-2.136e-01
-2.141e-01
-2.113e-01
-2.105e-01
-2.093e-01
-2.078e-01
-2.063e-01
-2.045e-01
-2.026e-01
-2.004e-01
-1.980e-01
-1.953e-01
-1.922e-01
-1.887e-01
-1.848e-01
-1.804e-01
-1.757e-01
-1.704e-01
-1.647e-01
-1.577e-01
-1.571e-01
-2.113e-01
-2.119e-01
-2.087e-01
-2.073e-01
-2.055e-01
-2.036e-01
-2.014e-01
-1.990e-01
-1.964e-01
-1.935e-01
-1.902e-01
-1.866e-01
-1.826e-01
-1.782e-01
-1.735e-01
-1.683e-01
-1.626e-01
-1.564e-01
-1.497e-01
-1.419e-01
-1.412e-01
-2.080e-01
-2.085e-01
-2.048e-01
-2.028e-01
-2.003e-01
-1.977e-01
-1.948e-01
-1.916e-01
-1.881e-01
-1.843e-01
-1.801e-01
-1.756e-01
-1.708e-01
-1.656e-01
-1.599e-01
-1.539e-01
-1.473e-01
-1.402e-01
-1.327e-01
-1.244e-01
-1.238e-01
-2.033e-01
-2.035e-01
-1.993e-01
-1.964e-01
-1.932e-01
-1.896e-01
-1.858e-01
-1.816e-01
-1.773e-01
-1.726e-01
-1.676e-01
-1.623e-01
-1.567e-01
-1.506e-01
-1.441e-01
-1.373e-01
-1.301e-01
-1.225e-01
-1.146e-01
-1.060e-01
-1.053e-01
-1.966e-01
-1.966e-01
-1.916e-01
-1.877e-01
-1.834e-01
-1.789e-01
-1.742e-01
-1.692e-01
-1.640e-01
-1.585e-01
-1.527e-01
-1.465e-01
-1.401e-01
-1.334e-01
-1.265e-01
-1.193e-01
-1.117e-01
-1.039e-01
-9.560e-02
-8.662e-02
-8.599e-02
-1.874e-01
-1.870e-01
-1.813e-01
-1.763e-01
-1.712e-01
-1.658e-01
-1.602e-01
-1.543e-01
-1.482e-01
-1.418e-01
-1.354e-01
-1.288e-01
-1.220e-01
-1.150e-01
-1.078e-01
-1.004e-01
-9.261e-02
-8.440e-02
-7.583e-02
-6.676e-02
-6.617e-02
-1.753e-01
-1.748e-01
-1.683e-01
-1.624e-01
-1.563e-01
-1.500e-01
-1.434e-01
-1.368e-01
-1.301e-01
-1.234e-01
-1.165e-01
-1.096e-01
-1.027e-01
-9.553e-02
-8.813e-02
-8.054e-02
-7.275e-02
-6.455e-02
-5.594e-02
-4.680e-02
-4.624e-02
-1.607e-01
-1.600e-01
-1.527e-01
-1.458e-01
-1.388e-01
-1.318e-01
-1.247e-01
-1.176e-01
-1.106e-01
-1.036e-01
-9.654e-02
-8.938e-02
-8.221e-02
-7.505e-02
-6.781e-02
-6.035e-02
-5.266e-02
-4.471e-02
-3.635e-02
-2.738e-02
-2.692e-02
-1.432e-01
-1.425e-01
-1.345e-01
-1.270e-01
-1.194e-01
-1.119e-01
-1.045e-01
-9.714e-02
-8.970e-02
-8.238e-02
-7.523e-02
-6.818e-02
-6.110e-02
-5.407e-02
-4.710e-02
-4.013e-02
-3.290e-02
-2.538e-02
-1.745e-02
-8.870e-03
-8.584e-03
-1.237e-01
-1.230e-01
-1.146e-01
-1.066e-01
-9.871e-02
-9.069e-02
-8.281e-02
-7.515e-02
-6.766e-02
-6.027e-02
-5.314e-02
-4.629e-02
-3.956e-02
-3.293e-02
-2.647e-02
-2.018e-02
-1.374e-02
-6.944e-03
3.319e-04
8.319e-03
8.281e-03
-1.028e-01
-1.021e-01
-9.333e-02
-8.473e-02
-7.635e-02
-6.815e-02
-6.003e-02
-5.218e-02
-4.467e-02
-3.748e-02
-3.058e-02
-2.412e-02
-1.770e-02
-1.165e-02
-5.838e-03
-9.147e-04
4.556e-03
1.068e-02
1.775e-02
1.831e-02
1.818e-02
-8.022e-02
-7.959e-02
-7.058e-02
-6.163e-02
-5.294e-02
-4.455e-02
-3.642e-02
-2.855e-02
-2.108e-02
-1.411e-02
-7.503e-03
-1.970e-03
5.880e-03
1.120e-02
1.750e-02
1.793e-02
1.831e-02
1.870e-02
1.922e-02
1.956e-02
1.923e-02
-5.643e-02
-5.579e-02
-4.652e-02
-3.755e-02
-2.875e-02
-2.030e-02
-1.218e-02
-4.370e-03
3.219e-03
9.794e-03
1.787e-02
1.861e-02
1.926e-02
1.984e-02
2.038e-02
2.086e-02
2.131e-02
2.164e-02
2.196e-02
2.204e-02
2.123e-02
-4.844e-02
-4.533e-02
-3.602e-02
-2.695e-02
-1.821e-02
-9.717e-03
-1.606e-03
6.108e-03
1.344e-02
1.808e-02
1.869e-02
1.956e-02
2.051e-02
2.137e-02
2.220e-02
2.292e-02
2.344e-02
2.373e-02
2.384e-02
2.372e-02
2.342e-02
-2.099e-01
-2.084e-01
-2.083e-01
-2.082e-01
-2.081e-01
-2.078e-01
-2.076e-01
-2.073e-01
-2.070e-01
-2.067e-01
-2.062e-01
-2.058e-01
-2.053e-01
-2.048e-01
-2.043e-01
-2.037e-01
-2.030e-01
-2.022e-01
-2.015e-01
-1.987e-01
-1.999e-01
-2.077e-01
-2.048e-01
-2.041e-01
-2.043e-01
-2.043e-01
-2.042e-01
-2.041e-01
-2.041e-01
-2.040e-01
-2.038e-01
-2.037e-01
-2.036e-01
-2.034e-01
-2.031e-01
-2.028e-01
-2.023e-01
-2.016e-01
-2.008e-01
-1.999e-01
-1.974e-01
-1.989e-01
-2.071e-01
-2.042e-01
-2.034e-01
-2.035e-01
-2.033e-01
-2.030e-01
-2.027e-01
-2.024e-01
-2.021e-01
-2.018e-01
-2.015e-01
-2.011e-01
-2.006e-01
-2.000e-01
-1.992e-01
-1.983e-01
-1.972e-01
-1.959e-01
-1.944e-01
-1.913e-01
-1.917e-01
-2.062e-01
-2.041e-01
-2.030e-01
-2.031e-01
-2.027e-01
-2.024e-01
-2.020e-01
-2.017e-01
-2.012e-01
-2.008e-01
-2.002e-01
-1.995e-01
-1.987e-01
-1.978e-01
-1.966e-01
-1.952e-01
-1.935e-01
-1.915e-01
-1.893e-01
-1.856e-01
-1.861e-01
-2.049e-01
-2.037e-01
-2.022e-01
-2.022e-01
-2.017e-01
-2.012e-01
-2.007e-01
-2.002e-01
-1.996e-01
-1.988e-01
-1.979e-01
-1.968e-01
-1.956e-01
-1.942e-01
-1.925e-01
-1.905e-01
-1.882e-01
-1.855e-01
-1.825e-01
-1.781e-01
-1.783e-01
-2.035e-01
-2.031e-01
-2.012e-01
-2.011e-01
-2.004e-01
-1.997e-01
-1.990e-01
-1.981e-01
-1.971e-01
-1.960e-01
-1.946e-01
-1.931e-01
-1.914e-01
-1.893e-01
-1.870e-01
-1.843e-01
-1.812e-01
-1.777e-01
-1.738e-01
-1.684e-01
-1.684e-01
-2.019e-01
-2.022e-01
-1.999e-01
-1.995e-01
-1.986e-01
-1.975e-01
-1.964e-01
-1.951e-01
-1.937e-01
-1.920e-01
-1.901e-01
-1.880e-01
-1.856e-01
-1.829e-01
-1.798e-01
-1.762e-01
-1.722e-01
-1.677e-01
-1.627e-01
-1.565e-01
-1.562e-01
-2.000e-01
-2.008e-01
-1.980e-01
-1.972e-01
-1.959e-01
-1.944e-01
-1.928e-01
-1.909e-01
-1.889e-01
-1.866e-01
-1.841e-01
-1.812e-01
-1.780e-01
-1.744e-01
-1.703e-01
-1.658e-01
-1.608e-01
-1.554e-01
-1.494e-01
-1.423e-01
-1.419e-01
-1.976e-01
-1.985e-01
-1.952e-01
-1.938e-01
-1.919e-01
-1.900e-01
-1.877e-01
-1.852e-01
-1.825e-01
-1.794e-01
-1.760e-01
-1.723e-01
-1.681e-01
-1.635e-01
-1.585e-01
-1.531e-01
-1.472e-01
-1.409e-01
-1.340e-01
-1.260e-01
-1.255e-01
-1.941e-01
-1.949e-01
-1.912e-01
-1.891e-01
-1.865e-01
-1.837e-01
-1.807e-01
-1.774e-01
-1.738e-01
-1.698e-01
-1.654e-01
-1.608e-01
-1.557e-01
-1.503e-01
-1.445e-01
-1.382e-01
-1.314e-01
-1.241e-01
-1.164e-01
-1.080e-01
-1.075e-01
-1.891e-01
-1.897e-01
-1.854e-01
-1.824e-01
-1.790e-01
-1.753e-01
-1.713e-01
-1.670e-01
-1.625e-01
-1.576e-01
-1.524e-01
-1.469e-01
-1.410e-01
-1.348e-01
-1.281e-01
-1.210e-01
-1.137e-01
-1.059e-01
-9.776e-02
-8.900e-02
-8.845e-02
-1.821e-01
-1.824e-01
-1.774e-01
-1.733e-01
-1.689e-01
-1.642e-01
-1.593e-01
-1.541e-01
-1.486e-01
-1.429e-01
-1.370e-01
-1.306e-01
-1.240e-01
-1.171e-01
-1.100e-01
-1.026e-01
-9.483e-02
-8.681e-02
-7.838e-02
-6.931e-02
-6.872e-02
-1.725e-01
-1.725e-01
-1.666e-01
-1.615e-01
-1.561e-01
-1.505e-01
-1.447e-01
-1.387e-01
-1.323e-01
-1.258e-01
-1.191e-01
-1.123e-01
-1.053e-01
-9.812e-02
-9.078e-02
-8.328e-02
-7.531e-02
-6.697e-02
-5.828e-02
-4.914e-02
-4.858e-02
-1.601e-01
-1.598e-01
-1.531e-01
-1.470e-01
-1.407e-01
-1.342e-01
-1.275e-01
-1.206e-01
-1.137e-01
-1.068e-01
-9.974e-02
-9.266e-02
-8.556e-02
-7.829e-02
-7.076e-02
-6.305e-02
-5.513e-02
-4.686e-02
-3.816e-02
-2.897e-02
-2.841e-02
-1.449e-01
-1.444e-01
-1.370e-01
-1.299e-01
-1.227e-01
-1.154e-01
-1.082e-01
-1.009e-01
-9.366e-02
-8.650e-02
-7.933e-02
-7.204e-02
-6.475e-02
-5.747e-02
-5.015e-02
-4.261e-02
-3.485e-02
-2.683e-02
-1.843e-02
-9.434e-03
-8.968e-03
-1.270e-01
-1.264e-01
-1.183e-01
-1.105e-01
-1.028e-01
-9.508e-02
-8.749e-02
-7.998e-02
-7.240e-02
-6.495e-02
-5.768e-02
-5.054e-02
-4.337e-02
-3.627e-02
-2.924e-02
-2.222e-02
-1.496e-02
-7.410e-03
5.344e-04
9.117e-03
9.403e-03
-1.070e-01
-1.064e-01
-9.788e-02
-8.966e-02
-8.162e-02
-7.344e-02
-6.541e-02
-5.763e-02
-5.004e-02
-4.255e-02
-3.534e-02
-2.843e-02
-2.165e-02
-1.498e-02
-8.499e-03
-2.201e-03
4.251e-03
1.105e-02
1.832e-02
2.625e-02
2.622e-02
-8.561e-02
-8.505e-02
-7.613e-02
-6.737e-02
-5.886e-02
-5.055e-02
-4.232e-02
-3.438e-02
-2.681e-02
-1.956e-02
-1.263e-02
-6.149e-03
2.868e-04
6.343e-03
1.215e-02
1.708e-02
2.250e-02
2.856e-02
3.547e-02
3.645e-02
3.626e-02
-6.272e-02
-6.212e-02
-5.301e-02
-4.395e-02
-3.515e-02
-2.668e-02
-1.850e-02
-1.059e-02
-3.105e-03
3.870e-03
1.048e-02
1.602e-02
2.365e-02
2.896e-02
3.509e-02
3.574e-02
3.630e-02
3.687e-02
3.759e-02
3.822e-02
3.782e-02
-3.873e-02
-3.810e-02
-2.874e-02
-1.969e-02
-1.083e-02
-2.329e-03
5.806e-03
1.362e-02
2.119e-02
2.777e-02
3.562e-02
3.661e-02
3.745e-02
3.820e-02
3.889e-02
3.949e-02
4.003e-02
4.047e-02
4.092e-02
4.128e-02
4.038e-02
-3.069e-02
-2.756e-02
-1.818e-02
-9.030e-03
-2.390e-04
8.264e-03
1.638e-02
2.410e-02
3.142e-02
3.614e-02
3.709e-02
3.809e-02
3.914e-02
4.010e-02
4.101e-02
4.181e-02
4.242e-02
4.281e-02
4.306e-02
4.318e-02
4.315e-02
-1.955e-01
-1.943e-01
-1.942e-01
-1.942e-01
-1.941e-01
-1.939e-01
-1.937e-01
-1.934e-01
-1.931e-01
-1.927e-01
-1.922e-01
-1.916e-01
-1.911e-01
-1.905e-01
-1.898e-01
-1.891e-01
-1.883e-01
-1.873e-01
-1.865e-01
-1.835e-01
-1.853e-01
-1.937e-01
-1.910e-01
-1.902e-01
-1.904e-01
-1.904e-01
-1.903e-01
-1.902e-01
-1.901e-01
-1.899e-01
-1.897e-01
-1.896e-01
-1.894e-01
-1.891e-01
-1.888e-01
-1.884e-01
-1.878e-01
-1.871e-01
-1.862e-01
-1.851e-01
-1.825e-01
-1.846e-01
-1.932e-01
-1.903e-01
-1.895e-01
-1.896e-01
-1.893e-01
-1.890e-01
-1.887e-01
-1.884e-01
-1.880e-01
-1.876e-01
-1.872e-01
-1.867e-01
-1.862e-01
-1.855e-01
-1.847e-01
-1.837e-01
-1.825e-01
-1.810e-01
-1.793e-01
-1.761e-01
-1.771e-01
-1.923e-01
-1.901e-01
-1.890e-01
-1.891e-01
-1.887e-01
-1.883e-01
-1.879e-01
-1.875e-01
-1.869e-01
-1.864e-01
-1.857e-01
-1.850e-01
-1.841e-01
-1.830e-01
-1.818e-01
-1.803e-01
-1.784e-01
-1.762e-01
-1.738e-01
-1.699e-01
-1.709e-01
-1.910e-01
-1.896e-01
-1.881e-01
-1.880e-01
-1.875e-01
-1.869e-01
-1.864e-01
-1.858e-01
-1.851e-01
-1.842e-01
-1.832e-01
-1.821e-01
-1.807e-01
-1.791e-01
-1.773e-01
-1.751e-01
-1.726e-01
-1.697e-01
-1.664e-01
-1.617e-01
-1.624e-01
-1.893e-01
-1.889e-01
-1.870e-01
-1.867e-01
-1.860e-01
-1.853e-01
-1.844e-01
-1.835e-01
-1.824e-01
-1.811e-01
-1.797e-01
-1.780e-01
-1.761e-01
-1.738e-01
-1.713e-01
-1.683e-01
-1.650e-01
-1.612e-01
-1.569e-01
-1.513e-01
-1.517e-01
-1.873e-01
-1.879e-01
-1.855e-01
-1.850e-01
-1.840e-01
-1.829e-01
-1.816e-01
-1.802e-01
-1.786e-01
-1.768e-01
-1.747e-01
-1.724e-01
-1.697e-01
-1.667e-01
-1.633e-01
-1.595e-01
-1.552e-01
-1.502e-01
-1.448e-01
-1.383e-01
-1.383e-01
-1.852e-01
-1.863e-01
-1.834e-01
-1.825e-01
-1.810e-01
-1.794e-01
-1.776e-01
-1.756e-01
-1.734e-01
-1.709e-01
-1.681e-01
-1.649e-01
-1.614e-01
-1.575e-01
-1.531e-01
-1.481e-01
-1.427e-01
-1.368e-01
-1.304e-01
-1.230e-01
-1.227e-01
-1.824e-01
-1.837e-01
-1.803e-01
-1.787e-01
-1.767e-01
-1.745e-01
-1.720e-01
-1.692e-01
-1.662e-01
-1.629e-01
-1.592e-01
-1.551e-01
-1.506e-01
-1.456e-01
-1.402e-01
-1.343e-01
-1.279e-01
-1.211e-01
-1.139e-01
-1.055e-01
-1.051e-01
-1.785e-01
-1.797e-01
-1.758e-01
-1.734e-01
-1.707e-01
-1.676e-01
-1.643e-01
-1.607e-01
-1.567e-01
-1.524e-01
-1.476e-01
-1.425e-01
-1.370e-01
-1.312e-01
-1.249e-01
-1.182e-01
-1.111e-01
-1.033e-01
-9.514e-02
-8.636e-02
-8.589e-02
-1.729e-01
-1.740e-01
-1.694e-01
-1.661e-01
-1.624e-01
-1.584e-01
-1.541e-01
-1.494e-01
-1.444e-01
-1.391e-01
-1.334e-01
-1.275e-01
-1.212e-01
-1.146e-01
-1.075e-01
-9.996e-02
-9.215e-02
-8.400e-02
-7.549e-02
-6.647e-02
-6.592e-02
-1.652e-01
-1.659e-01
-1.606e-01
-1.562e-01
-1.514e-01
-1.463e-01
-1.409e-01
-1.353e-01
-1.294e-01
-1.232e-01
-1.169e-01
-1.101e-01
-1.030e-01
-9.574e-02
-8.823e-02
-8.047e-02
-7.240e-02
-6.405e-02
-5.538e-02
-4.612e-02
-4.552e-02
-1.548e-01
-1.551e-01
-1.488e-01
-1.433e-01
-1.375e-01
-1.314e-01
-1.251e-01
-1.187e-01
-1.120e-01
-1.050e-01
-9.788e-02
-9.066e-02
-8.331e-02
-7.581e-02
-6.815e-02
-6.037e-02
-5.219e-02
-4.363e-02
-3.474e-02
-2.548e-02
-2.490e-02
-1.412e-01
-1.413e-01
-1.342e-01
-1.276e-01
-1.209e-01
-1.141e-01
-1.068e-01
-9.955e-02
-9.225e-02
-8.491e-02
-7.754e-02
-7.013e-02
-6.274e-02
-5.525e-02
-4.751e-02
-3.960e-02
-3.151e-02
-2.311e-02
-1.431e-02
-5.058e-03
-4.483e-03
-1.250e-01
-1.247e-01
-1.170e-01
-1.095e-01
-1.018e-01
-9.410e-02
-8.645e-02
-7.881e-02
-7.122e-02
-6.375e-02
-5.637e-02
-4.884e-02
-4.135e-02
-3.391e-02
-2.645e-02
-1.881e-02
-1.096e-02
-2.880e-03
5.546e-03
1.454e-02
1.501e-02
-1.061e-01
-1.057e-01
-9.715e-02
-8.897e-02
-8.084e-02
-7.275e-02
-6.483e-02
-5.709e-02
-4.925e-02
-4.159e-02
-3.414e-02
-2.686e-02
-1.958e-02
-1.240e-02
-5.307e-03
1.747e-03
9.012e-03
1.657e-02
2.452e-02
3.311e-02
3.339e-02
-8.506e-02
-8.458e-02
-7.570e-02
-6.713e-02
-5.881e-02
-5.035e-02
-4.209e-02
-3.411e-02
-2.637e-02
-1.877e-02
-1.147e-02
-4.484e-03
2.318e-03
8.990e-03
1.548e-02
2.178e-02
2.824e-02
3.504e-02
4.230e-02
5.018e-02
5.015e-02
-6.282e-02
-6.227e-02
-5.313e-02
-4.412e-02
-3.538e-02
-2.690e-02
-1.853e-02
-1.050e-02
-2.865e-03
4.402e-03
1.134e-02
1.783e-02
2.428e-02
3.033e-02
3.613e-02
4.106e-02
4.644e-02
5.242e-02
5.915e-02
6.064e-02
6.038e-02
-3.931e-02
-3.868e-02
-2.941e-02
-2.019e-02
-1.127e-02
-2.737e-03
5.469e-03
1.338e-02
2.087e-02
2.786e-02
3.447e-02
4.001e-02
4.739e-02
5.267e-02
5.859e-02
5.952e-02
6.030e-02
6.111e-02
6.208e-02
6.309e-02
6.261e-02
-1.498e-02
-1.431e-02
-4.846e-03
4.264e-03
1.314e-02
2.165e-02
2.979e-02
3.761e-02
4.515e-02
5.174e-02
5.932e-02
6.062e-02
6.171e-02
6.266e-02
6.356e-02
6.429e-02
6.497e-02
6.556e-02
6.619e-02
6.690e-02
6.590e-02
-6.819e-03
-3.652e-03
5.775e-03
1.494e-02
2.375e-02
3.225e-02
4.038e-02
4.810e-02
5.538e-02
6.023e-02
6.158e-02
6.276e-02
6.395e-02
6.503e-02
6.606e-02
6.696e-02
6.769e-02
6.822e-02
6.865e-02
6.908e-02
6.940e-02
-1.816e-01
-1.808e-01
-1.809e-01
-1.809e-01
-1.810e-01
-1.809e-01
-1.807e-01
-1.804e-01
-1.801e-01
-1.796e-01
-1.790e-01
-1.783e-01
-1.776e-01
-1.767e-01
-1.758e-01
-1.748e-01
-1.737e-01
-1.725e-01
-1.713e-01
-1.681e-01
-1.703e-01
-1.803e-01
-1.778e-01
-1.769e-01
-1.771e-01
-1.771e-01
-1.770e-01
-1.768e-01
-1.766e-01
-1.764e-01
-1.761e-01
-1.758e-01
-1.755e-01
-1.751e-01
-1.746e-01
-1.741e-01
-1.734e-01
-1.724e-01
-1.713e-01
-1.700e-01
-1.672e-01
-1.698e-01
-1.801e-01
-1.771e-01
-1.761e-01
-1.763e-01
-1.759e-01
-1.755e-01
-1.751e-01
-1.747e-01
-1.742e-01
-1.737e-01
-1.731e-01
-1.724e-01
-1.717e-01
-1.709e-01
-1.699e-01
-1.687e-01
-1.673e-01
-1.655e-01
-1.635e-01
-1.601e-01
-1.616e-01
-1.794e-01
-1.768e-01
-1.756e-01
-1.756e-01
-1.750e-01
-1.745e-01
-1.739e-01
-1.734e-01
-1.727e-01
-1.720e-01
-1.712e-01
-1.703e-01
-1.692e-01
-1.679e-01
-1.664e-01
-1.646e-01
-1.624e-01
-1.599e-01
-1.570e-01
-1.528e-01
-1.543e-01
-1.779e-01
-1.760e-01
-1.744e-01
-1.741e-01
-1.735e-01
-1.728e-01
-1.721e-01
-1.713e-01
-1.704e-01
-1.694e-01
-1.682e-01
-1.668e-01
-1.652e-01
-1.633e-01
-1.611e-01
-1.586e-01
-1.556e-01
-1.522e-01
-1.484e-01
-1.433e-01
-1.444e-01
-1.757e-01
-1.749e-01
-1.729e-01
-1.725e-01
-1.716e-01
-1.707e-01
-1.697e-01
-1.686e-01
-1.673e-01
-1.658e-01
-1.640e-01
-1.620e-01
-1.597e-01
-1.570e-01
-1.540e-01
-1.506e-01
-1.466e-01
-1.422e-01
-1.373e-01
-1.313e-01
-1.319e-01
-1.731e-01
-1.735e-01
-1.710e-01
-1.703e-01
-1.691e-01
-1.678e-01
-1.664e-01
-1.647e-01
-1.628e-01
-1.606e-01
-1.581e-01
-1.554e-01
-1.522e-01
-1.487e-01
-1.447e-01
-1.402e-01
-1.353e-01
-1.296e-01
-1.234e-01
-1.162e-01
-1.164e-01
-1.703e-01
-1.715e-01
-1.685e-01
-1.673e-01
-1.656e-01
-1.637e-01
-1.615e-01
-1.592e-01
-1.565e-01
-1.535e-01
-1.502e-01
-1.465e-01
-1.424e-01
-1.378e-01
-1.328e-01
-1.271e-01
-1.208e-01
-1.141e-01
-1.069e-01
-9.884e-02
-9.858e-02
-1.667e-01
-1.684e-01
-1.647e-01
-1.628e-01
-1.604e-01
-1.578e-01
-1.548e-01
-1.516e-01
-1.480e-01
-1.441e-01
-1.398e-01
-1.351e-01
-1.298e-01
-1.240e-01
-1.178e-01
-1.111e-01
-1.040e-01
-9.641e-02
-8.846e-02
-7.955e-02
-7.906e-02
-1.619e-01
-1.636e-01
-1.593e-01
-1.564e-01
-1.532e-01
-1.496e-01
-1.457e-01
-1.415e-01
-1.369e-01
-1.319e-01
-1.264e-01
-1.205e-01
-1.142e-01
-1.076e-01
-1.005e-01
-9.310e-02
-8.532e-02
-7.682e-02
-6.798e-02
-5.870e-02
-5.811e-02
-1.552e-01
-1.566e-01
-1.516e-01
-1.477e-01
-1.434e-01
-1.388e-01
-1.339e-01
-1.284e-01
-1.226e-01
-1.165e-01
-1.101e-01
-1.034e-01
-9.634e-02
-8.910e-02
-8.130e-02
-7.313e-02
-6.469e-02
-5.598e-02
-4.698e-02
-3.760e-02
-3.695e-02
-1.461e-01
-1.470e-01
-1.412e-01
-1.362e-01
-1.307e-01
-1.248e-01
-1.186e-01
-1.122e-01
-1.056e-01
-9.864e-02
-9.156e-02
-8.423e-02
-7.645e-02
-6.853e-02
-6.045e-02
-5.219e-02
-4.368e-02
-3.495e-02
-2.599e-02
-1.652e-02
-1.586e-02
-1.341e-01
-1.346e-01
-1.277e-01
-1.213e-01
-1.147e-01
-1.079e-01
-1.008e-01
-9.363e-02
-8.639e-02
-7.865e-02
-7.086e-02
-6.306e-02
-5.520e-02
-4.727e-02
-3.921e-02
-3.110e-02
-2.268e-02
-1.392e-02
-4.878e-03
4.446e-03
5.045e-03
-1.186e-01
-1.187e-01
-1.110e-01
-1.036e-01
-9.614e-02
-8.862e-02
-8.072e-02
-7.274e-02
-6.483e-02
-5.695e-02
-4.912e-02
-4.130e-02
-3.357e-02
-2.584e-02
-1.788e-02
-9.808e-03
-1.607e-03
6.833e-03
1.565e-02
2.490e-02
2.548e-02
-1.004e-01
-1.001e-01
-9.181e-02
-8.366e-02
-7.523e-02
-6.689e-02
-5.865e-02
-5.052e-02
-4.249e-02
-3.466e-02
-2.701e-02
-1.926e-02
-1.160e-02
-4.032e-03
3.490e-03
1.115e-02
1.900e-02
2.709e-02
3.553e-02
4.452e-02
4.499e-02
-7.980e-02
-7.930e-02
-7.020e-02
-6.140e-02
-5.271e-02
-4.414e-02
-3.582e-02
-2.779e-02
-1.970e-02
-1.185e-02
-4.274e-03
3.078e-03
1.037e-02
1.756e-02
2.466e-02
3.173e-02
3.899e-02
4.655e-02
5.451e-02
6.309e-02
6.338e-02
-5.714e-02
-5.657e-02
-4.727e-02
-3.824e-02
-2.959e-02
-2.085e-02
-1.237e-02
-4.242e-03
3.566e-03
1.118e-02
1.849e-02
2.548e-02
3.230e-02
3.897e-02
4.546e-02
5.177e-02
5.823e-02
6.503e-02
7.229e-02
8.010e-02
8.007e-02
-3.371e-02
-3.309e-02
-2.371e-02
-1.444e-02
-5.531e-03
3.035e-03
1.141e-02
1.945e-02
2.710e-02
3.438e-02
4.132e-02
4.782e-02
5.426e-02
6.032e-02
6.611e-02
7.105e-02
7.638e-02
8.227e-02
8.880e-02
9.088e-02
9.054e-02
-9.547e-03
-8.872e-03
5.209e-04
9.758e-03
1.868e-02
2.723e-02
3.545e-02
4.336e-02
5.085e-02
5.784e-02
6.444e-02
7.000e-02
7.711e-02
8.235e-02
8.805e-02
8.929e-02
9.034e-02
9.143e-02
9.270e-02
9.415e-02
9.359e-02
1.494e-02
1.563e-02
2.511e-02
3.424e-02
4.312e-02
5.163e-02
5.978e-02
6.760e-02
7.511e-02
8.171e-02
8.899e-02
9.064e-02
9.202e-02
9.322e-02
9.435e-02
9.526e-02
9.610e-02
9.688e-02
9.774e-02
9.886e-02
9.776e-02
2.313e-02
2.631e-02
3.575e-02
4.491e-02
5.373e-02
6.224e-02
7.036e-02
7.809e-02
8.535e-02
9.033e-02
9.214e-02
9.355e-02
9.491e-02
9.614e-02
9.731e-02
9.835e-02
9.922e-02
9.992e-02
1.006e-01
1.014e-01
1.021e-01
-1.711e-01
-1.708e-01
-1.710e-01
-1.713e-01
-1.716e-01
-1.716e-01
-1.716e-01
-1.713e-01
-1.710e-01
-1.704e-01
-1.697e-01
-1.688e-01
-1.678e-01
-1.666e-01
-1.653e-01
-1.639e-01
-1.623e-01
-1.606e-01
-1.589e-01
-1.553e-01
-1.576e-01
-1.705e-01
-1.681e-01
-1.671e-01
-1.674e-01
-1.674e-01
-1.673e-01
-1.671e-01
-1.668e-01
-1.664e-01
-1.659e-01
-1.655e-01
-1.649e-01
-1.643e-01
-1.635e-01
-1.627e-01
-1.616e-01
-1.604e-01
-1.589e-01
-1.572e-01
-1.541e-01
-1.570e-01
-1.708e-01
-1.675e-01
-1.662e-01
-1.664e-01
-1.660e-01
-1.655e-01
-1.649e-01
-1.643e-01
-1.636e-01
-1.629e-01
-1.620e-01
-1.611e-01
-1.601e-01
-1.589e-01
-1.576e-01
-1.561e-01
-1.542e-01
-1.520e-01
-1.495e-01
-1.457e-01
-1.477e-01
-1.704e-01
-1.671e-01
-1.657e-01
-1.655e-01
-1.648e-01
-1.640e-01
-1.632e-01
-1.624e-01
-1.614e-01
-1.604e-01
-1.593e-01
-1.581e-01
-1.567e-01
-1.550e-01
-1.531e-01
-1.508e-01
-1.481e-01
-1.450e-01
-1.415e-01
-1.367e-01
-1.386e-01
-1.687e-01
-1.659e-01
-1.640e-01
-1.635e-01
-1.626e-01
-1.617e-01
-1.606e-01
-1.596e-01
-1.584e-01
-1.570e-01
-1.555e-01
-1.538e-01
-1.517e-01
-1.493e-01
-1.466e-01
-1.434e-01
-1.397e-01
-1.355e-01
-1.309e-01
-1.252e-01
-1.264e-01
-1.659e-01
-1.642e-01
-1.619e-01
-1.612e-01
-1.600e-01
-1.588e-01
-1.575e-01
-1.560e-01
-1.544e-01
-1.524e-01
-1.502e-01
-1.477e-01
-1.448e-01
-1.415e-01
-1.377e-01
-1.335e-01
-1.287e-01
-1.234e-01
-1.176e-01
-1.110e-01
-1.117e-01
-1.623e-01
-1.621e-01
-1.593e-01
-1.582e-01
-1.567e-01
-1.551e-01
-1.532e-01
-1.511e-01
-1.487e-01
-1.459e-01
-1.428e-01
-1.394e-01
-1.355e-01
-1.311e-01
-1.263e-01
-1.209e-01
-1.150e-01
-1.085e-01
-1.012e-01
-9.321e-02
-9.333e-02
-1.582e-01
-1.593e-01
-1.560e-01
-1.543e-01
-1.522e-01
-1.498e-01
-1.471e-01
-1.441e-01
-1.408e-01
-1.371e-01
-1.330e-01
-1.284e-01
-1.234e-01
-1.180e-01
-1.121e-01
-1.054e-01
-9.810e-02
-9.037e-02
-8.215e-02
-7.339e-02
-7.297e-02
-1.534e-01
-1.552e-01
-1.511e-01
-1.486e-01
-1.456e-01
-1.423e-01
-1.387e-01
-1.346e-01
-1.303e-01
-1.255e-01
-1.203e-01
-1.147e-01
-1.085e-01
-1.017e-01
-9.451e-02
-8.688e-02
-7.882e-02
-7.032e-02
-6.153e-02
-5.211e-02
-5.145e-02
-1.471e-01
-1.490e-01
-1.441e-01
-1.405e-01
-1.365e-01
-1.321e-01
-1.274e-01
-1.223e-01
-1.168e-01
-1.110e-01
-1.045e-01
-9.756e-02
-9.034e-02
-8.276e-02
-7.483e-02
-6.657e-02
-5.816e-02
-4.893e-02
-3.947e-02
-2.977e-02
-2.905e-02
-1.386e-01
-1.402e-01
-1.345e-01
-1.297e-01
-1.245e-01
-1.190e-01
-1.133e-01
-1.069e-01
-1.000e-01
-9.297e-02
-8.562e-02
-7.801e-02
-7.014e-02
-6.213e-02
-5.373e-02
-4.492e-02
-3.595e-02
-2.680e-02
-1.747e-02
-7.871e-03
-7.161e-03
-1.274e-01
-1.284e-01
-1.218e-01
-1.159e-01
-1.095e-01
-1.026e-01
-9.545e-02
-8.810e-02
-8.052e-02
-7.273e-02
-6.486e-02
-5.693e-02
-4.849e-02
-4.000e-02
-3.147e-02
-2.284e-02
-1.406e-02
-5.130e-03
3.932e-03
1.342e-02
1.408e-02
-1.131e-01
-1.137e-01
-1.059e-01
-9.850e-02
-9.092e-02
-8.314e-02
-7.520e-02
-6.719e-02
-5.934e-02
-5.090e-02
-4.251e-02
-3.423e-02
-2.598e-02
-1.775e-02
-9.478e-03
-1.211e-03
7.253e-03
1.602e-02
2.508e-02
3.442e-02
3.502e-02
-9.511e-02
-9.515e-02
-8.666e-02
-7.838e-02
-6.999e-02
-6.168e-02
-5.317e-02
-4.456e-02
-3.612e-02
-2.782e-02
-1.967e-02
-1.162e-02
-3.720e-03
4.090e-03
1.206e-02
2.014e-02
2.836e-02
3.681e-02
4.562e-02
5.488e-02
5.545e-02
-7.465e-02
-7.421e-02
-6.519e-02
-5.639e-02
-4.726e-02
-3.832e-02
-2.963e-02
-2.113e-02
-1.284e-02
-4.832e-03
2.913e-03
1.068e-02
1.835e-02
2.593e-02
3.347e-02
4.113e-02
4.897e-02
5.707e-02
6.551e-02
7.451e-02
7.497e-02
-5.219e-02
-5.150e-02
-4.185e-02
-3.252e-02
-2.342e-02
-1.455e-02
-6.019e-03
2.136e-03
1.023e-02
1.809e-02
2.568e-02
3.305e-02
4.035e-02
4.753e-02
5.464e-02
6.171e-02
6.898e-02
7.654e-02
8.450e-02
9.308e-02
9.337e-02
-2.807e-02
-2.738e-02
-1.777e-02
-8.495e-03
3.280e-04
9.086e-03
1.757e-02
2.571e-02
3.354e-02
4.115e-02
4.846e-02
5.546e-02
6.228e-02
6.895e-02
7.545e-02
8.176e-02
8.822e-02
9.502e-02
1.023e-01
1.100e-01
1.100e-01
-3.888e-03
-3.206e-03
6.217e-03
1.549e-02
2.442e-02
3.301e-02
4.138e-02
4.942e-02
5.708e-02
6.436e-02
7.130e-02
7.780e-02
8.425e-02
9.030e-02
9.608e-02
1.010e-01
1.063e-01
1.121e-01
1.185e-01
1.211e-01
1.207e-01
2.039e-02
2.107e-02
3.049e-02
3.973e-02
4.865e-02
5.720e-02
6.542e-02
7.334e-02
8.084e-02
8.783e-02
9.442e-02
9.998e-02
1.069e-01
1.121e-01
1.176e-01
1.191e-01
1.204e-01
1.218e-01
1.233e-01
1.252e-01
1.246e-01
4.491e-02
4.560e-02
5.508e-02
6.422e-02
7.309e-02
8.161e-02
8.977e-02
9.758e-02
1.051e-01
1.117e-01
1.187e-01
1.207e-01
1.223e-01
1.238e-01
1.251e-01
1.262e-01
1.272e-01
1.282e-01
1.292e-01
1.308e-01
1.296e-01
5.310e-02
5.628e-02
6.572e-02
7.489e-02
8.371e-02
9.222e-02
1.004e-01
1.081e-01
1.153e-01
1.204e-01
1.226e-01
1.243e-01
1.258e-01
1.272e-01
1.285e-01
1.297e-01
1.307e-01
1.316e-01
1.324e-01
1.336e-01
1.347e-01
-1.560e-01
-1.576e-01
-1.586e-01
-1.599e-01
-1.612e-01
-1.622e-01
-1.629e-01
-1.632e-01
-1.631e-01
-1.625e-01
-1.614e-01
-1.598e-01
-1.577e-01
-1.553e-01
-1.524e-01
-1.491e-01
-1.455e-01
-1.417e-01
-1.378e-01
-1.324e-01
-1.336e-01
-1.578e-01
-1.582e-01
-1.573e-01
-1.583e-01
-1.590e-01
-1.592e-01
-1.592e-01
-1.588e-01
-1.580e-01
-1.569e-01
-1.554e-01
-1.537e-01
-1.518e-01
-1.496e-01
-1.470e-01
-1.441e-01
-1.410e-01
-1.376e-01
-1.338e-01
-1.288e-01
-1.312e-01
-1.606e-01
-1.590e-01
-1.572e-01
-1.577e-01
-1.574e-01
-1.567e-01
-1.556e-01
-1.542e-01
-1.525e-01
-1.506e-01
-1.484e-01
-1.459e-01
-1.432e-01
-1.403e-01
-1.372e-01
-1.338e-01
-1.300e-01
-1.257e-01
-1.209e-01
-1.150e-01
-1.166e-01
-1.621e-01
-1.594e-01
-1.570e-01
-1.563e-01
-1.549e-01
-1.533e-01
-1.513e-01
-1.491e-01
-1.467e-01
-1.440e-01
-1.412e-01
-1.382e-01
-1.350e-01
-1.315e-01
-1.276e-01
-1.232e-01
-1.182e-01
-1.127e-01
-1.065e-01
-9.953e-02
-1.004e-01
-1.607e-01
-1.572e-01
-1.539e-01
-1.521e-01
-1.500e-01
-1.476e-01
-1.449e-01
-1.421e-01
-1.392e-01
-1.361e-01
-1.327e-01
-1.291e-01
-1.250e-01
-1.204e-01
-1.153e-01
-1.096e-01
-1.034e-01
-9.651e-02
-8.907e-02
-8.101e-02
-8.094e-02
-1.557e-01
-1.527e-01
-1.488e-01
-1.462e-01
-1.433e-01
-1.404e-01
-1.373e-01
-1.340e-01
-1.305e-01
-1.265e-01
-1.222e-01
-1.174e-01
-1.121e-01
-1.063e-01
-9.991e-02
-9.297e-02
-8.551e-02
-7.753e-02
-6.907e-02
-6.049e-02
-6.002e-02
-1.479e-01
-1.465e-01
-1.419e-01
-1.388e-01
-1.355e-01
-1.320e-01
-1.282e-01
-1.240e-01
-1.193e-01
-1.143e-01
-1.087e-01
-1.027e-01
-9.610e-02
-8.909e-02
-8.161e-02
-7.361e-02
-6.531e-02
-5.681e-02
-4.728e-02
-3.754e-02
-3.684e-02
-1.387e-01
-1.390e-01
-1.340e-01
-1.301e-01
-1.259e-01
-1.214e-01
-1.164e-01
-1.110e-01
-1.051e-01
-9.879e-02
-9.201e-02
-8.484e-02
-7.726e-02
-6.932e-02
-6.127e-02
-5.252e-02
-4.327e-02
-3.389e-02
-2.434e-02
-1.462e-02
-1.388e-02
-1.284e-01
-1.297e-01
-1.239e-01
-1.189e-01
-1.135e-01
-1.077e-01
-1.014e-01
-9.474e-02
-8.772e-02
-8.034e-02
-7.256e-02
-6.466e-02
-5.664e-02
-4.776e-02
-3.878e-02
-2.973e-02
-2.056e-02
-1.123e-02
-1.874e-03
7.679e-03
8.394e-03
-1.162e-01
-1.176e-01
-1.107e-01
-1.044e-01
-9.774e-02
-9.067e-02
-8.328e-02
-7.556e-02
-6.769e-02
-5.999e-02
-5.130e-02
-4.251e-02
-3.375e-02
-2.495e-02
-1.610e-02
-7.206e-03
1.631e-03
1.088e-02
2.035e-02
3.005e-02
3.080e-02
-1.012e-01
-1.020e-01
-9.423e-02
-8.671e-02
-7.889e-02
-7.081e-02
-6.275e-02
-5.445e-02
-4.566e-02
-3.693e-02
-2.825e-02
-1.963e-02
-1.101e-02
-2.493e-03
6.068e-03
1.489e-02
2.388e-02
3.305e-02
4.240e-02
5.200e-02
5.271e-02
-8.340e-02
-8.338e-02
-7.473e-02
-6.630e-02
-5.806e-02
-4.897e-02
-3.997e-02
-3.117e-02
-2.246e-02
-1.383e-02
-5.389e-03
2.861e-03
1.133e-02
1.982e-02
2.838e-02
3.702e-02
4.580e-02
5.476e-02
6.387e-02
7.335e-02
7.401e-02
-6.293e-02
-6.238e-02
-5.318e-02
-4.375e-02
-3.452e-02
-2.545e-02
-1.655e-02
-7.878e-03
4.434e-04
8.918e-03
1.730e-02
2.561e-02
3.388e-02
4.212e-02
5.040e-02
5.871e-02
6.719e-02
7.596e-02
8.501e-02
9.436e-02
9.497e-02
-3.980e-02
-3.913e-02
-2.950e-02
-2.008e-02
-1.089e-02
-2.044e-03
6.618e-03
1.525e-02
2.371e-02
3.203e-02
4.019e-02
4.825e-02
5.618e-02
6.403e-02
7.200e-02
8.008e-02
8.830e-02
9.676e-02
1.056e-01
1.148e-01
1.154e-01
-1.602e-02
-1.531e-02
-5.759e-03
3.387e-03
1.255e-02
2.150e-02
3.022e-02
3.872e-02
4.702e-02
5.506e-02
6.285e-02
7.061e-02
7.828e-02
8.586e-02
9.342e-02
1.011e-01
1.089e-01
1.170e-01
1.255e-01
1.345e-01
1.349e-01
7.577e-03
8.313e-03
1.795e-02
2.732e-02
3.644e-02
4.530e-02
5.386e-02
6.207e-02
7.016e-02
7.802e-02
8.562e-02
9.300e-02
1.003e-01
1.075e-01
1.146e-01
1.217e-01
1.290e-01
1.365e-01
1.445e-01
1.531e-01
1.534e-01
3.174e-02
3.248e-02
4.208e-02
5.137e-02
6.026e-02
6.901e-02
7.749e-02
8.564e-02
9.348e-02
1.011e-01
1.084e-01
1.154e-01
1.222e-01
1.289e-01
1.354e-01
1.417e-01
1.482e-01
1.550e-01
1.622e-01
1.700e-01
1.699e-01
5.599e-02
5.668e-02
6.615e-02
7.541e-02
8.435e-02
9.295e-02
1.013e-01
1.094e-01
1.170e-01
1.243e-01
1.313e-01
1.378e-01
1.442e-01
1.503e-01
1.560e-01
1.610e-01
1.663e-01
1.720e-01
1.781e-01
1.816e-01
1.812e-01
8.032e-02
8.099e-02
9.044e-02
9.967e-02
1.086e-01
1.171e-01
1.254e-01
1.333e-01
1.408e-01
1.478e-01
1.544e-01
1.600e-01
1.664e-01
1.716e-01
1.768e-01
1.789e-01
1.806e-01
1.825e-01
1.846e-01
1.872e-01
1.865e-01
1.049e-01
1.055e-01
1.150e-01
1.242e-01
1.330e-01
1.416e-01
1.497e-01
1.576e-01
1.650e-01
1.716e-01
1.783e-01
1.808e-01
1.829e-01
1.848e-01
1.865e-01
1.880e-01
1.893e-01
1.906e-01
1.921e-01
1.943e-01
1.931e-01
1.130e-01
1.162e-01
1.257e-01
1.348e-01
1.437e-01
1.522e-01
1.603e-01
1.681e-01
1.753e-01
1.806e-01
1.835e-01
1.856e-01
1.874e-01
1.891e-01
1.907e-01
1.922e-01
1.935e-01
1.947e-01
1.960e-01
1.978e-01
1.996e-01
-1.464e-01
-1.509e-01
-1.540e-01
-1.581e-01
-1.623e-01
-1.664e-01
-1.700e-01
-1.728e-01
-1.745e-01
-1.748e-01
-1.736e-01
-1.708e-01
-1.665e-01
-1.610e-01
-1.544e-01
-1.469e-01
-1.376e-01
-1.280e-01
-1.182e-01
-1.083e-01
-1.052e-01
-1.523e-01
-1.593e-01
-1.615e-01
-1.662e-01
-1.706e-01
-1.740e-01
-1.764e-01
-1.774e-01
-1.769e-01
-1.748e-01
-1.712e-01
-1.663e-01
-1.600e-01
-1.531e-01
-1.454e-01
-1.364e-01
-1.270e-01
-1.173e-01
-1.076e-01
-9.765e-02
-9.690e-02
-1.613e-01
-1.682e-01
-1.690e-01
-1.722e-01
-1.743e-01
-1.750e-01
-1.740e-01
-1.715e-01
-1.674e-01
-1.618e-01
-1.553e-01
-1.482e-01
-1.392e-01
-1.301e-01
-1.210e-01
-1.117e-01
-1.022e-01
-9.250e-02
-8.268e-02
-7.274e-02
-7.199e-02
-1.701e-01
-1.762e-01
-1.748e-01
-1.745e-01
-1.727e-01
-1.692e-01
-1.641e-01
-1.579e-01
-1.509e-01
-1.425e-01
-1.334e-01
-1.244e-01
-1.152e-01
-1.059e-01
-9.659e-02
-8.714e-02
-7.755e-02
-6.782e-02
-5.797e-02
-4.800e-02
-4.726e-02
-1.722e-01
-1.756e-01
-1.711e-01
-1.667e-01
-1.607e-01
-1.538e-01
-1.462e-01
-1.371e-01
-1.279e-01
-1.187e-01
-1.095e-01
-1.003e-01
-9.097e-02
-8.163e-02
-7.222e-02
-6.272e-02
-5.311e-02
-4.340e-02
-3.365e-02
-2.386e-02
-2.308e-02
-1.639e-01
-1.647e-01
-1.574e-01
-1.501e-01
-1.412e-01
-1.318e-01
-1.226e-01
-1.132e-01
-1.039e-01
-9.465e-02
-8.537e-02
-7.609e-02
-6.678e-02
-5.743e-02
-4.803e-02
-3.858e-02
-2.915e-02
-1.968e-02
-1.014e-02
-8.487e-04
-2.298e-04
-1.470e-01
-1.464e-01
-1.366e-01
-1.270e-01
-1.175e-01
-1.080e-01
-9.854e-02
-8.916e-02
-7.982e-02
-7.053e-02
-6.125e-02
-5.199e-02
-4.275e-02
-3.355e-02
-2.439e-02
-1.517e-02
-6.034e-03
2.914e-03
1.248e-02
2.223e-02
2.298e-02
-1.233e-01
-1.226e-01
-1.128e-01
-1.030e-01
-9.340e-02
-8.386e-02
-7.440e-02
-6.502e-02
-5.571e-02
-4.648e-02
-3.731e-02
-2.829e-02
-1.933e-02
-1.039e-02
-1.683e-03
7.223e-03
1.649e-02
2.591e-02
3.548e-02
4.520e-02
4.595e-02
-9.922e-02
-9.854e-02
-8.865e-02
-7.888e-02
-6.922e-02
-5.968e-02
-5.025e-02
-4.095e-02
-3.187e-02
-2.292e-02
-1.399e-02
-5.328e-03
3.091e-03
1.200e-02
2.099e-02
3.009e-02
3.928e-02
4.861e-02
5.802e-02
6.761e-02
6.832e-02
-7.500e-02
-7.434e-02
-6.443e-02
-5.465e-02
-4.503e-02
-3.560e-02
-2.641e-02
-1.740e-02
-8.613e-03
-2.766e-04
8.458e-03
1.726e-02
2.604e-02
3.487e-02
4.373e-02
5.265e-02
6.157e-02
7.081e-02
8.027e-02
8.996e-02
9.070e-02
-5.073e-02
-5.009e-02
-4.022e-02
-3.061e-02
-2.125e-02
-1.205e-02
-3.279e-03
5.282e-03
1.410e-02
2.285e-02
3.156e-02
4.021e-02
4.883e-02
5.740e-02
6.600e-02
7.482e-02
8.380e-02
9.296e-02
1.023e-01
1.119e-01
1.126e-01
-2.679e-02
-2.612e-02
-1.644e-02
-7.112e-03
1.658e-03
1.079e-02
1.980e-02
2.864e-02
3.737e-02
4.600e-02
5.448e-02
6.280e-02
7.126e-02
7.974e-02
8.829e-02
9.693e-02
1.057e-01
1.147e-01
1.238e-01
1.333e-01
1.339e-01
-3.506e-03
-2.802e-03
6.552e-03
1.601e-02
2.527e-02
3.437e-02
4.328e-02
5.198e-02
6.038e-02
6.885e-02
7.723e-02
8.553e-02
9.379e-02
1.020e-01
1.103e-01
1.186e-01
1.271e-01
1.359e-01
1.449e-01
1.543e-01
1.549e-01
1.991e-02
2.065e-02
3.031e-02
3.974e-02
4.895e-02
5.785e-02
6.655e-02
7.517e-02
8.363e-02
9.194e-02
1.001e-01
1.082e-01
1.161e-01
1.240e-01
1.319e-01
1.400e-01
1.482e-01
1.567e-01
1.655e-01
1.748e-01
1.753e-01
4.379e-02
4.452e-02
5.410e-02
6.332e-02
7.247e-02
8.141e-02
9.013e-02
9.863e-02
1.069e-01
1.150e-01
1.228e-01
1.305e-01
1.382e-01
1.458e-01
1.534e-01
1.610e-01
1.689e-01
1.770e-01
1.855e-01
1.945e-01
1.949e-01
6.751e-02
6.824e-02
7.788e-02
8.723e-02
9.634e-02
1.052e-01
1.138e-01
1.220e-01
1.301e-01
1.380e-01
1.456e-01
1.530e-01
1.603e-01
1.674e-01
1.746e-01
1.817e-01
1.889e-01
1.965e-01
2.045e-01
2.131e-01
2.134e-01
9.166e-02
9.238e-02
1.020e-01
1.113e-01
1.202e-01
1.289e-01
1.374e-01
1.456e-01
1.534e-01
1.610e-01
1.683e-01
1.754e-01
1.822e-01
1.889e-01
1.954e-01
2.017e-01
2.082e-01
2.150e-01
2.222e-01
2.300e-01
2.299e-01
1.159e-01
1.166e-01
1.261e-01
1.353e-01
1.443e-01
1.529e-01
1.613e-01
1.693e-01
1.770e-01
1.843e-01
1.912e-01
1.977e-01
2.042e-01
2.102e-01
2.160e-01
2.210e-01
2.263e-01
2.319e-01
2.379e-01
2.422e-01
2.417e-01
1.402e-01
1.409e-01
1.504e-01
1.596e-01
1.685e-01
1.771e-01
1.853e-01
1.933e-01
2.008e-01
2.078e-01
2.143e-01
2.199e-01
2.262e-01
2.313e-01
2.363e-01
2.388e-01
2.410e-01
2.432e-01
2.458e-01
2.491e-01
2.483e-01
1.648e-01
1.655e-01
1.750e-01
1.841e-01
1.930e-01
2.015e-01
2.097e-01
2.175e-01
2.249e-01
2.316e-01
2.379e-01
2.410e-01
2.435e-01
2.458e-01
2.479e-01
2.496e-01
2.512e-01
2.529e-01
2.548e-01
2.577e-01
2.564e-01
1.730e-01
1.762e-01
1.856e-01
1.948e-01
2.036e-01
2.122e-01
2.203e-01
2.280e-01
2.352e-01
2.408e-01
2.442e-01
2.467e-01
2.489e-01
2.509e-01
2.528e-01
2.545e-01
2.561e-01
2.576e-01
2.593e-01
2.618e-01
2.641e-01
-1.360e-01
-1.295e-01
-1.196e-01
-1.096e-01
-9.966e-02
-8.977e-02
-7.994e-02
-7.016e-02
-6.044e-02
-5.079e-02
-4.128e-02
-3.196e-02
-2.297e-02
-1.438e-02
-5.925e-03
2.538e-03
1.189e-02
2.148e-02
3.123e-02
4.110e-02
4.441e-02
-1.195e-01
-1.189e-01
-1.089e-01
-9.890e-02
-8.896e-02
-7.908e-02
-6.927e-02
-5.953e-02
-4.988e-02
-4.035e-02
-3.107e-02
-2.197e-02
-1.295e-02
-4.332e-03
4.102e-03
1.323e-02
2.266e-02
3.227e-02
4.203e-02
5.191e-02
5.273e-02
-9.436e-02
-9.375e-02
-8.372e-02
-7.371e-02
-6.375e-02
-5.388e-02
-4.412e-02
-3.455e-02
-2.523e-02
-1.602e-02
-7.163e-03
1.173e-03
1.025e-02
1.937e-02
2.854e-02
3.789e-02
4.738e-02
5.703e-02
6.682e-02
7.671e-02
7.755e-02
-6.913e-02
-6.858e-02
-5.854e-02
-4.855e-02
-3.867e-02
-2.908e-02
-1.970e-02
-1.053e-02
-1.857e-03
6.922e-03
1.605e-02
2.517e-02
3.439e-02
4.364e-02
5.295e-02
6.238e-02
7.192e-02
8.160e-02
9.140e-02
1.013e-01
1.021e-01
-4.399e-02
-4.357e-02
-3.370e-02
-2.405e-02
-1.452e-02
-5.445e-03
3.179e-03
1.241e-02
2.162e-02
3.083e-02
4.007e-02
4.929e-02
5.855e-02
6.785e-02
7.722e-02
8.668e-02
9.623e-02
1.059e-01
1.156e-01
1.254e-01
1.263e-01
-2.014e-02
-1.946e-02
-9.892e-03
-9.529e-04
8.263e-03
1.766e-02
2.699e-02
3.633e-02
4.561e-02
5.487e-02
6.412e-02
7.337e-02
8.263e-02
9.193e-02
1.013e-01
1.107e-01
1.202e-01
1.297e-01
1.393e-01
1.488e-01
1.495e-01
2.355e-03
3.131e-03
1.292e-02
2.254e-02
3.210e-02
4.159e-02
5.100e-02
6.035e-02
6.964e-02
7.890e-02
8.812e-02
9.733e-02
1.065e-01
1.157e-01
1.249e-01
1.342e-01
1.435e-01
1.527e-01
1.622e-01
1.720e-01
1.727e-01
2.617e-02
2.698e-02
3.681e-02
4.651e-02
5.612e-02
6.562e-02
7.504e-02
8.437e-02
9.363e-02
1.028e-01
1.119e-01
1.210e-01
1.300e-01
1.390e-01
1.480e-01
1.570e-01
1.663e-01
1.756e-01
1.852e-01
1.949e-01
1.957e-01
5.017e-02
5.100e-02
6.085e-02
7.058e-02
8.019e-02
8.968e-02
9.906e-02
1.083e-01
1.174e-01
1.264e-01
1.354e-01
1.442e-01
1.529e-01
1.618e-01
1.708e-01
1.798e-01
1.890e-01
1.983e-01
2.078e-01
2.174e-01
2.181e-01
7.428e-02
7.511e-02
8.497e-02
9.468e-02
1.042e-01
1.137e-01
1.229e-01
1.319e-01
1.408e-01
1.495e-01
1.582e-01
1.670e-01
1.758e-01
1.846e-01
1.935e-01
2.024e-01
2.114e-01
2.206e-01
2.301e-01
2.397e-01
2.405e-01
9.839e-02
9.923e-02
1.091e-01
1.187e-01
1.281e-01
1.373e-01
1.463e-01
1.551e-01
1.639e-01
1.726e-01
1.813e-01
1.899e-01
1.986e-01
2.072e-01
2.158e-01
2.246e-01
2.336e-01
2.427e-01
2.521e-01
2.617e-01
2.624e-01
1.224e-01
1.232e-01
1.329e-01
1.424e-01
1.514e-01
1.606e-01
1.696e-01
1.784e-01
1.871e-01
1.957e-01
2.042e-01
2.126e-01
2.211e-01
2.296e-01
2.381e-01
2.467e-01
2.555e-01
2.645e-01
2.736e-01
2.831e-01
2.838e-01
1.460e-01
1.468e-01
1.563e-01
1.658e-01
1.750e-01
1.841e-01
1.930e-01
2.017e-01
2.102e-01
2.187e-01
2.270e-01
2.353e-01
2.436e-01
2.518e-01
2.601e-01
2.685e-01
2.770e-01
2.858e-01
2.948e-01
3.042e-01
3.048e-01
1.697e-01
1.704e-01
1.800e-01
1.895e-01
1.987e-01
2.076e-01
2.164e-01
2.250e-01
2.334e-01
2.417e-01
2.499e-01
2.579e-01
2.659e-01
2.738e-01
2.818e-01
2.899e-01
2.981e-01
3.066e-01
3.154e-01
3.247e-01
3.253e-01
1.935e-01
1.942e-01
2.038e-01
2.131e-01
2.223e-01
2.312e-01
2.399e-01
2.484e-01
2.567e-01
2.648e-01
2.726e-01
2.804e-01
2.881e-01
2.957e-01
3.033e-01
3.109e-01
3.188e-01
3.269e-01
3.354e-01
3.444e-01
3.449e-01
2.173e-01
2.181e-01
2.277e-01
2.370e-01
2.461e-01
2.550e-01
2.636e-01
2.718e-01
2.799e-01
2.878e-01
2.954e-01
3.028e-01
3.101e-01
3.173e-01
3.245e-01
3.316e-01
3.389e-01
3.465e-01
3.545e-01
3.631e-01
3.634e-01
2.415e-01
2.422e-01
2.518e-01
2.611e-01
2.700e-01
2.788e-01
2.872e-01
2.954e-01
3.033e-01
3.109e-01
3.182e-01
3.253e-01
3.321e-01
3.388e-01
3.454e-01
3.518e-01
3.583e-01
3.651e-01
3.724e-01
3.801e-01
3.802e-01
2.657e-01
2.664e-01
2.759e-01
2.852e-01
2.941e-01
3.028e-01
3.111e-01
3.192e-01
3.269e-01
3.342e-01
3.411e-01
3.477e-01
3.541e-01
3.602e-01
3.659e-01
3.711e-01
3.764e-01
3.821e-01
3.880e-01
3.936e-01
3.932e-01
2.901e-01
2.907e-01
3.002e-01
3.095e-01
3.184e-01
3.270e-01
3.352e-01
3.432e-01
3.507e-01
3.577e-01
3.642e-01
3.700e-01
3.758e-01
3.809e-01
3.857e-01
3.890e-01
3.921e-01
3.953e-01
3.989e-01
4.034e-01
4.027e-01
3.146e-01
3.153e-01
3.248e-01
3.340e-01
3.429e-01
3.514e-01
3.596e-01
3.675e-01
3.748e-01
3.815e-01
3.876e-01
3.915e-01
3.949e-01
3.979e-01
4.007e-01
4.032e-01
4.056e-01
4.081e-01
4.110e-01
4.151e-01
4.139e-01
3.228e-01
3.260e-01
3.355e-01
3.447e-01
3.535e-01
3.621e-01
3.702e-01
3.780e-01
3.852e-01
3.911e-01
3.956e-01
3.989e-01
4.019e-01
4.046e-01
4.071e-01
4.095e-01
4.117e-01
4.141e-01
4.168e-01
4.205e-01
4.237e-01
1.314e-02
1.979e-02
2.975e-02
3.967e-02
4.954e-02
5.936e-02
6.911e-02
7.878e-02
8.838e-02
9.789e-02
1.073e-01
1.166e-01
1.257e-01
1.347e-01
1.435e-01
1.524e-01
1.617e-01
1.713e-01
1.810e-01
1.909e-01
1.942e-01
2.980e-02
3.064e-02
4.061e-02
5.054e-02
6.042e-02
7.024e-02
7.997e-02
8.963e-02
9.919e-02
1.087e-01
1.180e-01
1.271e-01
1.362e-01
1.451e-01
1.539e-01
1.630e-01
1.725e-01
1.821e-01
1.918e-01
2.017e-01
2.025e-01
5.482e-02
5.566e-02
6.564e-02
7.558e-02
8.545e-02
9.523e-02
1.049e-01
1.145e-01
1.238e-01
1.331e-01
1.422e-01
1.510e-01
1.600e-01
1.692e-01
1.783e-01
1.877e-01
1.972e-01
2.068e-01
2.166e-01
2.264e-01
2.273e-01
7.980e-02
8.065e-02
9.061e-02
1.005e-01
1.103e-01
1.200e-01
1.294e-01
1.387e-01
1.477e-01
1.567e-01
1.658e-01
1.750e-01
1.842e-01
1.934e-01
2.027e-01
2.121e-01
2.217e-01
2.313e-01
2.411e-01
2.510e-01
2.518e-01
1.046e-01
1.054e-01
1.153e-01
1.250e-01
1.346e-01
1.439e-01
1.530e-01
1.622e-01
1.714e-01
1.806e-01
1.898e-01
1.991e-01
2.083e-01
2.176e-01
2.269e-01
2.364e-01
2.459e-01
2.555e-01
2.652e-01
2.751e-01
2.758e-01
1.289e-01
1.296e-01
1.393e-01
1.487e-01
1.580e-01
1.674e-01
1.768e-01
1.861e-01
1.954e-01
2.046e-01
2.139e-01
2.231e-01
2.323e-01
2.416e-01
2.509e-01
2.603e-01
2.698e-01
2.793e-01
2.889e-01
2.985e-01
2.993e-01
1.522e-01
1.529e-01
1.627e-01
1.723e-01
1.819e-01
1.914e-01
2.008e-01
2.101e-01
2.194e-01
2.286e-01
2.378e-01
2.470e-01
2.562e-01
2.654e-01
2.745e-01
2.838e-01
2.931e-01
3.024e-01
3.120e-01
3.217e-01
3.225e-01
1.760e-01
1.768e-01
1.866e-01
1.963e-01
2.059e-01
2.154e-01
2.248e-01
2.341e-01
2.433e-01
2.525e-01
2.616e-01
2.706e-01
2.796e-01
2.887e-01
2.977e-01
3.068e-01
3.160e-01
3.254e-01
3.349e-01
3.447e-01
3.454e-01
2.000e-01
2.008e-01
2.106e-01
2.203e-01
2.299e-01
2.394e-01
2.487e-01
2.579e-01
2.670e-01
2.760e-01
2.850e-01
2.938e-01
3.026e-01
3.115e-01
3.205e-01
3.296e-01
3.388e-01
3.481e-01
3.576e-01
3.672e-01
3.679e-01
2.240e-01
2.248e-01
2.347e-01
2.444e-01
2.539e-01
2.633e-01
2.725e-01
2.816e-01
2.905e-01
2.992e-01
3.080e-01
3.168e-01
3.255e-01
3.344e-01
3.432e-01
3.522e-01
3.612e-01
3.704e-01
3.799e-01
3.895e-01
3.903e-01
2.481e-01
2.489e-01
2.587e-01
2.683e-01
2.777e-01
2.869e-01
2.960e-01
3.048e-01
3.136e-01
3.224e-01
3.310e-01
3.397e-01
3.483e-01
3.569e-01
3.656e-01
3.744e-01
3.834e-01
3.925e-01
4.019e-01
4.115e-01
4.122e-01
2.720e-01
2.728e-01
2.825e-01
2.920e-01
3.012e-01
3.103e-01
3.193e-01
3.281e-01
3.369e-01
3.455e-01
3.540e-01
3.624e-01
3.709e-01
3.794e-01
3.879e-01
3.965e-01
4.053e-01
4.143e-01
4.235e-01
4.330e-01
4.337e-01
2.957e-01
2.965e-01
3.061e-01
3.155e-01
3.248e-01
3.338e-01
3.427e-01
3.515e-01
3.600e-01
3.685e-01
3.768e-01
3.851e-01
3.934e-01
4.016e-01
4.099e-01
4.183e-01
4.268e-01
4.356e-01
4.447e-01
4.541e-01
4.547e-01
3.194e-01
3.202e-01
3.298e-01
3.392e-01
3.484e-01
3.574e-01
3.662e-01
3.748e-01
3.832e-01
3.915e-01
3.997e-01
4.078e-01
4.157e-01
4.237e-01
4.317e-01
4.398e-01
4.480e-01
4.565e-01
4.654e-01
4.746e-01
4.752e-01
3.433e-01
3.440e-01
3.536e-01
3.629e-01
3.721e-01
3.810e-01
3.897e-01
3.982e-01
4.065e-01
4.146e-01
4.225e-01
4.303e-01
4.379e-01
4.456e-01
4.532e-01
4.609e-01
4.687e-01
4.769e-01
4.854e-01
4.944e-01
4.949e-01
3.671e-01
3.679e-01
3.775e-01
3.868e-01
3.959e-01
4.048e-01
4.134e-01
4.217e-01
4.298e-01
4.376e-01
4.453e-01
4.527e-01
4.601e-01
4.673e-01
4.744e-01
4.816e-01
4.889e-01
4.966e-01
5.046e-01
5.133e-01
5.136e-01
3.913e-01
3.920e-01
4.016e-01
4.109e-01
4.199e-01
4.286e-01
4.371e-01
4.453e-01
4.532e-01
4.608e-01
4.681e-01
4.752e-01
4.821e-01
4.888e-01
4.954e-01
5.018e-01
5.084e-01
5.153e-01
5.226e-01
5.305e-01
5.306e-01
4.155e-01
4.162e-01
4.257e-01
4.350e-01
4.440e-01
4.526e-01
4.610e-01
4.690e-01
4.768e-01
4.841e-01
4.911e-01
4.977e-01
5.041e-01
5.102e-01
5.160e-01
5.214e-01
5.268e-01
5.326e-01
5.387e-01
5.451e-01
5.448e-01
4.399e-01
4.406e-01
4.501e-01
4.593e-01
4.682e-01
4.768e-01
4.851e-01
4.931e-01
5.006e-01
5.076e-01
5.142e-01
5.200e-01
5.257e-01
5.309e-01
5.358e-01
5.397e-01
5.434e-01
5.474e-01
5.518e-01
5.573e-01
5.567e-01
4.645e-01
4.652e-01
4.747e-01
4.839e-01
4.928e-01
5.013e-01
5.096e-01
5.174e-01
5.248e-01
5.315e-01
5.375e-01
5.420e-01
5.461e-01
5.497e-01
5.532e-01
5.563e-01
5.594e-01
5.626e-01
5.664e-01
5.715e-01
5.705e-01
4.727e-01
4.759e-01
4.854e-01
4.946e-01
5.034e-01
5.120e-01
5.202e-01
5.279e-01
5.352e-01
5.414e-01
5.465e-01
5.506e-01
5.542e-01
5.575e-01
5.606e-01
5.636e-01
5.665e-01
5.696e-01
5.732e-01
5.779e-01
5.819e-01
3.127e-01
3.193e-01
3.293e-01
3.392e-01
3.490e-01
3.588e-01
3.684e-01
3.781e-01
3.876e-01
3.970e-01
4.064e-01
4.156e-01
4.248e-01
4.338e-01
4.428e-01
4.520e-01
4.614e-01
4.709e-01
4.807e-01
4.905e-01
4.938e-01
3.293e-01
3.301e-01
3.401e-01
3.500e-01
3.598e-01
3.696e-01
3.792e-01
3.888e-01
3.983e-01
4.077e-01
4.170e-01
4.262e-01
4.353e-01
4.444e-01
4.534e-01
4.626e-01
4.721e-01
4.817e-01
4.914e-01
5.013e-01
5.020e-01
3.543e-01
3.551e-01
3.650e-01
3.749e-01
3.847e-01
3.944e-01
4.040e-01
4.135e-01
4.229e-01
4.322e-01
4.413e-01
4.504e-01
4.595e-01
4.687e-01
4.779e-01
4.873e-01
4.967e-01
5.064e-01
5.161e-01
5.259e-01
5.267e-01
3.791e-01
3.799e-01
3.898e-01
3.996e-01
4.094e-01
4.190e-01
4.284e-01
4.378e-01
4.470e-01
4.562e-01
4.653e-01
4.745e-01
4.837e-01
4.929e-01
5.023e-01
5.117e-01
5.212e-01
5.308e-01
5.405e-01
5.504e-01
5.512e-01
4.037e-01
4.045e-01
4.144e-01
4.241e-01
4.337e-01
4.431e-01
4.524e-01
4.617e-01
4.709e-01
4.802e-01
4.894e-01
4.986e-01
5.078e-01
5.171e-01
5.264e-01
5.358e-01
5.453e-01
5.549e-01
5.646e-01
5.744e-01
5.752e-01
4.279e-01
4.287e-01
4.385e-01
4.480e-01
4.575e-01
4.669e-01
4.763e-01
4.856e-01
4.949e-01
5.041e-01
5.134e-01
5.226e-01
5.318e-01
5.410e-01
5.503e-01
5.597e-01
5.691e-01
5.786e-01
5.883e-01
5.980e-01
5.987e-01
4.517e-01
4.524e-01
4.622e-01
4.719e-01
4.814e-01
4.909e-01
5.003e-01
5.096e-01
5.188e-01
5.281e-01
5.372e-01
5.464e-01
5.555e-01
5.647e-01
5.739e-01
5.832e-01
5.925e-01
6.019e-01
6.115e-01
6.212e-01
6.220e-01
4.755e-01
4.763e-01
4.861e-01
4.958e-01
5.054e-01
5.148e-01
5.242e-01
5.335e-01
5.427e-01
5.518e-01
5.609e-01
5.700e-01
5.790e-01
5.880e-01
5.971e-01
6.063e-01
6.155e-01
6.249e-01
6.345e-01
6.442e-01
6.449e-01
4.995e-01
5.003e-01
5.101e-01
5.198e-01
5.293e-01
5.388e-01
5.481e-01
5.573e-01
5.664e-01
5.754e-01
5.843e-01
5.933e-01
6.021e-01
6.111e-01
6.200e-01
6.291e-01
6.383e-01
6.477e-01
6.572e-01
6.668e-01
6.676e-01
5.235e-01
5.243e-01
5.341e-01
5.438e-01
5.533e-01
5.626e-01
5.718e-01
5.809e-01
5.899e-01
5.987e-01
6.075e-01
6.163e-01
6.251e-01
6.339e-01
6.428e-01
6.517e-01
6.608e-01
6.701e-01
6.795e-01
6.892e-01
6.899e-01
5.475e-01
5.483e-01
5.581e-01
5.676e-01
5.770e-01
5.863e-01
5.954e-01
6.043e-01
6.131e-01
6.219e-01
6.306e-01
6.392e-01
6.479e-01
6.565e-01
6.653e-01
6.741e-01
6.831e-01
6.922e-01
7.016e-01
7.112e-01
7.118e-01
5.714e-01
5.722e-01
5.819e-01
5.914e-01
6.007e-01
6.098e-01
6.188e-01
6.277e-01
6.364e-01
6.450e-01
6.536e-01
6.621e-01
6.705e-01
6.790e-01
6.876e-01
6.962e-01
7.050e-01
7.140e-01
7.232e-01
7.327e-01
7.334e-01
5.952e-01
5.959e-01
6.056e-01
6.150e-01
6.243e-01
6.334e-01
6.423e-01
6.510e-01
6.596e-01
6.681e-01
6.765e-01
6.848e-01
6.931e-01
7.013e-01
7.096e-01
7.180e-01
7.266e-01
7.354e-01
7.445e-01
7.539e-01
7.545e-01
6.190e-01
6.197e-01
6.293e-01
6.388e-01
6.480e-01
6.570e-01
6.658e-01
6.744e-01
6.829e-01
6.912e-01
6.994e-01
7.074e-01
7.154e-01
7.234e-01
7.315e-01
7.396e-01
7.479e-01
7.564e-01
7.653e-01
7.746e-01
7.751e-01
6.428e-01
6.436e-01
6.532e-01
6.625e-01
6.717e-01
6.806e-01
6.894e-01
6.979e-01
7.062e-01
7.143e-01
7.222e-01
7.300e-01
7.377e-01
7.454e-01
7.531e-01
7.608e-01
7.687e-01
7.769e-01
7.855e-01
7.946e-01
7.951e-01
6.668e-01
6.675e-01
6.771e-01
6.865e-01
6.956e-01
7.044e-01
7.130e-01
7.214e-01
7.295e-01
7.374e-01
7.451e-01
7.526e-01
7.599e-01
7.672e-01
7.744e-01
7.817e-01
7.891e-01
7.968e-01
8.050e-01
8.137e-01
8.141e-01
6.909e-01
6.916e-01
7.012e-01
7.105e-01
7.195e-01
7.283e-01
7.368e-01
7.450e-01
7.530e-01
7.606e-01
7.680e-01
7.751e-01
7.821e-01
7.889e-01
7.955e-01
8.022e-01
8.089e-01
8.160e-01
8.235e-01
8.318e-01
8.319e-01
7.152e-01
7.159e-01
7.254e-01
7.347e-01
7.437e-01
7.524e-01
7.608e-01
7.688e-01
7.766e-01
7.840e-01
7.910e-01
7.977e-01
8.042e-01
8.104e-01
8.164e-01
8.222e-01
8.280e-01
8.342e-01
8.408e-01
8.483e-01
8.482e-01
7.396e-01
7.403e-01
7.498e-01
7.591e-01
7.680e-01
7.766e-01
7.849e-01
7.929e-01
8.005e-01
8.076e-01
8.143e-01
8.204e-01
8.262e-01
8.317e-01
8.368e-01
8.417e-01
8.464e-01
8.515e-01
8.572e-01
8.640e-01
8.637e-01
7.642e-01
7.649e-01
7.744e-01
7.837e-01
7.926e-01
8.012e-01
8.094e-01
8.173e-01
8.247e-01
8.316e-01
8.378e-01
8.432e-01
8.481e-01
8.527e-01
8.571e-01
8.612e-01
8.655e-01
8.700e-01
8.751e-01
8.815e-01
8.810e-01
7.724e-01
7.756e-01
7.851e-01
7.943e-01
8.032e-01
8.118e-01
8.200e-01
8.279e-01
8.352e-01
8.418e-01
8.477e-01
8.528e-01
8.574e-01
8.617e-01
8.658e-01
8.699e-01
8.739e-01
8.783e-01
8.832e-01
8.894e-01
8.942e-01
6.123e-01
6.189e-01
6.288e-01
6.387e-01
6.485e-01
6.582e-01
6.678e-01
6.774e-01
6.869e-01
6.963e-01
7.056e-01
7.148e-01
7.240e-01
7.331e-01
7.423e-01
7.516e-01
7.610e-01
7.706e-01
7.803e-01
7.901e-01
7.934e-01
6.289e-01
6.297e-01
6.396e-01
6.494e-01
6.592e-01
6.689e-01
6.786e-01
6.881e-01
6.976e-01
7.069e-01
7.162e-01
7.254e-01
7.346e-01
7.438e-01
7.530e-01
7.623e-01
7.717e-01
7.813e-01
7.910e-01
8.009e-01
8.016e-01
6.537e-01
6.545e-01
6.644e-01
6.743e-01
6.840e-01
6.937e-01
7.033e-01
7.127e-01
7.221e-01
7.314e-01
7.407e-01
7.498e-01
7.590e-01
7.682e-01
7.775e-01
7.869e-01
7.963e-01
8.059e-01
8.157e-01
8.255e-01
8.263e-01
6.785e-01
6.793e-01
6.891e-01
6.989e-01
7.086e-01
7.182e-01
7.277e-01
7.371e-01
7.464e-01
7.556e-01
7.648e-01
7.740e-01
7.833e-01
7.925e-01
8.018e-01
8.112e-01
8.207e-01
8.303e-01
8.400e-01
8.499e-01
8.506e-01
7.030e-01
7.038e-01
7.136e-01
7.233e-01
7.329e-01
7.424e-01
7.518e-01
7.612e-01
7.704e-01
7.797e-01
7.889e-01
7.981e-01
8.074e-01
8.166e-01
8.259e-01
8.353e-01
8.448e-01
8.544e-01
8.641e-01
8.739e-01
8.746e-01
7.272e-01
7.280e-01
7.378e-01
7.474e-01
7.570e-01
7.665e-01
7.758e-01
7.852e-01
7.944e-01
8.037e-01
8.129e-01
8.221e-01
8.313e-01
8.405e-01
8.498e-01
8.592e-01
8.686e-01
8.781e-01
8.878e-01
8.975e-01
8.983e-01
7.512e-01
7.519e-01
7.617e-01
7.714e-01
7.810e-01
7.904e-01
7.998e-01
8.091e-01
8.184e-01
8.276e-01
8.367e-01
8.459e-01
8.550e-01
8.642e-01
8.734e-01
8.827e-01
8.920e-01
9.015e-01
9.111e-01
9.208e-01
9.216e-01
7.751e-01
7.759e-01
7.857e-01
7.954e-01
8.049e-01
8.144e-01
8.237e-01
8.330e-01
8.422e-01
8.513e-01
8.604e-01
8.694e-01
8.785e-01
8.875e-01
8.966e-01
9.058e-01
9.151e-01
9.245e-01
9.341e-01
9.438e-01
9.445e-01
7.991e-01
7.999e-01
8.097e-01
8.193e-01
8.289e-01
8.383e-01
8.476e-01
8.568e-01
8.659e-01
8.749e-01
8.838e-01
8.928e-01
9.017e-01
9.106e-01
9.196e-01
9.287e-01
9.379e-01
9.473e-01
9.568e-01
9.665e-01
9.672e-01
8.231e-01
8.238e-01
8.336e-01
8.432e-01
8.527e-01
8.621e-01
8.713e-01
8.804e-01
8.893e-01
8.982e-01
9.071e-01
9.159e-01
9.247e-01
9.335e-01
9.424e-01
9.514e-01
9.605e-01
9.697e-01
9.792e-01
9.888e-01
9.896e-01
8.470e-01
8.478e-01
8.575e-01
8.671e-01
8.765e-01
8.858e-01
8.949e-01
9.038e-01
9.127e-01
9.215e-01
9.302e-01
9.389e-01
9.475e-01
9.562e-01
9.649e-01
9.738e-01
9.828e-01
9.919e-01
1.001e+00
1.011e+00
1.012e+00
8.709e-01
8.716e-01
8.814e-01
8.909e-01
9.002e-01
9.094e-01
9.184e-01
9.273e-01
9.360e-01
9.447e-01
9.532e-01
9.617e-01
9.702e-01
9.787e-01
9.873e-01
9.959e-01
1.005e+00
1.014e+00
1.023e+00
1.033e+00
1.033e+00
8.947e-01
8.955e-01
9.051e-01
9.146e-01
9.239e-01
9.330e-01
9.419e-01
9.507e-01
9.593e-01
9.678e-01
9.762e-01
9.845e-01
9.928e-01
1.001e+00
1.009e+00
1.018e+00
1.026e+00
1.035e+00
1.044e+00
1.054e+00
1.054e+00
9.186e-01
9.193e-01
9.289e-01
9.384e-01
9.476e-01
9.566e-01
9.654e-01
9.741e-01
9.826e-01
9.909e-01
9.991e-01
1.007e+00
1.015e+00
1.023e+00
1.031e+00
1.039e+00
1.048e+00
1.056e+00
1.065e+00
1.075e+00
1.075e+00
9.425e-01
9.432e-01
9.528e-01
9.622e-01
9.714e-01
9.803e-01
9.890e-01
9.976e-01
1.006e+00
1.014e+00
1.022e+00
1.030e+00
1.038e+00
1.045e+00
1.053e+00
1.061e+00
1.069e+00
1.077e+00
1.086e+00
1.095e+00
1.095e+00
9.665e-01
9.672e-01
9.768e-01
9.861e-01
9.952e-01
1.004e+00
1.013e+00
1.021e+00
1.029e+00
1.037e+00
1.045e+00
1.052e+00
1.060e+00
1.067e+00
1.075e+00
1.082e+00
1.089e+00
1.097e+00
1.106e+00
1.114e+00
1.115e+00
9.906e-01
9.913e-01
1.001e+00
1.010e+00
1.019e+00
1.028e+00
1.037e+00
1.045e+00
1.053e+00
1.060e+00
1.068e+00
1.075e+00
1.082e+00
1.089e+00
1.096e+00
1.103e+00
1.110e+00
1.117e+00
1.125e+00
1.133e+00
1.133e+00
1.015e+00
1.016e+00
1.025e+00
1.034e+00
1.043e+00
1.052e+00
1.061e+00
1.069e+00
1.076e+00
1.084e+00
1.091e+00
1.098e+00
1.104e+00
1.111e+00
1.117e+00
1.123e+00
1.129e+00
1.136e+00
1.143e+00
1.151e+00
1.151e+00
1.039e+00
1.040e+00
1.050e+00
1.059e+00
1.068e+00
1.076e+00
1.085e+00
1.093e+00
1.100e+00
1.108e+00
1.114e+00
1.121e+00
1.127e+00
1.133e+00
1.138e+00
1.144e+00
1.149e+00
1.155e+00
1.162e+00
1.169e+00
1.169e+00
1.064e+00
1.065e+00
1.074e+00
1.083e+00
1.092e+00
1.101e+00
1.109e+00
1.117e+00
1.125e+00
1.132e+00
1.138e+00
1.144e+00
1.150e+00
1.155e+00
1.160e+00
1.165e+00
1.170e+00
1.176e+00
1.182e+00
1.189e+00
1.189e+00
1.072e+00
1.075e+00
1.085e+00
1.094e+00
1.103e+00
1.112e+00
1.120e+00
1.128e+00
1.135e+00
1.142e+00
1.148e+00
1.154e+00
1.160e+00
1.165e+00
1.170e+00
1.174e+00
1.179e+00
1.185e+00
1.191e+00
1.198e+00
1.203e+00
1.211e+00
1.218e+00
1.228e+00
1.238e+00
1.248e+00
1.257e+00
1.267e+00
1.276e+00
1.286e+00
1.295e+00
1.304e+00
1.314e+00
1.323e+00
1.332e+00
1.342e+00
1.351e+00
1.360e+00
1.370e+00
1.380e+00
1.390e+00
1.393e+00
1.228e+00
1.229e+00
1.239e+00
1.249e+00
1.258e+00
1.268e+00
1.278e+00
1.287e+00
1.296e+00
1.306e+00
1.315e+00
1.324e+00
1.334e+00
1.343e+00
1.352e+00
1.362e+00
1.371e+00
1.381e+00
1.390e+00
1.400e+00
1.401e+00
1.253e+00
1.254e+00
1.264e+00
1.273e+00
1.283e+00
1.293e+00
1.302e+00
1.312e+00
1.321e+00
1.330e+00
1.340e+00
1.349e+00
1.358e+00
1.367e+00
1.377e+00
1.386e+00
1.396e+00
1.405e+00
1.415e+00
1.425e+00
1.426e+00
1.277e+00
1.278e+00
1.288e+00
1.298e+00
1.308e+00
1.317e+00
1.327e+00
1.336e+00
1.345e+00
1.355e+00
1.364e+00
1.373e+00
1.382e+00
1.392e+00
1.401e+00
1.411e+00
1.420e+00
1.430e+00
1.439e+00
1.449e+00
1.450e+00
1.302e+00
1.303e+00
1.313e+00
1.322e+00
1.332e+00
1.341e+00
1.351e+00
1.360e+00
1.370e+00
1.379e+00
1.388e+00
1.397e+00
1.407e+00
1.416e+00
1.425e+00
1.435e+00
1.444e+00
1.454e+00
1.463e+00
1.473e+00
1.474e+00
1.326e+00
1.327e+00
1.337e+00
1.347e+00
1.356e+00
1.366e+00
1.375e+00
1.384e+00
1.394e+00
1.403e+00
1.412e+00
1.421e+00
1.431e+00
1.440e+00
1.449e+00
1.458e+00
1.468e+00
1.477e+00
1.487e+00
1.497e+00
1.498e+00
1.350e+00
1.351e+00
1.361e+00
1.371e+00
1.380e+00
1.390e+00
1.399e+00
1.408e+00
1.418e+00
1.427e+00
1.436e+00
1.445e+00
1.454e+00
1.463e+00
1.473e+00
1.482e+00
1.491e+00
1.501e+00
1.510e+00
1.520e+00
1.521e+00
1.374e+00
1.375e+00
1.385e+00
1.395e+00
1.404e+00
1.414e+00
1.423e+00
1.432e+00
1.441e+00
1.451e+00
1.460e+00
1.469e+00
1.478e+00
1.487e+00
1.496e+00
1.505e+00
1.514e+00
1.524e+00
1.533e+00
1.543e+00
1.544e+00
1.398e+00
1.399e+00
1.409e+00
1.419e+00
1.428e+00
1.437e+00
1.447e+00
1.456e+00
1.465e+00
1.474e+00
1.483e+00
1.492e+00
1.501e+00
1.510e+00
1.519e+00
1.528e+00
1.537e+00
1.547e+00
1.556e+00
1.566e+00
1.567e+00
1.422e+00
1.423e+00
1.433e+00
1.442e+00
1.452e+00
1.461e+00
1.470e+00
1.480e+00
1.489e+00
1.497e+00
1.506e+00
1.515e+00
1.524e+00
1.533e+00
1.542e+00
1.551e+00
1.560e+00
1.569e+00
1.579e+00
1.588e+00
1.589e+00
1.446e+00
1.447e+00
1.457e+00
1.466e+00
1.476e+00
1.485e+00
1.494e+00
1.503e+00
1.512e+00
1.521e+00
1.530e+00
1.538e+00
1.547e+00
1.556e+00
1.564e+00
1.573e+00
1.582e+00
1.591e+00
1.601e+00
1.610e+00
1.611e+00
1.470e+00
1.471e+00
1.481e+00
1.490e+00
1.499e+00
1.509e+00
1.518e+00
1.527e+00
1.535e+00
1.544e+00
1.553e+00
1.561e+00
1.570e+00
1.578e+00
1.587e+00
1.596e+00
1.604e+00
1.613e+00
1.623e+00
1.632e+00
1.633e+00
1.494e+00
1.495e+00
1.504e+00
1.514e+00
1.523e+00
1.532e+00
1.541e+00
1.550e+00
1.559e+00
1.567e+00
1.576e+00
1.584e+00
1.592e+00
1.601e+00
1.609e+00
1.618e+00
1.626e+00
1.635e+00
1.644e+00
1.654e+00
1.654e+00
1.518e+00
1.519e+00
1.528e+00
1.538e+00
1.547e+00
1.556e+00
1.565e+00
1.574e+00
1.582e+00
1.590e+00
1.599e+00
1.607e+00
1.615e+00
1.623e+00
1.631e+00
1.639e+00
1.648e+00
1.656e+00
1.665e+00
1.675e+00
1.675e+00
1.542e+00
1.543e+00
1.552e+00
1.562e+00
1.571e+00
1.580e+00
1.589e+00
1.597e+00
1.605e+00
1.614e+00
1.622e+00
1.630e+00
1.637e+00
1.645e+00
1.653e+00
1.661e+00
1.669e+00
1.677e+00
1.686e+00
1.695e+00
1.696e+00
1.566e+00
1.567e+00
1.576e+00
1.586e+00
1.595e+00
1.604e+00
1.612e+00
1.621e+00
1.629e+00
1.637e+00
1.645e+00
1.652e+00
1.660e+00
1.667e+00
1.675e+00
1.682e+00
1.690e+00
1.698e+00
1.707e+00
1.716e+00
1.716e+00
1.590e+00
1.591e+00
1.600e+00
1.610e+00
1.619e+00
1.628e+00
1.636e+00
1.644e+00
1.652e+00
1.660e+00
1.668e+00
1.675e+00
1.682e+00
1.690e+00
1.697e+00
1.704e+00
1.711e+00
1.719e+00
1.727e+00
1.736e+00
1.736e+00
1.614e+00
1.615e+00
1.625e+00
1.634e+00
1.643e+00
1.652e+00
1.660e+00
1.668e+00
1.676e+00
1.684e+00
1.691e+00
1.698e+00
1.705e+00
1.712e+00
1.719e+00
1.725e+00
1.732e+00
1.740e+00
1.747e+00
1.756e+00
1.756e+00
1.639e+00
1.640e+00
1.649e+00
1.658e+00
1.667e+00
1.676e+00
1.685e+00
1.693e+00
1.700e+00
1.708e+00
1.715e+00
1.722e+00
1.728e+00
1.735e+00
1.741e+00
1.747e+00
1.754e+00
1.761e+00
1.768e+00
1.777e+00
1.777e+00
1.664e+00
1.664e+00
1.674e+00
1.683e+00
1.692e+00
1.701e+00
1.709e+00
1.717e+00
1.725e+00
1.732e+00
1.739e+00
1.746e+00
1.752e+00
1.758e+00
1.764e+00
1.770e+00
1.776e+00
1.783e+00
1.790e+00
1.799e+00
1.799e+00
1.672e+00
1.675e+00
1.685e+00
1.694e+00
1.703e+00
1.711e+00
1.720e+00
1.728e+00
1.735e+00
1.743e+00
1.749e+00
1.756e+00
1.762e+00
1.768e+00
1.774e+00
1.780e+00
1.786e+00
1.793e+00
1.800e+00
1.808e+00
1.814e+00
1.811e+00
1.818e+00
1.827e+00
1.837e+00
1.847e+00
1.857e+00
1.866e+00
1.876e+00
1.885e+00
1.894e+00
1.904e+00
1.913e+00
1.922e+00
1.932e+00
1.941e+00
1.950e+00
1.960e+00
1.970e+00
1.979e+00
1.989e+00
1.992e+00
1.828e+00
1.828e+00
1.838e+00
1.848e+00
1.858e+00
1.867e+00
1.877e+00
1.886e+00
1.896e+00
1.905e+00
1.914e+00
1.924e+00
1.933e+00
1.942e+00
1.952e+00
1.961e+00
1.971e+00
1.980e+00
1.990e+00
2.000e+00
2.001e+00
1.852e+00
1.853e+00
1.863e+00
1.873e+00
1.882e+00
1.892e+00
1.902e+00
1.911e+00
1.920e+00
1.930e+00
1.939e+00
1.948e+00
1.958e+00
1.967e+00
1.976e+00
1.986e+00
1.995e+00
2.005e+00
2.015e+00
2.024e+00
2.025e+00
1.877e+00
1.878e+00
1.888e+00
1.897e+00
1.907e+00
1.917e+00
1.926e+00
1.935e+00
1.945e+00
1.954e+00
1.963e+00
1.973e+00
1.982e+00
1.991e+00
2.001e+00
2.010e+00
2.020e+00
2.029e+00
2.039e+00
2.049e+00
2.049e+00
1.901e+00
1.902e+00
1.912e+00
1.922e+00
1.931e+00
1.941e+00
1.950e+00
1.960e+00
1.969e+00
1.978e+00
1.988e+00
1.997e+00
2.006e+00
2.015e+00
2.025e+00
2.034e+00
2.044e+00
2.053e+00
2.063e+00
2.073e+00
2.073e+00
1.926e+00
1.926e+00
1.936e+00
1.946e+00
1.956e+00
1.965e+00
1.974e+00
1.984e+00
1.993e+00
2.002e+00
2.012e+00
2.021e+00
2.030e+00
2.039e+00
2.049e+00
2.058e+00
2.067e+00
2.077e+00
2.087e+00
2.096e+00
2.097e+00
1.950e+00
1.951e+00
1.960e+00
1.970e+00
1.980e+00
1.989e+00
1.999e+00
2.008e+00
2.017e+00
2.026e+00
2.035e+00
2.045e+00
2.054e+00
2.063e+00
2.072e+00
2.081e+00
2.091e+00
2.100e+00
2.110e+00
2.120e+00
2.120e+00
1.974e+00
1.975e+00
1.984e+00
1.994e+00
2.004e+00
2.013e+00
2.022e+00
2.032e+00
2.041e+00
2.050e+00
2.059e+00
2.068e+00
2.077e+00
2.086e+00
2.095e+00
2.105e+00
2.114e+00
2.123e+00
2.133e+00
2.143e+00
2.144e+00
1.998e+00
1.999e+00
2.008e+00
2.018e+00
2.028e+00
2.037e+00
2.046e+00
2.055e+00
2.065e+00
2.074e+00
2.083e+00
2.092e+00
2.100e+00
2.109e+00
2.118e+00
2.128e+00
2.137e+00
2.146e+00
2.156e+00
2.166e+00
2.166e+00
2.022e+00
2.023e+00
2.032e+00
2.042e+00
2.051e+00
2.061e+00
2.070e+00
2.079e+00
2.088e+00
2.097e+00
2.106e+00
2.115e+00
2.124e+00
2.132e+00
2.141e+00
2.150e+00
2.160e+00
2.169e+00
2.178e+00
2.188e+00
2.189e+00
2.046e+00
2.046e+00
2.056e+00
2.066e+00
2.075e+00
2.085e+00
2.094e+00
2.103e+00
2.112e+00
2.120e+00
2.129e+00
2.138e+00
2.147e+00
2.155e+00
2.164e+00
2.173e+00
2.182e+00
2.191e+00
2.201e+00
2.210e+00
2.211e+00
2.070e+00
2.070e+00
2.080e+00
2.090e+00
2.099e+00
2.108e+00
2.117e+00
2.126e+00
2.135e+00
2.144e+00
2.152e+00
2.161e+00
2.169e+00
2.178e+00
2.186e+00
2.195e+00
2.204e+00
2.213e+00
2.222e+00
2.232e+00
2.233e+00
2.094e+00
2.094e+00
2.104e+00
2.113e+00
2.123e+00
2.132e+00
2.141e+00
2.150e+00
2.158e+00
2.167e+00
2.175e+00
2.184e+00
2.192e+00
2.200e+00
2.209e+00
2.217e+00
2.226e+00
2.235e+00
2.244e+00
2.254e+00
2.254e+00
2.117e+00
2.118e+00
2.128e+00
2.137e+00
2.147e+00
2.156e+00
2.164e+00
2.173e+00
2.182e+00
2.190e+00
2.198e+00
2.207e+00
2.215e+00
2.223e+00
2.231e+00
2.239e+00
2.248e+00
2.256e+00
2.265e+00
2.275e+00
2.276e+00
2.141e+00
2.142e+00
2.152e+00
2.161e+00
2.170e+00
2.179e+00
2.188e+00
2.197e+00
2.205e+00
2.213e+00
2.221e+00
2.229e+00
2.237e+00
2.245e+00
2.253e+00
2.261e+00
2.269e+00
2.278e+00
2.287e+00
2.296e+00
2.297e+00
2.166e+00
2.166e+00
2.176e+00
2.185e+00
2.194e+00
2.203e+00
2.212e+00
2.220e+00
2.229e+00
2.237e+00
2.245e+00
2.252e+00
2.260e+00
2.267e+00
2.275e+00
2.283e+00
2.291e+00
2.299e+00
2.308e+00
2.317e+00
2.317e+00
2.190e+00
2.190e+00
2.200e+00
2.209e+00
2.219e+00
2.227e+00
2.236e+00
2.244e+00
2.252e+00
2.260e+00
2.268e+00
2.275e+00
2.283e+00
2.290e+00
2.297e+00
2.305e+00
2.312e+00
2.320e+00
2.329e+00
2.338e+00
2.338e+00
2.214e+00
2.215e+00
2.224e+00
2.234e+00
2.243e+00
2.252e+00
2.260e+00
2.268e+00
2.276e+00
2.284e+00
2.291e+00
2.299e+00
2.306e+00
2.313e+00
2.320e+00
2.327e+00
2.334e+00
2.342e+00
2.350e+00
2.359e+00
2.359e+00
2.239e+00
2.239e+00
2.249e+00
2.258e+00
2.267e+00
2.276e+00
2.284e+00
2.292e+00
2.300e+00
2.308e+00
2.315e+00
2.322e+00
2.329e+00
2.336e+00
2.343e+00
2.349e+00
2.356e+00
2.364e+00
2.372e+00
2.381e+00
2.381e+00
2.263e+00
2.264e+00
2.274e+00
2.283e+00
2.292e+00
2.301e+00
2.309e+00
2.317e+00
2.325e+00
2.332e+00
2.339e+00
2.346e+00
2.353e+00
2.360e+00
2.366e+00
2.373e+00
2.380e+00
2.387e+00
2.395e+00
2.403e+00
2.404e+00
2.272e+00
2.275e+00
2.284e+00
2.294e+00
2.303e+00
2.311e+00
2.320e+00
2.328e+00
2.335e+00
2.343e+00
2.350e+00
2.357e+00
2.363e+00
2.370e+00
2.376e+00
2.383e+00
2.390e+00
2.397e+00
2.405e+00
2.413e+00
2.419e+00
2.471e+00
2.477e+00
2.487e+00
2.497e+00
2.507e+00
2.516e+00
2.526e+00
2.535e+00
2.545e+00
2.554e+00
2.563e+00
2.573e+00
2.582e+00
2.591e+00
2.601e+00
2.610e+00
2.620e+00
2.629e+00
2.639e+00
2.649e+00
2.652e+00
2.487e+00
2.488e+00
2.498e+00
2.508e+00
2.517e+00
2.527e+00
2.537e+00
2.546e+00
2.555e+00
2.565e+00
2.574e+00
2.583e+00
2.593e+00
2.602e+00
2.611e+00
2.621e+00
2.630e+00
2.640e+00
2.650e+00
2.660e+00
2.660e+00
2.512e+00
2.513e+00
2.523e+00
2.532e+00
2.542e+00
2.552e+00
2.561e+00
2.571e+00
2.580e+00
2.589e+00
2.599e+00
2.608e+00
2.617e+00
2.627e+00
2.636e+00
2.646e+00
2.655e+00
2.665e+00
2.674e+00
2.684e+00
2.685e+00
2.537e+00
2.537e+00
2.547e+00
2.557e+00
2.567e+00
2.576e+00
2.586e+00
2.595e+00
2.605e+00
2.614e+00
2.623e+00
2.632e+00
2.642e+00
2.651e+00
2.660e+00
2.670e+00
2.679e+00
2.689e+00
2.699e+00
2.708e+00
2.709e+00
2.561e+00
2.562e+00
2.572e+00
2.581e+00
2.591e+00
2.601e+00
2.610e+00
2.619e+00
2.629e+00
2.638e+00
2.647e+00
2.657e+00
2.666e+00
2.675e+00
2.684e+00
2.694e+00
2.703e+00
2.713e+00
2.723e+00
2.732e+00
2.733e+00
2.585e+00
2.586e+00
2.596e+00
2.606e+00
2.615e+00
2.625e+00
2.634e+00
2.644e+00
2.653e+00
2.662e+00
2.671e+00
2.681e+00
2.690e+00
2.699e+00
2.708e+00
2.718e+00
2.727e+00
2.737e+00
2.746e+00
2.756e+00
2.757e+00
2.610e+00
2.610e+00
2.620e+00
2.630e+00
2.639e+00
2.649e+00
2.658e+00
2.668e+00
2.677e+00
2.686e+00
2.695e+00
2.704e+00
2.713e+00
2.723e+00
2.732e+00
2.741e+00
2.751e+00
2.760e+00
2.770e+00
2.779e+00
2.780e+00
2.634e+00
2.634e+00
2.644e+00
2.654e+00
2.663e+00
2.673e+00
2.682e+00
2.691e+00
2.701e+00
2.710e+00
2.719e+00
2.728e+00
2.737e+00
2.746e+00
2.755e+00
2.764e+00
2.774e+00
2.783e+00
2.793e+00
2.803e+00
2.803e+00
2.658e+00
2.658e+00
2.668e+00
2.678e+00
2.687e+00
2.697e+00
2.706e+00
2.715e+00
2.724e+00
2.733e+00
2.742e+00
2.751e+00
2.760e+00
2.769e+00
2.778e+00
2.787e+00
2.797e+00
2.806e+00
2.816e+00
2.825e+00
2.826e+00
2.682e+00
2.682e+00
2.692e+00
2.702e+00
2.711e+00
2.721e+00
2.730e+00
2.739e+00
2.748e+00
2.757e+00
2.766e+00
2.774e+00
2.783e+00
2.792e+00
2.801e+00
2.810e+00
2.819e+00
2.829e+00
2.838e+00
2.848e+00
2.848e+00
2.705e+00
2.706e+00
2.716e+00
2.726e+00
2.735e+00
2.744e+00
2.753e+00
2.762e+00
2.771e+00
2.780e+00
2.789e+00
2.798e+00
2.806e+00
2.815e+00
2.824e+00
2.833e+00
2.842e+00
2.851e+00
2.860e+00
2.870e+00
2.871e+00
2.729e+00
2.730e+00
2.740e+00
2.749e+00
2.759e+00
2.768e+00
2.777e+00
2.786e+00
2.795e+00
2.803e+00
2.812e+00
2.821e+00
2.829e+00
2.838e+00
2.846e+00
2.855e+00
2.864e+00
2.873e+00
2.882e+00
2.892e+00
2.893e+00
2.753e+00
2.754e+00
2.764e+00
2.773e+00
2.783e+00
2.792e+00
2.801e+00
2.809e+00
2.818e+00
2.827e+00
2.835e+00
2.843e+00
2.852e+00
2.860e+00
2.869e+00
2.877e+00
2.886e+00
2.895e+00
2.904e+00
2.913e+00
2.914e+00
2.777e+00
2.778e+00
2.788e+00
2.797e+00
2.806e+00
2.815e+00
2.824e+00
2.833e+00
2.841e+00
2.850e+00
2.858e+00
2.866e+00
2.874e+00
2.883e+00
2.891e+00
2.899e+00
2.908e+00
2.916e+00
2.925e+00
2.935e+00
2.935e+00
2.801e+00
2.802e+00
2.812e+00
2.821e+00
2.830e+00
2.839e+00
2.848e+00
2.857e+00
2.865e+00
2.873e+00
2.881e+00
2.889e+00
2.897e+00
2.905e+00
2.913e+00
2.921e+00
2.929e+00
2.938e+00
2.947e+00
2.956e+00
2.957e+00
2.825e+00
2.826e+00
2.836e+00
2.845e+00
2.854e+00
2.863e+00
2.872e+00
2.880e+00
2.888e+00
2.897e+00
2.904e+00
2.912e+00
2.920e+00
2.927e+00
2.935e+00
2.943e+00
2.951e+00
2.959e+00
2.968e+00
2.977e+00
2.978e+00
2.850e+00
2.850e+00
2.860e+00
2.869e+00
2.878e+00
2.887e+00
2.896e+00
2.904e+00
2.912e+00
2.920e+00
2.928e+00
2.935e+00
2.943e+00
2.950e+00
2.957e+00
2.965e+00
2.973e+00
2.981e+00
2.989e+00
2.998e+00
2.999e+00
2.874e+00
2.875e+00
2.884e+00
2.894e+00
2.903e+00
2.911e+00
2.920e+00
2.928e+00
2.936e+00
2.944e+00
2.951e+00
2.959e+00
2.966e+00
2.973e+00
2.980e+00
2.987e+00
2.995e+00
3.002e+00
3.011e+00
3.020e+00
3.020e+00
2.899e+00
2.899e+00
2.909e+00
2.918e+00
2.927e+00
2.936e+00
2.944e+00
2.952e+00
2.960e+00
2.968e+00
2.975e+00
2.982e+00
2.989e+00
2.996e+00
3.003e+00
3.010e+00
3.017e+00
3.025e+00
3.033e+00
3.042e+00
3.042e+00
2.923e+00
2.924e+00
2.934e+00
2.943e+00
2.952e+00
2.960e+00
2.969e+00
2.977e+00
2.985e+00
2.992e+00
3.000e+00
3.007e+00
3.013e+00
3.020e+00
3.027e+00
3.034e+00
3.041e+00
3.048e+00
3.056e+00
3.065e+00
3.065e+00
2.932e+00
2.935e+00
2.944e+00
2.954e+00
2.963e+00
2.971e+00
2.980e+00
2.988e+00
2.995e+00
3.003e+00
3.010e+00
3.017e+00
3.024e+00
3.031e+00
3.037e+00
3.044e+00
3.051e+00
3.058e+00
3.066e+00
3.075e+00
3.081e+00
