1	0	INDP	IPOND
-2.524e-01
-2.506e-01
-2.506e-01
-2.505e-01
-2.504e-01
-2.502e-01
-2.500e-01
-2.498e-01
-2.495e-01
-2.492e-01
-2.487e-01
-2.483e-01
-2.478e-01
-2.473e-01
-2.467e-01
-2.461e-01
-2.454e-01
-2.446e-01
-2.439e-01
-2.411e-01
-2.417e-01
-2.499e-01
-2.463e-01
-2.456e-01
-2.458e-01
-2.458e-01
-2.457e-01
-2.456e-01
-2.456e-01
-2.455e-01
-2.453e-01
-2.452e-01
-2.451e-01
-2.449e-01
-2.446e-01
-2.443e-01
-2.438e-01
-2.432e-01
-2.424e-01
-2.415e-01
-2.391e-01
-2.401e-01
-2.494e-01
-2.457e-01
-2.449e-01
-2.451e-01
-2.448e-01
-2.445e-01
-2.443e-01
-2.440e-01
-2.437e-01
-2.434e-01
-2.430e-01
-2.426e-01
-2.422e-01
-2.416e-01
-2.408e-01
-2.400e-01
-2.389e-01
-2.377e-01
-2.363e-01
-2.332e-01
-2.331e-01
-2.486e-01
-2.456e-01
-2.445e-01
-2.447e-01
-2.443e-01
-2.440e-01
-2.436e-01
-2.433e-01
-2.428e-01
-2.424e-01
-2.418e-01
-2.412e-01
-2.404e-01
-2.395e-01
-2.384e-01
-2.371e-01
-2.354e-01
-2.335e-01
-2.315e-01
-2.279e-01
-2.278e-01
-2.474e-01
-2.452e-01
-2.438e-01
-2.437e-01
-2.433e-01
-2.428e-01
-2.423e-01
-2.418e-01
-2.412e-01
-2.405e-01
-2.396e-01
-2.386e-01
-2.374e-01
-2.361e-01
-2.345e-01
-2.326e-01
-2.304e-01
-2.278e-01
-2.250e-01
-2.207e-01
-2.204e-01
-2.460e-01
-2.446e-01
-2.428e-01
-2.427e-01
-2.420e-01
-2.414e-01
-2.406e-01
-2.398e-01
-2.389e-01
-2.378e-01
-2.365e-01
-2.351e-01
-2.334e-01
-2.314e-01
-2.292e-01
-2.266e-01
-2.237e-01
-2.204e-01
-2.166e-01
-2.115e-01
-2.110e-01
-2.443e-01
-2.438e-01
-2.415e-01
-2.411e-01
-2.403e-01
-2.393e-01
-2.382e-01
-2.370e-01
-2.356e-01
-2.340e-01
-2.322e-01
-2.302e-01
-2.279e-01
-2.253e-01
-2.223e-01
-2.189e-01
-2.151e-01
-2.108e-01
-2.060e-01
-1.999e-01
-1.992e-01
-2.424e-01
-2.424e-01
-2.397e-01
-2.390e-01
-2.377e-01
-2.363e-01
-2.347e-01
-2.330e-01
-2.310e-01
-2.289e-01
-2.264e-01
-2.237e-01
-2.206e-01
-2.171e-01
-2.132e-01
-2.089e-01
-2.041e-01
-1.988e-01
-1.931e-01
-1.861e-01
-1.853e-01
-2.400e-01
-2.402e-01
-2.370e-01
-2.357e-01
-2.339e-01
-2.320e-01
-2.299e-01
-2.274e-01
-2.248e-01
-2.219e-01
-2.186e-01
-2.151e-01
-2.110e-01
-2.066e-01
-2.018e-01
-1.965e-01
-1.908e-01
-1.846e-01
-1.780e-01
-1.703e-01
-1.694e-01
-2.366e-01
-2.368e-01
-2.331e-01
-2.311e-01
-2.287e-01
-2.260e-01
-2.231e-01
-2.200e-01
-2.165e-01
-2.127e-01
-2.084e-01
-2.039e-01
-1.990e-01
-1.937e-01
-1.880e-01
-1.819e-01
-1.754e-01
-1.683e-01
-1.608e-01
-1.524e-01
-1.516e-01
-2.318e-01
-2.318e-01
-2.276e-01
-2.247e-01
-2.215e-01
-2.180e-01
-2.142e-01
-2.100e-01
-2.056e-01
-2.008e-01
-1.957e-01
-1.903e-01
-1.846e-01
-1.785e-01
-1.721e-01
-1.651e-01
-1.578e-01
-1.502e-01
-1.422e-01
-1.335e-01
-1.327e-01
-2.250e-01
-2.248e-01
-2.199e-01
-2.160e-01
-2.118e-01
-2.073e-01
-2.025e-01
-1.974e-01
-1.921e-01
-1.865e-01
-1.807e-01
-1.745e-01
-1.680e-01
-1.612e-01
-1.541e-01
-1.467e-01
-1.390e-01
-1.310e-01
-1.227e-01
-1.138e-01
-1.131e-01
-2.158e-01
-2.153e-01
-2.095e-01
-2.046e-01
-1.994e-01
-1.940e-01
-1.883e-01
-1.824e-01
-1.763e-01
-1.699e-01
-1.632e-01
-1.564e-01
-1.494e-01
-1.423e-01
-1.349e-01
-1.273e-01
-1.195e-01
-1.112e-01
-1.026e-01
-9.342e-02
-9.274e-02
-2.037e-01
-2.030e-01
-1.965e-01
-1.906e-01
-1.845e-01
-1.782e-01
-1.717e-01
-1.649e-01
-1.581e-01
-1.511e-01
-1.441e-01
-1.369e-01
-1.297e-01
-1.224e-01
-1.149e-01
-1.071e-01
-9.906e-02
-9.078e-02
-8.209e-02
-7.291e-02
-7.229e-02
-1.890e-01
-1.881e-01
-1.809e-01
-1.742e-01
-1.671e-01
-1.600e-01
-1.528e-01
-1.455e-01
-1.383e-01
-1.310e-01
-1.237e-01
-1.164e-01
-1.090e-01
-1.015e-01
-9.397e-02
-8.633e-02
-7.842e-02
-7.022e-02
-6.169e-02
-5.269e-02
-5.219e-02
-1.718e-01
-1.709e-01
-1.629e-01
-1.553e-01
-1.477e-01
-1.400e-01
-1.324e-01
-1.248e-01
-1.173e-01
-1.097e-01
-1.022e-01
-9.480e-02
-8.748e-02
-8.009e-02
-7.271e-02
-6.532e-02
-5.785e-02
-5.004e-02
-4.181e-02
-3.318e-02
-3.285e-02
-1.521e-01
-1.514e-01
-1.430e-01
-1.348e-01
-1.268e-01
-1.189e-01
-1.108e-01
-1.029e-01
-9.507e-02
-8.745e-02
-7.988e-02
-7.250e-02
-6.536e-02
-5.831e-02
-5.133e-02
-4.447e-02
-3.769e-02
-3.059e-02
-2.269e-02
-1.509e-02
-1.506e-02
-1.311e-01
-1.304e-01
-1.217e-01
-1.132e-01
-1.046e-01
-9.626e-02
-8.808e-02
-7.991e-02
-7.196e-02
-6.430e-02
-5.690e-02
-4.973e-02
-4.299e-02
-3.626e-02
-2.986e-02
-2.373e-02
-1.841e-02
-1.254e-02
-1.241e-03
6.945e-05
4.328e-05
-1.089e-01
-1.081e-01
-9.903e-02
-9.022e-02
-8.140e-02
-7.275e-02
-6.435e-02
-5.619e-02
-4.824e-02
-4.062e-02
-3.339e-02
-2.638e-02
-2.059e-02
-1.220e-02
-6.369e-03
1.905e-05
1.778e-04
3.749e-04
6.488e-04
6.971e-04
4.983e-04
-8.528e-02
-8.457e-02
-7.519e-02
-6.610e-02
-5.725e-02
-4.850e-02
-4.003e-02
-3.188e-02
-2.399e-02
-1.653e-02
-9.384e-03
9.100e-05
4.646e-04
8.747e-04
1.268e-03
1.640e-03
2.047e-03
2.398e-03
2.627e-03
2.576e-03
1.955e-03
-7.725e-02
-7.407e-02
-6.467e-02
-5.557e-02
-4.661e-02
-3.789e-02
-2.943e-02
-2.127e-02
-1.347e-02
-6.209e-03
-6.390e-05
1.588e-04
7.008e-04
1.520e-03
2.242e-03
2.952e-03
3.593e-03
4.053e-03
4.181e-03
3.977e-03
3.644e-03
-2.465e-01
-2.448e-01
-2.447e-01
-2.446e-01
-2.446e-01
-2.444e-01
-2.442e-01
-2.439e-01
-2.436e-01
-2.433e-01
-2.429e-01
-2.424e-01
-2.419e-01
-2.414e-01
-2.409e-01
-2.402e-01
-2.395e-01
-2.387e-01
-2.381e-01
-2.352e-01
-2.359e-01
-2.440e-01
-2.405e-01
-2.398e-01
-2.400e-01
-2.400e-01
-2.399e-01
-2.399e-01
-2.398e-01
-2.397e-01
-2.395e-01
-2.395e-01
-2.393e-01
-2.391e-01
-2.388e-01
-2.385e-01
-2.381e-01
-2.374e-01
-2.366e-01
-2.358e-01
-2.333e-01
-2.343e-01
-2.436e-01
-2.399e-01
-2.391e-01
-2.393e-01
-2.391e-01
-2.388e-01
-2.385e-01
-2.382e-01
-2.379e-01
-2.376e-01
-2.373e-01
-2.369e-01
-2.364e-01
-2.358e-01
-2.351e-01
-2.342e-01
-2.332e-01
-2.319e-01
-2.305e-01
-2.275e-01
-2.274e-01
-2.428e-01
-2.398e-01
-2.388e-01
-2.389e-01
-2.385e-01
-2.382e-01
-2.378e-01
-2.375e-01
-2.370e-01
-2.366e-01
-2.360e-01
-2.354e-01
-2.346e-01
-2.337e-01
-2.326e-01
-2.313e-01
-2.296e-01
-2.277e-01
-2.257e-01
-2.221e-01
-2.221e-01
-2.416e-01
-2.394e-01
-2.380e-01
-2.380e-01
-2.375e-01
-2.370e-01
-2.366e-01
-2.360e-01
-2.354e-01
-2.347e-01
-2.338e-01
-2.328e-01
-2.316e-01
-2.303e-01
-2.287e-01
-2.268e-01
-2.246e-01
-2.220e-01
-2.192e-01
-2.149e-01
-2.147e-01
-2.401e-01
-2.388e-01
-2.370e-01
-2.369e-01
-2.362e-01
-2.356e-01
-2.349e-01
-2.341e-01
-2.331e-01
-2.320e-01
-2.307e-01
-2.293e-01
-2.276e-01
-2.256e-01
-2.234e-01
-2.208e-01
-2.179e-01
-2.145e-01
-2.108e-01
-2.057e-01
-2.052e-01
-2.385e-01
-2.380e-01
-2.357e-01
-2.354e-01
-2.345e-01
-2.335e-01
-2.324e-01
-2.312e-01
-2.298e-01
-2.282e-01
-2.264e-01
-2.244e-01
-2.221e-01
-2.194e-01
-2.165e-01
-2.131e-01
-2.092e-01
-2.049e-01
-2.001e-01
-1.941e-01
-1.934e-01
-2.366e-01
-2.366e-01
-2.339e-01
-2.332e-01
-2.319e-01
-2.305e-01
-2.290e-01
-2.272e-01
-2.253e-01
-2.231e-01
-2.206e-01
-2.179e-01
-2.148e-01
-2.113e-01
-2.074e-01
-2.030e-01
-1.982e-01
-1.929e-01
-1.872e-01
-1.803e-01
-1.795e-01
-2.342e-01
-2.345e-01
-2.312e-01
-2.299e-01
-2.281e-01
-2.262e-01
-2.241e-01
-2.216e-01
-2.190e-01
-2.161e-01
-2.128e-01
-2.092e-01
-2.052e-01
-2.008e-01
-1.959e-01
-1.906e-01
-1.849e-01
-1.787e-01
-1.721e-01
-1.644e-01
-1.636e-01
-2.308e-01
-2.310e-01
-2.274e-01
-2.253e-01
-2.229e-01
-2.202e-01
-2.173e-01
-2.141e-01
-2.106e-01
-2.068e-01
-2.026e-01
-1.980e-01
-1.931e-01
-1.878e-01
-1.821e-01
-1.760e-01
-1.695e-01
-1.624e-01
-1.549e-01
-1.465e-01
-1.457e-01
-2.259e-01
-2.260e-01
-2.218e-01
-2.189e-01
-2.157e-01
-2.121e-01
-2.083e-01
-2.042e-01
-1.997e-01
-1.950e-01
-1.899e-01
-1.845e-01
-1.787e-01
-1.726e-01
-1.662e-01
-1.592e-01
-1.519e-01
-1.443e-01
-1.362e-01
-1.276e-01
-1.268e-01
-2.192e-01
-2.190e-01
-2.140e-01
-2.102e-01
-2.060e-01
-2.014e-01
-1.966e-01
-1.916e-01
-1.862e-01
-1.806e-01
-1.748e-01
-1.686e-01
-1.621e-01
-1.552e-01
-1.481e-01
-1.408e-01
-1.331e-01
-1.251e-01
-1.168e-01
-1.079e-01
-1.072e-01
-2.099e-01
-2.094e-01
-2.037e-01
-1.988e-01
-1.936e-01
-1.881e-01
-1.824e-01
-1.765e-01
-1.704e-01
-1.640e-01
-1.573e-01
-1.505e-01
-1.435e-01
-1.363e-01
-1.289e-01
-1.213e-01
-1.135e-01
-1.053e-01
-9.659e-02
-8.745e-02
-8.678e-02
-1.978e-01
-1.972e-01
-1.906e-01
-1.847e-01
-1.786e-01
-1.723e-01
-1.658e-01
-1.590e-01
-1.522e-01
-1.452e-01
-1.381e-01
-1.310e-01
-1.237e-01
-1.164e-01
-1.089e-01
-1.011e-01
-9.309e-02
-8.481e-02
-7.611e-02
-6.692e-02
-6.631e-02
-1.830e-01
-1.822e-01
-1.750e-01
-1.683e-01
-1.612e-01
-1.541e-01
-1.469e-01
-1.396e-01
-1.323e-01
-1.250e-01
-1.178e-01
-1.105e-01
-1.030e-01
-9.554e-02
-8.800e-02
-8.035e-02
-7.244e-02
-6.424e-02
-5.570e-02
-4.670e-02
-4.620e-02
-1.659e-01
-1.650e-01
-1.570e-01
-1.494e-01
-1.417e-01
-1.341e-01
-1.265e-01
-1.189e-01
-1.114e-01
-1.038e-01
-9.624e-02
-8.883e-02
-8.151e-02
-7.411e-02
-6.672e-02
-5.933e-02
-5.186e-02
-4.405e-02
-3.581e-02
-2.719e-02
-2.686e-02
-1.462e-01
-1.454e-01
-1.370e-01
-1.289e-01
-1.208e-01
-1.129e-01
-1.049e-01
-9.689e-02
-8.910e-02
-8.148e-02
-7.390e-02
-6.652e-02
-5.937e-02
-5.232e-02
-4.534e-02
-3.848e-02
-3.170e-02
-2.459e-02
-1.670e-02
-9.094e-03
-9.062e-03
-1.251e-01
-1.244e-01
-1.157e-01
-1.072e-01
-9.867e-02
-9.030e-02
-8.211e-02
-7.393e-02
-6.598e-02
-5.832e-02
-5.091e-02
-4.374e-02
-3.700e-02
-3.026e-02
-2.387e-02
-1.774e-02
-1.241e-02
-6.551e-03
4.546e-03
6.053e-03
6.000e-03
-1.029e-01
-1.022e-01
-9.306e-02
-8.424e-02
-7.542e-02
-6.677e-02
-5.837e-02
-5.020e-02
-4.224e-02
-3.463e-02
-2.739e-02
-2.038e-02
-1.460e-02
-6.435e-03
-5.439e-04
5.837e-03
6.100e-03
6.379e-03
6.744e-03
6.895e-03
6.669e-03
-7.930e-02
-7.860e-02
-6.921e-02
-6.012e-02
-5.126e-02
-4.251e-02
-3.404e-02
-2.588e-02
-1.800e-02
-1.054e-02
-3.386e-03
5.956e-03
6.452e-03
6.946e-03
7.404e-03
7.827e-03
8.268e-03
8.659e-03
8.936e-03
8.982e-03
8.324e-03
-7.128e-02
-6.810e-02
-5.869e-02
-4.959e-02
-4.062e-02
-3.190e-02
-2.344e-02
-1.527e-02
-7.473e-03
-2.099e-04
5.935e-03
6.309e-03
6.889e-03
7.743e-03
8.499e-03
9.241e-03
9.912e-03
1.040e-02
1.058e-02
1.046e-02
1.022e-02
-2.358e-01
-2.342e-01
-2.341e-01
-2.341e-01
-2.340e-01
-2.338e-01
-2.336e-01
-2.334e-01
-2.331e-01
-2.328e-01
-2.323e-01
-2.318e-01
-2.314e-01
-2.308e-01
-2.303e-01
-2.296e-01
-2.289e-01
-2.280e-01
-2.274e-01
-2.245e-01
-2.254e-01
-2.335e-01
-2.301e-01
-2.294e-01
-2.296e-01
-2.296e-01
-2.296e-01
-2.295e-01
-2.294e-01
-2.293e-01
-2.291e-01
-2.291e-01
-2.289e-01
-2.287e-01
-2.284e-01
-2.281e-01
-2.276e-01
-2.270e-01
-2.262e-01
-2.253e-01
-2.228e-01
-2.241e-01
-2.330e-01
-2.295e-01
-2.288e-01
-2.290e-01
-2.287e-01
-2.284e-01
-2.281e-01
-2.279e-01
-2.275e-01
-2.272e-01
-2.269e-01
-2.264e-01
-2.260e-01
-2.253e-01
-2.246e-01
-2.237e-01
-2.227e-01
-2.214e-01
-2.199e-01
-2.169e-01
-2.171e-01
-2.322e-01
-2.294e-01
-2.284e-01
-2.285e-01
-2.282e-01
-2.278e-01
-2.275e-01
-2.271e-01
-2.266e-01
-2.262e-01
-2.256e-01
-2.249e-01
-2.241e-01
-2.232e-01
-2.221e-01
-2.208e-01
-2.191e-01
-2.172e-01
-2.151e-01
-2.114e-01
-2.117e-01
-2.311e-01
-2.290e-01
-2.276e-01
-2.276e-01
-2.271e-01
-2.266e-01
-2.261e-01
-2.256e-01
-2.250e-01
-2.242e-01
-2.234e-01
-2.223e-01
-2.211e-01
-2.197e-01
-2.181e-01
-2.162e-01
-2.140e-01
-2.114e-01
-2.085e-01
-2.042e-01
-2.042e-01
-2.296e-01
-2.284e-01
-2.266e-01
-2.265e-01
-2.258e-01
-2.252e-01
-2.244e-01
-2.236e-01
-2.226e-01
-2.215e-01
-2.202e-01
-2.187e-01
-2.171e-01
-2.150e-01
-2.128e-01
-2.102e-01
-2.072e-01
-2.038e-01
-2.000e-01
-1.948e-01
-1.946e-01
-2.279e-01
-2.276e-01
-2.253e-01
-2.249e-01
-2.240e-01
-2.230e-01
-2.220e-01
-2.207e-01
-2.193e-01
-2.177e-01
-2.158e-01
-2.138e-01
-2.114e-01
-2.088e-01
-2.058e-01
-2.023e-01
-1.984e-01
-1.941e-01
-1.892e-01
-1.831e-01
-1.826e-01
-2.259e-01
-2.262e-01
-2.235e-01
-2.227e-01
-2.214e-01
-2.200e-01
-2.184e-01
-2.166e-01
-2.147e-01
-2.124e-01
-2.100e-01
-2.072e-01
-2.040e-01
-2.005e-01
-1.966e-01
-1.922e-01
-1.873e-01
-1.819e-01
-1.761e-01
-1.691e-01
-1.685e-01
-2.235e-01
-2.240e-01
-2.207e-01
-2.194e-01
-2.176e-01
-2.157e-01
-2.134e-01
-2.110e-01
-2.083e-01
-2.054e-01
-2.020e-01
-1.984e-01
-1.943e-01
-1.898e-01
-1.849e-01
-1.796e-01
-1.738e-01
-1.676e-01
-1.609e-01
-1.531e-01
-1.524e-01
-2.200e-01
-2.205e-01
-2.168e-01
-2.147e-01
-2.123e-01
-2.096e-01
-2.066e-01
-2.034e-01
-1.998e-01
-1.960e-01
-1.917e-01
-1.871e-01
-1.821e-01
-1.767e-01
-1.710e-01
-1.648e-01
-1.582e-01
-1.511e-01
-1.435e-01
-1.351e-01
-1.344e-01
-2.151e-01
-2.154e-01
-2.111e-01
-2.082e-01
-2.049e-01
-2.013e-01
-1.975e-01
-1.933e-01
-1.888e-01
-1.840e-01
-1.788e-01
-1.733e-01
-1.675e-01
-1.614e-01
-1.549e-01
-1.479e-01
-1.405e-01
-1.328e-01
-1.247e-01
-1.160e-01
-1.153e-01
-2.082e-01
-2.082e-01
-2.033e-01
-1.994e-01
-1.951e-01
-1.905e-01
-1.857e-01
-1.805e-01
-1.751e-01
-1.695e-01
-1.636e-01
-1.573e-01
-1.508e-01
-1.438e-01
-1.367e-01
-1.293e-01
-1.215e-01
-1.135e-01
-1.051e-01
-9.615e-02
-9.552e-02
-1.989e-01
-1.986e-01
-1.928e-01
-1.878e-01
-1.825e-01
-1.770e-01
-1.713e-01
-1.653e-01
-1.591e-01
-1.527e-01
-1.460e-01
-1.391e-01
-1.320e-01
-1.248e-01
-1.173e-01
-1.097e-01
-1.018e-01
-9.350e-02
-8.480e-02
-7.563e-02
-7.499e-02
-1.866e-01
-1.862e-01
-1.796e-01
-1.736e-01
-1.674e-01
-1.611e-01
-1.545e-01
-1.477e-01
-1.407e-01
-1.337e-01
-1.266e-01
-1.194e-01
-1.121e-01
-1.047e-01
-9.718e-02
-8.934e-02
-8.127e-02
-7.295e-02
-6.423e-02
-5.503e-02
-5.443e-02
-1.718e-01
-1.711e-01
-1.638e-01
-1.570e-01
-1.499e-01
-1.427e-01
-1.354e-01
-1.281e-01
-1.208e-01
-1.134e-01
-1.061e-01
-9.877e-02
-9.128e-02
-8.374e-02
-7.616e-02
-6.849e-02
-6.055e-02
-5.232e-02
-4.376e-02
-3.474e-02
-3.426e-02
-1.544e-01
-1.537e-01
-1.456e-01
-1.379e-01
-1.303e-01
-1.226e-01
-1.149e-01
-1.072e-01
-9.970e-02
-9.204e-02
-8.446e-02
-7.701e-02
-6.965e-02
-6.222e-02
-5.481e-02
-4.740e-02
-3.991e-02
-3.209e-02
-2.384e-02
-1.520e-02
-1.488e-02
-1.347e-01
-1.340e-01
-1.255e-01
-1.173e-01
-1.092e-01
-1.012e-01
-9.314e-02
-8.513e-02
-7.729e-02
-6.964e-02
-6.202e-02
-5.461e-02
-4.744e-02
-4.037e-02
-3.337e-02
-2.650e-02
-1.971e-02
-1.260e-02
-4.701e-03
2.900e-03
2.933e-03
-1.135e-01
-1.128e-01
-1.041e-01
-9.551e-02
-8.692e-02
-7.850e-02
-7.027e-02
-6.206e-02
-5.408e-02
-4.639e-02
-3.896e-02
-3.177e-02
-2.502e-02
-1.827e-02
-1.187e-02
-5.745e-03
-4.209e-04
5.441e-03
1.622e-02
1.803e-02
1.794e-02
-9.114e-02
-9.045e-02
-8.128e-02
-7.242e-02
-6.357e-02
-5.487e-02
-4.644e-02
-3.825e-02
-3.028e-02
-2.265e-02
-1.540e-02
-8.391e-03
-2.603e-03
5.331e-03
1.123e-02
1.751e-02
1.796e-02
1.839e-02
1.892e-02
1.929e-02
1.901e-02
-6.746e-02
-6.679e-02
-5.736e-02
-4.823e-02
-3.934e-02
-3.056e-02
-2.207e-02
-1.390e-02
-6.005e-03
1.459e-03
8.609e-03
1.772e-02
1.843e-02
1.907e-02
1.965e-02
2.019e-02
2.070e-02
2.117e-02
2.155e-02
2.178e-02
2.106e-02
-5.944e-02
-5.628e-02
-4.683e-02
-3.769e-02
-2.869e-02
-1.994e-02
-1.147e-02
-3.284e-03
4.522e-03
1.179e-02
1.793e-02
1.857e-02
1.926e-02
2.018e-02
2.101e-02
2.181e-02
2.254e-02
2.310e-02
2.337e-02
2.341e-02
2.336e-02
-2.220e-01
-2.207e-01
-2.206e-01
-2.206e-01
-2.206e-01
-2.204e-01
-2.202e-01
-2.200e-01
-2.197e-01
-2.194e-01
-2.189e-01
-2.184e-01
-2.179e-01
-2.173e-01
-2.167e-01
-2.160e-01
-2.152e-01
-2.143e-01
-2.136e-01
-2.106e-01
-2.119e-01
-2.200e-01
-2.170e-01
-2.163e-01
-2.165e-01
-2.165e-01
-2.164e-01
-2.163e-01
-2.163e-01
-2.161e-01
-2.159e-01
-2.158e-01
-2.156e-01
-2.154e-01
-2.151e-01
-2.147e-01
-2.142e-01
-2.135e-01
-2.127e-01
-2.117e-01
-2.093e-01
-2.109e-01
-2.196e-01
-2.164e-01
-2.156e-01
-2.158e-01
-2.155e-01
-2.152e-01
-2.150e-01
-2.146e-01
-2.143e-01
-2.140e-01
-2.136e-01
-2.131e-01
-2.126e-01
-2.119e-01
-2.112e-01
-2.103e-01
-2.091e-01
-2.078e-01
-2.063e-01
-2.032e-01
-2.037e-01
-2.189e-01
-2.163e-01
-2.153e-01
-2.154e-01
-2.150e-01
-2.146e-01
-2.142e-01
-2.138e-01
-2.133e-01
-2.128e-01
-2.122e-01
-2.115e-01
-2.107e-01
-2.097e-01
-2.085e-01
-2.071e-01
-2.054e-01
-2.034e-01
-2.012e-01
-1.975e-01
-1.981e-01
-2.177e-01
-2.158e-01
-2.144e-01
-2.143e-01
-2.138e-01
-2.133e-01
-2.128e-01
-2.122e-01
-2.116e-01
-2.108e-01
-2.099e-01
-2.088e-01
-2.075e-01
-2.061e-01
-2.044e-01
-2.024e-01
-2.001e-01
-1.974e-01
-1.944e-01
-1.899e-01
-1.903e-01
-2.161e-01
-2.152e-01
-2.133e-01
-2.131e-01
-2.125e-01
-2.118e-01
-2.110e-01
-2.101e-01
-2.091e-01
-2.080e-01
-2.066e-01
-2.050e-01
-2.033e-01
-2.012e-01
-1.988e-01
-1.961e-01
-1.930e-01
-1.895e-01
-1.855e-01
-1.803e-01
-1.803e-01
-2.143e-01
-2.142e-01
-2.119e-01
-2.115e-01
-2.106e-01
-2.095e-01
-2.084e-01
-2.071e-01
-2.056e-01
-2.039e-01
-2.020e-01
-1.999e-01
-1.974e-01
-1.946e-01
-1.915e-01
-1.879e-01
-1.839e-01
-1.794e-01
-1.743e-01
-1.681e-01
-1.679e-01
-2.122e-01
-2.128e-01
-2.100e-01
-2.092e-01
-2.078e-01
-2.063e-01
-2.047e-01
-2.028e-01
-2.008e-01
-1.984e-01
-1.959e-01
-1.929e-01
-1.897e-01
-1.860e-01
-1.819e-01
-1.774e-01
-1.723e-01
-1.667e-01
-1.607e-01
-1.536e-01
-1.532e-01
-2.096e-01
-2.104e-01
-2.071e-01
-2.057e-01
-2.038e-01
-2.018e-01
-1.995e-01
-1.969e-01
-1.941e-01
-1.910e-01
-1.876e-01
-1.838e-01
-1.796e-01
-1.749e-01
-1.698e-01
-1.643e-01
-1.583e-01
-1.518e-01
-1.449e-01
-1.371e-01
-1.366e-01
-2.059e-01
-2.067e-01
-2.030e-01
-2.008e-01
-1.983e-01
-1.954e-01
-1.924e-01
-1.890e-01
-1.853e-01
-1.813e-01
-1.769e-01
-1.720e-01
-1.668e-01
-1.613e-01
-1.553e-01
-1.490e-01
-1.422e-01
-1.349e-01
-1.271e-01
-1.185e-01
-1.180e-01
-2.008e-01
-2.014e-01
-1.970e-01
-1.940e-01
-1.906e-01
-1.868e-01
-1.829e-01
-1.785e-01
-1.738e-01
-1.688e-01
-1.634e-01
-1.578e-01
-1.518e-01
-1.454e-01
-1.388e-01
-1.316e-01
-1.240e-01
-1.161e-01
-1.078e-01
-9.899e-02
-9.840e-02
-1.936e-01
-1.939e-01
-1.888e-01
-1.848e-01
-1.804e-01
-1.756e-01
-1.706e-01
-1.653e-01
-1.597e-01
-1.538e-01
-1.477e-01
-1.413e-01
-1.345e-01
-1.274e-01
-1.201e-01
-1.125e-01
-1.046e-01
-9.636e-02
-8.783e-02
-7.882e-02
-7.824e-02
-1.839e-01
-1.839e-01
-1.780e-01
-1.728e-01
-1.673e-01
-1.616e-01
-1.557e-01
-1.495e-01
-1.431e-01
-1.366e-01
-1.296e-01
-1.225e-01
-1.153e-01
-1.079e-01
-1.003e-01
-9.248e-02
-8.448e-02
-7.606e-02
-6.725e-02
-5.801e-02
-5.739e-02
-1.712e-01
-1.710e-01
-1.642e-01
-1.581e-01
-1.517e-01
-1.452e-01
-1.385e-01
-1.314e-01
-1.243e-01
-1.171e-01
-1.098e-01
-1.024e-01
-9.497e-02
-8.745e-02
-7.980e-02
-7.185e-02
-6.367e-02
-5.526e-02
-4.646e-02
-3.721e-02
-3.663e-02
-1.559e-01
-1.554e-01
-1.480e-01
-1.410e-01
-1.338e-01
-1.263e-01
-1.189e-01
-1.114e-01
-1.039e-01
-9.635e-02
-8.887e-02
-8.145e-02
-7.383e-02
-6.619e-02
-5.851e-02
-5.076e-02
-4.275e-02
-3.446e-02
-2.585e-02
-1.681e-02
-1.632e-02
-1.382e-01
-1.376e-01
-1.294e-01
-1.215e-01
-1.136e-01
-1.057e-01
-9.786e-02
-9.008e-02
-8.242e-02
-7.464e-02
-6.694e-02
-5.939e-02
-5.195e-02
-4.444e-02
-3.697e-02
-2.951e-02
-2.198e-02
-1.413e-02
-5.857e-03
2.787e-03
3.112e-03
-1.179e-01
-1.174e-01
-1.088e-01
-1.004e-01
-9.213e-02
-8.400e-02
-7.579e-02
-6.765e-02
-5.970e-02
-5.195e-02
-4.426e-02
-3.678e-02
-2.955e-02
-2.244e-02
-1.542e-02
-8.528e-03
-1.728e-03
5.395e-03
1.329e-02
2.089e-02
2.093e-02
-9.637e-02
-9.577e-02
-8.690e-02
-7.821e-02
-6.949e-02
-6.094e-02
-5.262e-02
-4.431e-02
-3.625e-02
-2.850e-02
-2.103e-02
-1.381e-02
-7.034e-03
-2.832e-04
6.122e-03
1.224e-02
1.757e-02
2.343e-02
3.382e-02
3.600e-02
3.585e-02
-7.371e-02
-7.305e-02
-6.377e-02
-5.478e-02
-4.584e-02
-3.706e-02
-2.856e-02
-2.032e-02
-1.231e-02
-4.665e-03
2.592e-03
9.597e-03
1.539e-02
2.311e-02
2.897e-02
3.510e-02
3.580e-02
3.642e-02
3.719e-02
3.787e-02
3.752e-02
-4.984e-02
-4.916e-02
-3.964e-02
-3.042e-02
-2.147e-02
-1.263e-02
-4.108e-03
4.082e-03
1.199e-02
1.945e-02
2.660e-02
3.543e-02
3.641e-02
3.726e-02
3.801e-02
3.871e-02
3.935e-02
3.993e-02
4.045e-02
4.096e-02
4.015e-02
-4.175e-02
-3.857e-02
-2.905e-02
-1.983e-02
-1.077e-02
-1.976e-03
6.518e-03
1.471e-02
2.252e-02
2.979e-02
3.594e-02
3.694e-02
3.778e-02
3.882e-02
3.975e-02
4.064e-02
4.146e-02
4.212e-02
4.253e-02
4.281e-02
4.302e-02
-2.071e-01
-2.061e-01
-2.061e-01
-2.062e-01
-2.062e-01
-2.061e-01
-2.060e-01
-2.058e-01
-2.055e-01
-2.051e-01
-2.046e-01
-2.041e-01
-2.035e-01
-2.028e-01
-2.021e-01
-2.012e-01
-2.003e-01
-1.993e-01
-1.983e-01
-1.953e-01
-1.969e-01
-2.055e-01
-2.029e-01
-2.021e-01
-2.024e-01
-2.024e-01
-2.023e-01
-2.022e-01
-2.021e-01
-2.019e-01
-2.017e-01
-2.015e-01
-2.012e-01
-2.009e-01
-2.005e-01
-2.001e-01
-1.995e-01
-1.987e-01
-1.978e-01
-1.967e-01
-1.941e-01
-1.962e-01
-2.053e-01
-2.023e-01
-2.015e-01
-2.017e-01
-2.014e-01
-2.011e-01
-2.007e-01
-2.004e-01
-2.000e-01
-1.996e-01
-1.991e-01
-1.985e-01
-1.979e-01
-1.972e-01
-1.963e-01
-1.953e-01
-1.941e-01
-1.926e-01
-1.909e-01
-1.877e-01
-1.887e-01
-2.047e-01
-2.022e-01
-2.011e-01
-2.012e-01
-2.007e-01
-2.003e-01
-1.998e-01
-1.994e-01
-1.988e-01
-1.982e-01
-1.975e-01
-1.967e-01
-1.958e-01
-1.947e-01
-1.934e-01
-1.919e-01
-1.900e-01
-1.878e-01
-1.854e-01
-1.815e-01
-1.826e-01
-2.035e-01
-2.016e-01
-2.001e-01
-2.000e-01
-1.994e-01
-1.988e-01
-1.982e-01
-1.976e-01
-1.968e-01
-1.959e-01
-1.949e-01
-1.937e-01
-1.923e-01
-1.907e-01
-1.889e-01
-1.867e-01
-1.841e-01
-1.812e-01
-1.779e-01
-1.732e-01
-1.740e-01
-2.017e-01
-2.008e-01
-1.989e-01
-1.986e-01
-1.978e-01
-1.971e-01
-1.962e-01
-1.952e-01
-1.941e-01
-1.928e-01
-1.913e-01
-1.896e-01
-1.876e-01
-1.853e-01
-1.828e-01
-1.798e-01
-1.764e-01
-1.725e-01
-1.683e-01
-1.627e-01
-1.631e-01
-1.996e-01
-1.996e-01
-1.973e-01
-1.967e-01
-1.957e-01
-1.946e-01
-1.933e-01
-1.919e-01
-1.903e-01
-1.884e-01
-1.863e-01
-1.839e-01
-1.812e-01
-1.781e-01
-1.747e-01
-1.708e-01
-1.664e-01
-1.616e-01
-1.562e-01
-1.496e-01
-1.497e-01
-1.971e-01
-1.979e-01
-1.951e-01
-1.941e-01
-1.927e-01
-1.910e-01
-1.892e-01
-1.872e-01
-1.849e-01
-1.823e-01
-1.795e-01
-1.762e-01
-1.727e-01
-1.687e-01
-1.643e-01
-1.594e-01
-1.539e-01
-1.479e-01
-1.414e-01
-1.340e-01
-1.338e-01
-1.941e-01
-1.953e-01
-1.919e-01
-1.903e-01
-1.882e-01
-1.860e-01
-1.835e-01
-1.806e-01
-1.776e-01
-1.742e-01
-1.704e-01
-1.663e-01
-1.617e-01
-1.567e-01
-1.512e-01
-1.452e-01
-1.388e-01
-1.319e-01
-1.246e-01
-1.164e-01
-1.160e-01
-1.900e-01
-1.912e-01
-1.873e-01
-1.849e-01
-1.821e-01
-1.790e-01
-1.756e-01
-1.719e-01
-1.679e-01
-1.636e-01
-1.588e-01
-1.536e-01
-1.479e-01
-1.420e-01
-1.356e-01
-1.288e-01
-1.216e-01
-1.140e-01
-1.057e-01
-9.690e-02
-9.640e-02
-1.842e-01
-1.853e-01
-1.807e-01
-1.773e-01
-1.736e-01
-1.696e-01
-1.653e-01
-1.606e-01
-1.555e-01
-1.500e-01
-1.443e-01
-1.382e-01
-1.318e-01
-1.250e-01
-1.179e-01
-1.104e-01
-1.024e-01
-9.417e-02
-8.558e-02
-7.650e-02
-7.593e-02
-1.763e-01
-1.770e-01
-1.717e-01
-1.673e-01
-1.626e-01
-1.575e-01
-1.520e-01
-1.462e-01
-1.402e-01
-1.340e-01
-1.274e-01
-1.206e-01
-1.136e-01
-1.060e-01
-9.832e-02
-9.037e-02
-8.216e-02
-7.365e-02
-6.484e-02
-5.567e-02
-5.509e-02
-1.658e-01
-1.661e-01
-1.600e-01
-1.544e-01
-1.485e-01
-1.424e-01
-1.360e-01
-1.294e-01
-1.226e-01
-1.157e-01
-1.084e-01
-1.009e-01
-9.333e-02
-8.560e-02
-7.771e-02
-6.962e-02
-6.137e-02
-5.276e-02
-4.377e-02
-3.440e-02
-3.377e-02
-1.522e-01
-1.523e-01
-1.452e-01
-1.386e-01
-1.318e-01
-1.248e-01
-1.178e-01
-1.104e-01
-1.028e-01
-9.526e-02
-8.764e-02
-7.997e-02
-7.222e-02
-6.444e-02
-5.660e-02
-4.846e-02
-4.011e-02
-3.156e-02
-2.265e-02
-1.334e-02
-1.274e-02
-1.359e-01
-1.357e-01
-1.279e-01
-1.205e-01
-1.129e-01
-1.050e-01
-9.719e-02
-8.936e-02
-8.152e-02
-7.370e-02
-6.596e-02
-5.833e-02
-5.051e-02
-4.269e-02
-3.486e-02
-2.700e-02
-1.890e-02
-1.054e-02
-1.880e-03
7.172e-03
7.657e-03
-1.172e-01
-1.168e-01
-1.083e-01
-9.997e-02
-9.173e-02
-8.351e-02
-7.533e-02
-6.726e-02
-5.938e-02
-5.137e-02
-4.349e-02
-3.577e-02
-2.821e-02
-2.061e-02
-1.307e-02
-5.559e-03
1.998e-03
9.853e-03
1.813e-02
2.678e-02
2.711e-02
-9.609e-02
-9.558e-02
-8.669e-02
-7.801e-02
-6.941e-02
-6.100e-02
-5.259e-02
-4.424e-02
-3.612e-02
-2.824e-02
-2.043e-02
-1.288e-02
-5.597e-03
1.536e-03
8.564e-03
1.546e-02
2.226e-02
2.939e-02
3.728e-02
4.489e-02
4.492e-02
-7.372e-02
-7.314e-02
-6.401e-02
-5.509e-02
-4.614e-02
-3.740e-02
-2.893e-02
-2.050e-02
-1.235e-02
-4.548e-03
2.946e-03
1.017e-02
1.695e-02
2.371e-02
3.011e-02
3.623e-02
4.156e-02
4.742e-02
5.735e-02
5.997e-02
5.977e-02
-5.044e-02
-4.977e-02
-4.030e-02
-3.112e-02
-2.205e-02
-1.317e-02
-4.615e-03
3.647e-03
1.167e-02
1.932e-02
2.658e-02
3.358e-02
3.938e-02
4.687e-02
5.267e-02
5.861e-02
5.960e-02
6.048e-02
6.156e-02
6.262e-02
6.220e-02
-2.621e-02
-2.549e-02
-1.585e-02
-6.526e-03
2.491e-03
1.134e-02
1.987e-02
2.807e-02
3.598e-02
4.345e-02
5.059e-02
5.908e-02
6.040e-02
6.150e-02
6.248e-02
6.339e-02
6.418e-02
6.492e-02
6.563e-02
6.650e-02
6.558e-02
-1.799e-02
-1.476e-02
-5.154e-03
4.124e-03
1.320e-02
2.201e-02
3.051e-02
3.870e-02
4.651e-02
5.378e-02
5.994e-02
6.140e-02
6.245e-02
6.363e-02
6.469e-02
6.572e-02
6.666e-02
6.745e-02
6.804e-02
6.863e-02
6.917e-02
-1.925e-01
-1.920e-01
-1.921e-01
-1.923e-01
-1.925e-01
-1.925e-01
-1.925e-01
-1.923e-01
-1.921e-01
-1.917e-01
-1.912e-01
-1.905e-01
-1.897e-01
-1.889e-01
-1.879e-01
-1.868e-01
-1.856e-01
-1.842e-01
-1.829e-01
-1.796e-01
-1.815e-01
-1.915e-01
-1.893e-01
-1.885e-01
-1.888e-01
-1.888e-01
-1.888e-01
-1.886e-01
-1.885e-01
-1.882e-01
-1.879e-01
-1.876e-01
-1.872e-01
-1.867e-01
-1.862e-01
-1.856e-01
-1.848e-01
-1.838e-01
-1.826e-01
-1.813e-01
-1.785e-01
-1.810e-01
-1.917e-01
-1.888e-01
-1.878e-01
-1.881e-01
-1.878e-01
-1.874e-01
-1.870e-01
-1.865e-01
-1.860e-01
-1.854e-01
-1.848e-01
-1.840e-01
-1.833e-01
-1.823e-01
-1.812e-01
-1.800e-01
-1.785e-01
-1.767e-01
-1.747e-01
-1.712e-01
-1.728e-01
-1.913e-01
-1.887e-01
-1.875e-01
-1.875e-01
-1.869e-01
-1.864e-01
-1.857e-01
-1.851e-01
-1.844e-01
-1.836e-01
-1.827e-01
-1.817e-01
-1.805e-01
-1.792e-01
-1.777e-01
-1.758e-01
-1.736e-01
-1.710e-01
-1.682e-01
-1.639e-01
-1.655e-01
-1.901e-01
-1.879e-01
-1.863e-01
-1.860e-01
-1.853e-01
-1.845e-01
-1.837e-01
-1.829e-01
-1.819e-01
-1.808e-01
-1.795e-01
-1.781e-01
-1.765e-01
-1.745e-01
-1.723e-01
-1.697e-01
-1.667e-01
-1.633e-01
-1.594e-01
-1.543e-01
-1.555e-01
-1.880e-01
-1.866e-01
-1.847e-01
-1.842e-01
-1.832e-01
-1.822e-01
-1.811e-01
-1.800e-01
-1.786e-01
-1.770e-01
-1.752e-01
-1.732e-01
-1.709e-01
-1.681e-01
-1.651e-01
-1.616e-01
-1.576e-01
-1.532e-01
-1.482e-01
-1.422e-01
-1.429e-01
-1.852e-01
-1.851e-01
-1.826e-01
-1.818e-01
-1.805e-01
-1.792e-01
-1.777e-01
-1.760e-01
-1.740e-01
-1.718e-01
-1.692e-01
-1.664e-01
-1.632e-01
-1.596e-01
-1.556e-01
-1.510e-01
-1.460e-01
-1.405e-01
-1.345e-01
-1.273e-01
-1.275e-01
-1.820e-01
-1.829e-01
-1.799e-01
-1.786e-01
-1.769e-01
-1.749e-01
-1.727e-01
-1.703e-01
-1.676e-01
-1.645e-01
-1.612e-01
-1.574e-01
-1.532e-01
-1.486e-01
-1.435e-01
-1.380e-01
-1.317e-01
-1.250e-01
-1.178e-01
-1.098e-01
-1.096e-01
-1.782e-01
-1.796e-01
-1.759e-01
-1.740e-01
-1.715e-01
-1.689e-01
-1.659e-01
-1.626e-01
-1.589e-01
-1.549e-01
-1.506e-01
-1.458e-01
-1.406e-01
-1.349e-01
-1.286e-01
-1.219e-01
-1.147e-01
-1.071e-01
-9.904e-02
-9.042e-02
-8.996e-02
-1.731e-01
-1.747e-01
-1.703e-01
-1.674e-01
-1.642e-01
-1.605e-01
-1.566e-01
-1.523e-01
-1.476e-01
-1.426e-01
-1.373e-01
-1.313e-01
-1.249e-01
-1.182e-01
-1.111e-01
-1.036e-01
-9.572e-02
-8.758e-02
-7.870e-02
-6.939e-02
-6.880e-02
-1.661e-01
-1.675e-01
-1.625e-01
-1.586e-01
-1.542e-01
-1.496e-01
-1.446e-01
-1.393e-01
-1.335e-01
-1.273e-01
-1.208e-01
-1.140e-01
-1.069e-01
-9.943e-02
-9.172e-02
-8.365e-02
-7.510e-02
-6.629e-02
-5.721e-02
-4.780e-02
-4.715e-02
-1.568e-01
-1.578e-01
-1.520e-01
-1.469e-01
-1.415e-01
-1.358e-01
-1.296e-01
-1.231e-01
-1.163e-01
-1.093e-01
-1.021e-01
-9.464e-02
-8.707e-02
-7.895e-02
-7.067e-02
-6.223e-02
-5.359e-02
-4.471e-02
-3.557e-02
-2.620e-02
-2.556e-02
-1.447e-01
-1.452e-01
-1.386e-01
-1.323e-01
-1.256e-01
-1.188e-01
-1.117e-01
-1.044e-01
-9.694e-02
-8.941e-02
-8.153e-02
-7.349e-02
-6.539e-02
-5.721e-02
-4.894e-02
-4.051e-02
-3.197e-02
-2.316e-02
-1.399e-02
-4.520e-03
-3.867e-03
-1.294e-01
-1.296e-01
-1.219e-01
-1.146e-01
-1.071e-01
-9.941e-02
-9.167e-02
-8.377e-02
-7.562e-02
-6.749e-02
-5.941e-02
-5.133e-02
-4.323e-02
-3.516e-02
-2.709e-02
-1.877e-02
-1.028e-02
-1.626e-03
7.308e-03
1.663e-02
1.722e-02
-1.113e-01
-1.111e-01
-1.027e-01
-9.465e-02
-8.655e-02
-7.806e-02
-6.962e-02
-6.129e-02
-5.302e-02
-4.482e-02
-3.676e-02
-2.889e-02
-2.087e-02
-1.290e-02
-4.972e-03
2.958e-03
1.107e-02
1.943e-02
2.810e-02
3.716e-02
3.764e-02
-9.098e-02
-9.051e-02
-8.154e-02
-7.264e-02
-6.386e-02
-5.516e-02
-4.656e-02
-3.814e-02
-3.000e-02
-2.177e-02
-1.372e-02
-5.896e-03
1.741e-03
9.350e-03
1.690e-02
2.442e-02
3.198e-02
3.984e-02
4.812e-02
5.677e-02
5.710e-02
-6.842e-02
-6.784e-02
-5.852e-02
-4.939e-02
-4.041e-02
-3.168e-02
-2.303e-02
-1.450e-02
-6.253e-03
1.712e-03
9.525e-03
1.708e-02
2.438e-02
3.152e-02
3.855e-02
4.544e-02
5.225e-02
5.938e-02
6.727e-02
7.489e-02
7.492e-02
-4.490e-02
-4.423e-02
-3.480e-02
-2.561e-02
-1.645e-02
-7.551e-03
1.018e-03
9.454e-03
1.761e-02
2.542e-02
3.293e-02
4.015e-02
4.694e-02
5.369e-02
6.010e-02
6.621e-02
7.155e-02
7.741e-02
8.683e-02
8.996e-02
8.970e-02
-2.086e-02
-2.013e-02
-1.049e-02
-1.196e-03
7.898e-03
1.678e-02
2.535e-02
3.363e-02
4.165e-02
4.930e-02
5.658e-02
6.356e-02
6.936e-02
7.660e-02
8.232e-02
8.807e-02
8.940e-02
9.059e-02
9.202e-02
9.355e-02
9.304e-02
3.718e-03
4.453e-03
1.410e-02
2.344e-02
3.247e-02
4.132e-02
4.985e-02
5.806e-02
6.597e-02
7.344e-02
8.058e-02
8.870e-02
9.040e-02
9.180e-02
9.304e-02
9.421e-02
9.519e-02
9.612e-02
9.707e-02
9.835e-02
9.732e-02
1.196e-02
1.520e-02
2.481e-02
3.410e-02
4.318e-02
5.199e-02
6.049e-02
6.869e-02
7.651e-02
8.378e-02
8.996e-02
9.192e-02
9.323e-02
9.459e-02
9.582e-02
9.701e-02
9.809e-02
9.906e-02
9.987e-02
1.008e-01
1.018e-01
-1.812e-01
-1.811e-01
-1.814e-01
-1.818e-01
-1.823e-01
-1.825e-01
-1.827e-01
-1.826e-01
-1.825e-01
-1.821e-01
-1.815e-01
-1.807e-01
-1.798e-01
-1.786e-01
-1.773e-01
-1.758e-01
-1.741e-01
-1.722e-01
-1.704e-01
-1.666e-01
-1.685e-01
-1.808e-01
-1.791e-01
-1.782e-01
-1.786e-01
-1.788e-01
-1.788e-01
-1.787e-01
-1.785e-01
-1.781e-01
-1.776e-01
-1.772e-01
-1.765e-01
-1.758e-01
-1.750e-01
-1.741e-01
-1.729e-01
-1.716e-01
-1.700e-01
-1.682e-01
-1.650e-01
-1.677e-01
-1.815e-01
-1.789e-01
-1.776e-01
-1.780e-01
-1.776e-01
-1.772e-01
-1.767e-01
-1.761e-01
-1.754e-01
-1.746e-01
-1.736e-01
-1.726e-01
-1.715e-01
-1.702e-01
-1.688e-01
-1.671e-01
-1.652e-01
-1.629e-01
-1.604e-01
-1.565e-01
-1.584e-01
-1.817e-01
-1.788e-01
-1.774e-01
-1.773e-01
-1.766e-01
-1.758e-01
-1.750e-01
-1.741e-01
-1.730e-01
-1.719e-01
-1.707e-01
-1.693e-01
-1.678e-01
-1.660e-01
-1.641e-01
-1.617e-01
-1.590e-01
-1.558e-01
-1.523e-01
-1.475e-01
-1.494e-01
-1.806e-01
-1.777e-01
-1.758e-01
-1.753e-01
-1.744e-01
-1.733e-01
-1.722e-01
-1.710e-01
-1.697e-01
-1.682e-01
-1.666e-01
-1.648e-01
-1.626e-01
-1.602e-01
-1.574e-01
-1.541e-01
-1.504e-01
-1.463e-01
-1.416e-01
-1.359e-01
-1.372e-01
-1.780e-01
-1.759e-01
-1.736e-01
-1.728e-01
-1.715e-01
-1.702e-01
-1.687e-01
-1.672e-01
-1.654e-01
-1.634e-01
-1.611e-01
-1.585e-01
-1.556e-01
-1.522e-01
-1.484e-01
-1.441e-01
-1.393e-01
-1.340e-01
-1.282e-01
-1.215e-01
-1.222e-01
-1.744e-01
-1.736e-01
-1.707e-01
-1.695e-01
-1.679e-01
-1.662e-01
-1.642e-01
-1.620e-01
-1.596e-01
-1.568e-01
-1.536e-01
-1.501e-01
-1.461e-01
-1.417e-01
-1.368e-01
-1.314e-01
-1.255e-01
-1.191e-01
-1.122e-01
-1.042e-01
-1.044e-01
-1.699e-01
-1.704e-01
-1.671e-01
-1.653e-01
-1.631e-01
-1.607e-01
-1.580e-01
-1.549e-01
-1.515e-01
-1.478e-01
-1.436e-01
-1.390e-01
-1.340e-01
-1.285e-01
-1.225e-01
-1.161e-01
-1.090e-01
-1.013e-01
-9.309e-02
-8.443e-02
-8.413e-02
-1.647e-01
-1.661e-01
-1.620e-01
-1.594e-01
-1.564e-01
-1.531e-01
-1.494e-01
-1.453e-01
-1.409e-01
-1.361e-01
-1.308e-01
-1.251e-01
-1.190e-01
-1.126e-01
-1.053e-01
-9.764e-02
-8.961e-02
-8.119e-02
-7.233e-02
-6.314e-02
-6.253e-02
-1.580e-01
-1.597e-01
-1.549e-01
-1.513e-01
-1.472e-01
-1.428e-01
-1.381e-01
-1.329e-01
-1.274e-01
-1.215e-01
-1.152e-01
-1.084e-01
-1.011e-01
-9.349e-02
-8.554e-02
-7.726e-02
-6.866e-02
-5.994e-02
-5.046e-02
-4.073e-02
-4.001e-02
-1.493e-01
-1.508e-01
-1.451e-01
-1.404e-01
-1.352e-01
-1.297e-01
-1.238e-01
-1.176e-01
-1.110e-01
-1.039e-01
-9.645e-02
-8.880e-02
-8.088e-02
-7.269e-02
-6.431e-02
-5.571e-02
-4.662e-02
-3.734e-02
-2.789e-02
-1.825e-02
-1.752e-02
-1.378e-01
-1.390e-01
-1.324e-01
-1.264e-01
-1.202e-01
-1.137e-01
-1.065e-01
-9.907e-02
-9.146e-02
-8.365e-02
-7.564e-02
-6.750e-02
-5.939e-02
-5.070e-02
-4.193e-02
-3.309e-02
-2.414e-02
-1.502e-02
-5.720e-03
3.729e-03
4.385e-03
-1.235e-01
-1.241e-01
-1.167e-01
-1.096e-01
-1.020e-01
-9.425e-02
-8.632e-02
-7.824e-02
-7.005e-02
-6.186e-02
-5.348e-02
-4.492e-02
-3.640e-02
-2.789e-02
-1.935e-02
-1.074e-02
-2.063e-03
6.787e-03
1.596e-02
2.544e-02
2.610e-02
-1.061e-01
-1.062e-01
-9.776e-02
-8.958e-02
-8.126e-02
-7.281e-02
-6.437e-02
-5.593e-02
-4.722e-02
-3.863e-02
-3.019e-02
-2.182e-02
-1.352e-02
-5.298e-03
2.850e-03
1.119e-02
1.967e-02
2.835e-02
3.729e-02
4.661e-02
4.720e-02
-8.580e-02
-8.548e-02
-7.647e-02
-6.763e-02
-5.896e-02
-4.986e-02
-4.091e-02
-3.218e-02
-2.359e-02
-1.515e-02
-6.931e-03
1.053e-03
9.081e-03
1.706e-02
2.499e-02
3.294e-02
4.105e-02
4.941e-02
5.808e-02
6.715e-02
6.763e-02
-6.361e-02
-6.299e-02
-5.358e-02
-4.412e-02
-3.487e-02
-2.581e-02
-1.695e-02
-8.342e-03
-6.216e-05
8.175e-03
1.623e-02
2.407e-02
3.172e-02
3.933e-02
4.688e-02
5.440e-02
6.197e-02
6.983e-02
7.811e-02
8.677e-02
8.709e-02
-3.967e-02
-3.897e-02
-2.931e-02
-1.986e-02
-1.065e-02
-1.765e-03
6.911e-03
1.545e-02
2.371e-02
3.169e-02
3.950e-02
4.706e-02
5.436e-02
6.151e-02
6.854e-02
7.543e-02
8.224e-02
8.938e-02
9.726e-02
1.049e-01
1.049e-01
-1.527e-02
-1.453e-02
-4.939e-03
4.327e-03
1.350e-02
2.240e-02
3.100e-02
3.943e-02
4.758e-02
5.540e-02
6.292e-02
7.014e-02
7.693e-02
8.368e-02
9.008e-02
9.619e-02
1.015e-01
1.074e-01
1.164e-01
1.200e-01
1.197e-01
9.087e-03
9.818e-03
1.946e-02
2.877e-02
3.787e-02
4.675e-02
5.533e-02
6.361e-02
7.163e-02
7.929e-02
8.657e-02
9.354e-02
9.935e-02
1.064e-01
1.120e-01
1.176e-01
1.193e-01
1.207e-01
1.225e-01
1.244e-01
1.239e-01
3.370e-02
3.443e-02
4.407e-02
5.341e-02
6.245e-02
7.130e-02
7.984e-02
8.805e-02
9.595e-02
1.034e-01
1.106e-01
1.184e-01
1.204e-01
1.221e-01
1.236e-01
1.250e-01
1.262e-01
1.273e-01
1.285e-01
1.301e-01
1.290e-01
4.193e-02
4.517e-02
5.478e-02
6.408e-02
7.316e-02
8.197e-02
9.048e-02
9.868e-02
1.065e-01
1.138e-01
1.200e-01
1.224e-01
1.239e-01
1.255e-01
1.269e-01
1.282e-01
1.295e-01
1.306e-01
1.316e-01
1.330e-01
1.342e-01
-1.641e-01
-1.655e-01
-1.664e-01
-1.678e-01
-1.692e-01
-1.705e-01
-1.716e-01
-1.723e-01
-1.727e-01
-1.726e-01
-1.720e-01
-1.708e-01
-1.691e-01
-1.669e-01
-1.643e-01
-1.612e-01
-1.577e-01
-1.537e-01
-1.496e-01
-1.440e-01
-1.447e-01
-1.655e-01
-1.666e-01
-1.661e-01
-1.675e-01
-1.686e-01
-1.692e-01
-1.696e-01
-1.695e-01
-1.691e-01
-1.682e-01
-1.670e-01
-1.654e-01
-1.636e-01
-1.614e-01
-1.589e-01
-1.559e-01
-1.526e-01
-1.490e-01
-1.451e-01
-1.400e-01
-1.421e-01
-1.685e-01
-1.683e-01
-1.669e-01
-1.678e-01
-1.679e-01
-1.676e-01
-1.669e-01
-1.658e-01
-1.643e-01
-1.625e-01
-1.604e-01
-1.579e-01
-1.552e-01
-1.521e-01
-1.488e-01
-1.452e-01
-1.412e-01
-1.368e-01
-1.320e-01
-1.261e-01
-1.276e-01
-1.711e-01
-1.699e-01
-1.678e-01
-1.675e-01
-1.665e-01
-1.651e-01
-1.633e-01
-1.612e-01
-1.588e-01
-1.562e-01
-1.532e-01
-1.499e-01
-1.465e-01
-1.428e-01
-1.387e-01
-1.343e-01
-1.292e-01
-1.237e-01
-1.177e-01
-1.107e-01
-1.117e-01
-1.711e-01
-1.686e-01
-1.656e-01
-1.641e-01
-1.621e-01
-1.598e-01
-1.572e-01
-1.543e-01
-1.511e-01
-1.478e-01
-1.442e-01
-1.403e-01
-1.361e-01
-1.314e-01
-1.263e-01
-1.207e-01
-1.145e-01
-1.077e-01
-1.004e-01
-9.242e-02
-9.260e-02
-1.674e-01
-1.647e-01
-1.609e-01
-1.584e-01
-1.556e-01
-1.525e-01
-1.491e-01
-1.456e-01
-1.419e-01
-1.378e-01
-1.334e-01
-1.285e-01
-1.232e-01
-1.174e-01
-1.110e-01
-1.042e-01
-9.682e-02
-8.899e-02
-8.068e-02
-7.179e-02
-7.130e-02
-1.603e-01
-1.586e-01
-1.541e-01
-1.507e-01
-1.472e-01
-1.435e-01
-1.395e-01
-1.352e-01
-1.305e-01
-1.254e-01
-1.198e-01
-1.138e-01
-1.073e-01
-1.003e-01
-9.292e-02
-8.507e-02
-7.679e-02
-6.814e-02
-5.949e-02
-4.975e-02
-4.902e-02
-1.508e-01
-1.507e-01
-1.455e-01
-1.415e-01
-1.372e-01
-1.326e-01
-1.276e-01
-1.222e-01
-1.163e-01
-1.101e-01
-1.033e-01
-9.619e-02
-8.869e-02
-8.083e-02
-7.253e-02
-6.404e-02
-5.528e-02
-4.583e-02
-3.622e-02
-2.643e-02
-2.568e-02
-1.400e-01
-1.410e-01
-1.351e-01
-1.301e-01
-1.247e-01
-1.189e-01
-1.127e-01
-1.061e-01
-9.913e-02
-9.179e-02
-8.413e-02
-7.614e-02
-6.792e-02
-5.980e-02
-5.069e-02
-4.146e-02
-3.218e-02
-2.276e-02
-1.317e-02
-3.497e-03
-2.769e-03
-1.275e-01
-1.287e-01
-1.219e-01
-1.157e-01
-1.091e-01
-1.021e-01
-9.481e-02
-8.721e-02
-7.933e-02
-7.117e-02
-6.297e-02
-5.452e-02
-4.558e-02
-3.660e-02
-2.756e-02
-1.846e-02
-9.267e-03
-1.106e-04
9.394e-03
1.912e-02
1.986e-02
-1.124e-01
-1.133e-01
-1.056e-01
-9.821e-02
-9.053e-02
-8.260e-02
-7.438e-02
-6.609e-02
-5.789e-02
-4.896e-02
-4.006e-02
-3.124e-02
-2.241e-02
-1.353e-02
-4.694e-03
4.131e-03
1.324e-02
2.252e-02
3.199e-02
4.164e-02
4.237e-02
-9.463e-02
-9.489e-02
-8.641e-02
-7.805e-02
-6.954e-02
-6.112e-02
-5.226e-02
-4.323e-02
-3.432e-02
-2.548e-02
-1.671e-02
-8.047e-03
4.424e-04
9.156e-03
1.793e-02
2.678e-02
3.575e-02
4.487e-02
5.419e-02
6.368e-02
6.434e-02
-7.441e-02
-7.398e-02
-6.498e-02
-5.616e-02
-4.682e-02
-3.758e-02
-2.851e-02
-1.956e-02
-1.075e-02
-2.150e-03
6.360e-03
1.493e-02
2.347e-02
3.200e-02
4.054e-02
4.916e-02
5.787e-02
6.674e-02
7.591e-02
8.539e-02
8.604e-02
-5.217e-02
-5.146e-02
-4.173e-02
-3.224e-02
-2.290e-02
-1.371e-02
-4.777e-03
3.902e-03
1.263e-02
2.122e-02
2.969e-02
3.807e-02
4.638e-02
5.462e-02
6.280e-02
7.114e-02
7.963e-02
8.830e-02
9.725e-02
1.066e-01
1.072e-01
-2.807e-02
-2.737e-02
-1.767e-02
-8.220e-03
8.598e-04
9.986e-03
1.894e-02
2.770e-02
3.630e-02
4.474e-02
5.298e-02
6.101e-02
6.903e-02
7.701e-02
8.495e-02
9.290e-02
1.010e-01
1.094e-01
1.180e-01
1.271e-01
1.276e-01
-4.001e-03
-3.288e-03
6.247e-03
1.572e-02
2.499e-02
3.407e-02
4.293e-02
5.156e-02
5.989e-02
6.812e-02
7.617e-02
8.402e-02
9.168e-02
9.929e-02
1.068e-01
1.144e-01
1.219e-01
1.298e-01
1.381e-01
1.468e-01
1.471e-01
2.014e-02
2.089e-02
3.056e-02
4.002e-02
4.924e-02
5.816e-02
6.685e-02
7.539e-02
8.365e-02
9.165e-02
9.946e-02
1.070e-01
1.143e-01
1.215e-01
1.285e-01
1.354e-01
1.422e-01
1.494e-01
1.572e-01
1.649e-01
1.650e-01
4.460e-02
4.535e-02
5.496e-02
6.427e-02
7.344e-02
8.234e-02
9.095e-02
9.938e-02
1.075e-01
1.154e-01
1.229e-01
1.301e-01
1.369e-01
1.436e-01
1.500e-01
1.561e-01
1.615e-01
1.674e-01
1.757e-01
1.801e-01
1.797e-01
6.903e-02
6.976e-02
7.939e-02
8.872e-02
9.782e-02
1.067e-01
1.153e-01
1.236e-01
1.316e-01
1.393e-01
1.465e-01
1.535e-01
1.593e-01
1.660e-01
1.715e-01
1.769e-01
1.791e-01
1.811e-01
1.834e-01
1.862e-01
1.855e-01
9.365e-02
9.438e-02
1.040e-01
1.134e-01
1.224e-01
1.313e-01
1.398e-01
1.480e-01
1.559e-01
1.634e-01
1.705e-01
1.778e-01
1.805e-01
1.827e-01
1.846e-01
1.865e-01
1.880e-01
1.895e-01
1.911e-01
1.935e-01
1.923e-01
1.019e-01
1.051e-01
1.147e-01
1.240e-01
1.331e-01
1.419e-01
1.505e-01
1.587e-01
1.665e-01
1.738e-01
1.800e-01
1.832e-01
1.852e-01
1.871e-01
1.889e-01
1.905e-01
1.921e-01
1.935e-01
1.950e-01
1.970e-01
1.989e-01
-1.526e-01
-1.551e-01
-1.574e-01
-1.607e-01
-1.645e-01
-1.684e-01
-1.721e-01
-1.754e-01
-1.779e-01
-1.793e-01
-1.793e-01
-1.779e-01
-1.749e-01
-1.704e-01
-1.646e-01
-1.579e-01
-1.503e-01
-1.412e-01
-1.315e-01
-1.216e-01
-1.184e-01
-1.558e-01
-1.610e-01
-1.630e-01
-1.677e-01
-1.723e-01
-1.763e-01
-1.795e-01
-1.816e-01
-1.823e-01
-1.815e-01
-1.792e-01
-1.755e-01
-1.704e-01
-1.640e-01
-1.568e-01
-1.492e-01
-1.400e-01
-1.305e-01
-1.208e-01
-1.109e-01
-1.102e-01
-1.633e-01
-1.696e-01
-1.707e-01
-1.745e-01
-1.775e-01
-1.793e-01
-1.797e-01
-1.785e-01
-1.758e-01
-1.716e-01
-1.660e-01
-1.593e-01
-1.518e-01
-1.434e-01
-1.341e-01
-1.249e-01
-1.154e-01
-1.057e-01
-9.595e-02
-8.605e-02
-8.530e-02
-1.725e-01
-1.792e-01
-1.785e-01
-1.795e-01
-1.791e-01
-1.771e-01
-1.735e-01
-1.685e-01
-1.621e-01
-1.548e-01
-1.470e-01
-1.379e-01
-1.286e-01
-1.193e-01
-1.099e-01
-1.004e-01
-9.079e-02
-8.108e-02
-7.125e-02
-6.130e-02
-6.054e-02
-1.771e-01
-1.817e-01
-1.783e-01
-1.753e-01
-1.709e-01
-1.650e-01
-1.580e-01
-1.505e-01
-1.417e-01
-1.324e-01
-1.231e-01
-1.138e-01
-1.044e-01
-9.497e-02
-8.550e-02
-7.595e-02
-6.632e-02
-5.658e-02
-4.673e-02
-3.677e-02
-3.600e-02
-1.726e-01
-1.744e-01
-1.681e-01
-1.614e-01
-1.539e-01
-1.457e-01
-1.364e-01
-1.270e-01
-1.177e-01
-1.083e-01
-9.893e-02
-8.954e-02
-8.014e-02
-7.070e-02
-6.121e-02
-5.167e-02
-4.205e-02
-3.243e-02
-2.276e-02
-1.290e-02
-1.208e-02
-1.582e-01
-1.582e-01
-1.501e-01
-1.408e-01
-1.313e-01
-1.218e-01
-1.124e-01
-1.029e-01
-9.348e-02
-8.409e-02
-7.471e-02
-6.533e-02
-5.595e-02
-4.656e-02
-3.714e-02
-2.776e-02
-1.835e-02
-8.911e-03
2.905e-04
1.006e-02
1.083e-02
-1.370e-01
-1.363e-01
-1.265e-01
-1.169e-01
-1.072e-01
-9.763e-02
-8.812e-02
-7.865e-02
-6.924e-02
-5.987e-02
-5.054e-02
-4.124e-02
-3.205e-02
-2.289e-02
-1.364e-02
-4.530e-03
4.503e-03
1.398e-02
2.362e-02
3.342e-02
3.418e-02
-1.129e-01
-1.122e-01
-1.024e-01
-9.261e-02
-8.293e-02
-7.333e-02
-6.382e-02
-5.439e-02
-4.503e-02
-3.578e-02
-2.667e-02
-1.761e-02
-8.661e-03
-1.269e-05
9.120e-03
1.835e-02
2.767e-02
3.711e-02
4.670e-02
5.640e-02
5.714e-02
-8.864e-02
-8.794e-02
-7.805e-02
-6.826e-02
-5.857e-02
-4.901e-02
-3.956e-02
-3.032e-02
-2.121e-02
-1.217e-02
-3.396e-03
5.272e-03
1.423e-02
2.323e-02
3.230e-02
4.141e-02
5.062e-02
5.983e-02
6.934e-02
7.906e-02
7.980e-02
-6.423e-02
-6.354e-02
-5.364e-02
-4.388e-02
-3.430e-02
-2.493e-02
-1.569e-02
-6.716e-03
1.895e-03
1.085e-02
1.975e-02
2.861e-02
3.746e-02
4.634e-02
5.521e-02
6.408e-02
7.318e-02
8.246e-02
9.192e-02
1.016e-01
1.023e-01
-3.980e-02
-3.914e-02
-2.937e-02
-1.979e-02
-1.041e-02
-1.439e-03
7.531e-03
1.658e-02
2.552e-02
3.438e-02
4.315e-02
5.184e-02
6.039e-02
6.910e-02
7.787e-02
8.671e-02
9.568e-02
1.048e-01
1.141e-01
1.236e-01
1.243e-01
-1.587e-02
-1.509e-02
-5.537e-03
3.615e-03
1.299e-02
2.224e-02
3.134e-02
4.030e-02
4.913e-02
5.776e-02
6.631e-02
7.487e-02
8.340e-02
9.193e-02
1.005e-01
1.091e-01
1.178e-01
1.267e-01
1.359e-01
1.453e-01
1.460e-01
7.593e-03
8.350e-03
1.808e-02
2.760e-02
3.696e-02
4.615e-02
5.512e-02
6.385e-02
7.257e-02
8.116e-02
8.962e-02
9.800e-02
1.063e-01
1.145e-01
1.228e-01
1.311e-01
1.396e-01
1.483e-01
1.572e-01
1.665e-01
1.671e-01
3.174e-02
3.249e-02
4.219e-02
5.166e-02
6.081e-02
6.993e-02
7.888e-02
8.763e-02
9.623e-02
1.047e-01
1.129e-01
1.210e-01
1.290e-01
1.370e-01
1.449e-01
1.529e-01
1.610e-01
1.693e-01
1.780e-01
1.871e-01
1.876e-01
5.589e-02
5.661e-02
6.619e-02
7.566e-02
8.492e-02
9.400e-02
1.029e-01
1.115e-01
1.198e-01
1.281e-01
1.361e-01
1.440e-01
1.516e-01
1.593e-01
1.668e-01
1.743e-01
1.819e-01
1.898e-01
1.981e-01
2.068e-01
2.071e-01
8.008e-02
8.082e-02
9.049e-02
9.994e-02
1.092e-01
1.181e-01
1.268e-01
1.353e-01
1.436e-01
1.516e-01
1.594e-01
1.670e-01
1.743e-01
1.815e-01
1.885e-01
1.954e-01
2.022e-01
2.094e-01
2.172e-01
2.250e-01
2.250e-01
1.045e-01
1.053e-01
1.149e-01
1.242e-01
1.334e-01
1.423e-01
1.509e-01
1.593e-01
1.675e-01
1.753e-01
1.829e-01
1.901e-01
1.969e-01
2.036e-01
2.100e-01
2.161e-01
2.216e-01
2.274e-01
2.352e-01
2.402e-01
2.398e-01
1.290e-01
1.297e-01
1.393e-01
1.487e-01
1.578e-01
1.667e-01
1.752e-01
1.835e-01
1.916e-01
1.992e-01
2.065e-01
2.134e-01
2.193e-01
2.257e-01
2.312e-01
2.364e-01
2.390e-01
2.415e-01
2.444e-01
2.478e-01
2.471e-01
1.536e-01
1.543e-01
1.640e-01
1.733e-01
1.824e-01
1.912e-01
1.998e-01
2.080e-01
2.159e-01
2.234e-01
2.305e-01
2.374e-01
2.406e-01
2.432e-01
2.456e-01
2.478e-01
2.497e-01
2.516e-01
2.536e-01
2.566e-01
2.554e-01
1.618e-01
1.651e-01
1.747e-01
1.840e-01
1.931e-01
2.019e-01
2.104e-01
2.186e-01
2.265e-01
2.338e-01
2.401e-01
2.439e-01
2.464e-01
2.486e-01
2.507e-01
2.526e-01
2.545e-01
2.563e-01
2.582e-01
2.608e-01
2.632e-01
-1.504e-01
-1.445e-01
-1.346e-01
-1.247e-01
-1.148e-01
-1.049e-01
-9.507e-02
-8.527e-02
-7.550e-02
-6.576e-02
-5.607e-02
-4.643e-02
-3.689e-02
-2.752e-02
-1.855e-02
-9.734e-03
-8.862e-04
8.424e-03
1.811e-02
2.795e-02
3.125e-02
-1.345e-01
-1.338e-01
-1.239e-01
-1.140e-01
-1.041e-01
-9.419e-02
-8.435e-02
-7.456e-02
-6.481e-02
-5.512e-02
-4.549e-02
-3.597e-02
-2.662e-02
-1.735e-02
-8.308e-03
3.171e-04
9.633e-03
1.917e-02
2.890e-02
3.875e-02
3.956e-02
-1.095e-01
-1.088e-01
-9.885e-02
-8.888e-02
-7.894e-02
-6.905e-02
-5.922e-02
-4.945e-02
-3.977e-02
-3.027e-02
-2.093e-02
-1.165e-02
-2.732e-03
6.175e-03
1.546e-02
2.480e-02
3.430e-02
4.393e-02
5.369e-02
6.357e-02
6.438e-02
-8.440e-02
-8.376e-02
-7.374e-02
-6.375e-02
-5.381e-02
-4.397e-02
-3.429e-02
-2.479e-02
-1.538e-02
-6.268e-03
2.462e-03
1.174e-02
2.105e-02
3.039e-02
3.980e-02
4.927e-02
5.884e-02
6.852e-02
7.832e-02
8.822e-02
8.905e-02
-5.926e-02
-5.869e-02
-4.869e-02
-3.875e-02
-2.903e-02
-1.949e-02
-1.013e-02
-1.206e-03
7.903e-03
1.722e-02
2.653e-02
3.589e-02
4.526e-02
5.466e-02
6.411e-02
7.362e-02
8.322e-02
9.292e-02
1.027e-01
1.126e-01
1.135e-01
-3.437e-02
-3.392e-02
-2.417e-02
-1.448e-02
-5.166e-03
3.789e-03
1.320e-02
2.258e-02
3.197e-02
4.135e-02
5.070e-02
6.007e-02
6.944e-02
7.885e-02
8.830e-02
9.781e-02
1.074e-01
1.170e-01
1.267e-01
1.366e-01
1.374e-01
-1.056e-02
-9.947e-03
-7.249e-04
8.738e-03
1.831e-02
2.781e-02
3.730e-02
4.674e-02
5.613e-02
6.550e-02
7.485e-02
8.419e-02
9.353e-02
1.029e-01
1.123e-01
1.217e-01
1.311e-01
1.407e-01
1.501e-01
1.599e-01
1.606e-01
1.254e-02
1.331e-02
2.308e-02
3.280e-02
4.244e-02
5.199e-02
6.149e-02
7.092e-02
8.030e-02
8.963e-02
9.892e-02
1.082e-01
1.174e-01
1.266e-01
1.359e-01
1.451e-01
1.543e-01
1.638e-01
1.734e-01
1.832e-01
1.840e-01
3.661e-02
3.742e-02
4.726e-02
5.700e-02
6.666e-02
7.622e-02
8.570e-02
9.509e-02
1.044e-01
1.136e-01
1.228e-01
1.319e-01
1.409e-01
1.498e-01
1.589e-01
1.682e-01
1.775e-01
1.869e-01
1.965e-01
2.062e-01
2.069e-01
6.084e-02
6.166e-02
7.152e-02
8.128e-02
9.092e-02
1.004e-01
1.099e-01
1.191e-01
1.283e-01
1.373e-01
1.463e-01
1.551e-01
1.641e-01
1.730e-01
1.821e-01
1.912e-01
2.004e-01
2.097e-01
2.192e-01
2.289e-01
2.296e-01
8.515e-02
8.598e-02
9.583e-02
1.056e-01
1.151e-01
1.245e-01
1.338e-01
1.429e-01
1.517e-01
1.607e-01
1.696e-01
1.784e-01
1.873e-01
1.961e-01
2.050e-01
2.139e-01
2.230e-01
2.323e-01
2.418e-01
2.514e-01
2.521e-01
1.095e-01
1.103e-01
1.201e-01
1.297e-01
1.391e-01
1.483e-01
1.573e-01
1.664e-01
1.753e-01
1.842e-01
1.929e-01
2.016e-01
2.103e-01
2.190e-01
2.277e-01
2.366e-01
2.455e-01
2.546e-01
2.640e-01
2.735e-01
2.742e-01
1.336e-01
1.344e-01
1.441e-01
1.534e-01
1.628e-01
1.720e-01
1.811e-01
1.901e-01
1.989e-01
2.076e-01
2.162e-01
2.247e-01
2.332e-01
2.418e-01
2.503e-01
2.589e-01
2.677e-01
2.766e-01
2.858e-01
2.952e-01
2.959e-01
1.574e-01
1.582e-01
1.679e-01
1.774e-01
1.867e-01
1.959e-01
2.049e-01
2.137e-01
2.224e-01
2.310e-01
2.395e-01
2.478e-01
2.561e-01
2.644e-01
2.726e-01
2.810e-01
2.895e-01
2.982e-01
3.071e-01
3.165e-01
3.171e-01
1.815e-01
1.823e-01
1.920e-01
2.014e-01
2.107e-01
2.198e-01
2.287e-01
2.375e-01
2.461e-01
2.545e-01
2.627e-01
2.708e-01
2.789e-01
2.868e-01
2.948e-01
3.028e-01
3.109e-01
3.193e-01
3.280e-01
3.371e-01
3.376e-01
2.057e-01
2.064e-01
2.160e-01
2.255e-01
2.348e-01
2.438e-01
2.527e-01
2.613e-01
2.697e-01
2.779e-01
2.860e-01
2.939e-01
3.016e-01
3.092e-01
3.167e-01
3.243e-01
3.319e-01
3.398e-01
3.481e-01
3.568e-01
3.572e-01
2.299e-01
2.307e-01
2.403e-01
2.498e-01
2.590e-01
2.679e-01
2.767e-01
2.852e-01
2.935e-01
3.015e-01
3.093e-01
3.169e-01
3.242e-01
3.314e-01
3.385e-01
3.454e-01
3.523e-01
3.595e-01
3.672e-01
3.752e-01
3.753e-01
2.543e-01
2.551e-01
2.647e-01
2.741e-01
2.832e-01
2.921e-01
3.008e-01
3.092e-01
3.174e-01
3.252e-01
3.328e-01
3.400e-01
3.469e-01
3.535e-01
3.599e-01
3.661e-01
3.717e-01
3.777e-01
3.848e-01
3.909e-01
3.906e-01
2.788e-01
2.796e-01
2.892e-01
2.985e-01
3.077e-01
3.165e-01
3.251e-01
3.335e-01
3.415e-01
3.492e-01
3.565e-01
3.633e-01
3.693e-01
3.754e-01
3.808e-01
3.858e-01
3.894e-01
3.929e-01
3.968e-01
4.016e-01
4.009e-01
3.035e-01
3.042e-01
3.138e-01
3.232e-01
3.323e-01
3.411e-01
3.497e-01
3.579e-01
3.659e-01
3.734e-01
3.804e-01
3.869e-01
3.910e-01
3.946e-01
3.978e-01
4.008e-01
4.035e-01
4.062e-01
4.093e-01
4.136e-01
4.124e-01
3.117e-01
3.149e-01
3.246e-01
3.339e-01
3.430e-01
3.518e-01
3.604e-01
3.686e-01
3.764e-01
3.838e-01
3.903e-01
3.951e-01
3.985e-01
4.016e-01
4.044e-01
4.071e-01
4.096e-01
4.122e-01
4.151e-01
4.190e-01
4.223e-01
-1.317e-03
4.979e-03
1.487e-02
2.477e-02
3.465e-02
4.448e-02
5.427e-02
6.401e-02
7.371e-02
8.336e-02
9.296e-02
1.025e-01
1.120e-01
1.214e-01
1.306e-01
1.397e-01
1.489e-01
1.583e-01
1.680e-01
1.778e-01
1.811e-01
1.498e-02
1.577e-02
2.571e-02
3.562e-02
4.550e-02
5.534e-02
6.513e-02
7.487e-02
8.456e-02
9.419e-02
1.038e-01
1.132e-01
1.226e-01
1.320e-01
1.412e-01
1.502e-01
1.595e-01
1.690e-01
1.787e-01
1.886e-01
1.894e-01
3.992e-02
4.075e-02
5.071e-02
6.064e-02
7.053e-02
8.036e-02
9.013e-02
9.983e-02
1.095e-01
1.190e-01
1.284e-01
1.377e-01
1.469e-01
1.560e-01
1.653e-01
1.746e-01
1.841e-01
1.938e-01
2.035e-01
2.134e-01
2.142e-01
6.489e-02
6.573e-02
7.570e-02
8.563e-02
9.549e-02
1.053e-01
1.149e-01
1.245e-01
1.339e-01
1.432e-01
1.523e-01
1.616e-01
1.709e-01
1.802e-01
1.896e-01
1.991e-01
2.086e-01
2.183e-01
2.281e-01
2.380e-01
2.388e-01
8.980e-02
9.063e-02
1.006e-01
1.105e-01
1.202e-01
1.298e-01
1.393e-01
1.485e-01
1.577e-01
1.671e-01
1.764e-01
1.857e-01
1.951e-01
2.045e-01
2.139e-01
2.234e-01
2.330e-01
2.427e-01
2.524e-01
2.623e-01
2.632e-01
1.145e-01
1.153e-01
1.251e-01
1.348e-01
1.443e-01
1.536e-01
1.630e-01
1.724e-01
1.818e-01
1.912e-01
2.005e-01
2.099e-01
2.192e-01
2.286e-01
2.381e-01
2.475e-01
2.571e-01
2.667e-01
2.764e-01
2.863e-01
2.871e-01
1.387e-01
1.395e-01
1.490e-01
1.586e-01
1.681e-01
1.776e-01
1.871e-01
1.965e-01
2.059e-01
2.153e-01
2.246e-01
2.340e-01
2.433e-01
2.526e-01
2.620e-01
2.714e-01
2.808e-01
2.904e-01
2.999e-01
3.097e-01
3.105e-01
1.624e-01
1.631e-01
1.729e-01
1.826e-01
1.922e-01
2.018e-01
2.113e-01
2.207e-01
2.301e-01
2.394e-01
2.487e-01
2.579e-01
2.671e-01
2.763e-01
2.856e-01
2.948e-01
3.041e-01
3.136e-01
3.232e-01
3.330e-01
3.337e-01
1.864e-01
1.872e-01
1.971e-01
2.068e-01
2.164e-01
2.260e-01
2.355e-01
2.448e-01
2.541e-01
2.633e-01
2.725e-01
2.816e-01
2.906e-01
2.996e-01
3.088e-01
3.180e-01
3.273e-01
3.367e-01
3.463e-01
3.560e-01
3.568e-01
2.107e-01
2.115e-01
2.213e-01
2.310e-01
2.407e-01
2.502e-01
2.596e-01
2.688e-01
2.780e-01
2.870e-01
2.960e-01
3.049e-01
3.139e-01
3.228e-01
3.319e-01
3.410e-01
3.502e-01
3.595e-01
3.690e-01
3.788e-01
3.795e-01
2.349e-01
2.357e-01
2.456e-01
2.553e-01
2.648e-01
2.742e-01
2.835e-01
2.926e-01
3.015e-01
3.105e-01
3.194e-01
3.282e-01
3.371e-01
3.459e-01
3.548e-01
3.638e-01
3.729e-01
3.822e-01
3.916e-01
4.012e-01
4.020e-01
2.592e-01
2.600e-01
2.698e-01
2.794e-01
2.888e-01
2.980e-01
3.072e-01
3.162e-01
3.251e-01
3.340e-01
3.427e-01
3.514e-01
3.601e-01
3.688e-01
3.776e-01
3.864e-01
3.954e-01
4.045e-01
4.138e-01
4.234e-01
4.241e-01
2.833e-01
2.841e-01
2.938e-01
3.032e-01
3.126e-01
3.218e-01
3.309e-01
3.399e-01
3.487e-01
3.574e-01
3.660e-01
3.746e-01
3.831e-01
3.916e-01
4.002e-01
4.088e-01
4.175e-01
4.265e-01
4.357e-01
4.451e-01
4.458e-01
3.072e-01
3.080e-01
3.177e-01
3.272e-01
3.365e-01
3.457e-01
3.547e-01
3.635e-01
3.723e-01
3.808e-01
3.893e-01
3.977e-01
4.060e-01
4.143e-01
4.225e-01
4.309e-01
4.394e-01
4.481e-01
4.571e-01
4.664e-01
4.670e-01
3.313e-01
3.321e-01
3.418e-01
3.512e-01
3.605e-01
3.696e-01
3.786e-01
3.873e-01
3.959e-01
4.043e-01
4.126e-01
4.207e-01
4.288e-01
4.367e-01
4.447e-01
4.527e-01
4.609e-01
4.693e-01
4.780e-01
4.871e-01
4.876e-01
3.555e-01
3.562e-01
3.659e-01
3.753e-01
3.846e-01
3.937e-01
4.025e-01
4.112e-01
4.196e-01
4.278e-01
4.359e-01
4.438e-01
4.515e-01
4.591e-01
4.667e-01
4.743e-01
4.819e-01
4.898e-01
4.982e-01
5.069e-01
5.073e-01
3.798e-01
3.805e-01
3.902e-01
3.996e-01
4.088e-01
4.178e-01
4.265e-01
4.351e-01
4.434e-01
4.514e-01
4.592e-01
4.668e-01
4.742e-01
4.814e-01
4.885e-01
4.954e-01
5.024e-01
5.096e-01
5.174e-01
5.255e-01
5.256e-01
4.042e-01
4.049e-01
4.145e-01
4.239e-01
4.331e-01
4.420e-01
4.507e-01
4.591e-01
4.673e-01
4.752e-01
4.827e-01
4.900e-01
4.968e-01
5.035e-01
5.100e-01
5.161e-01
5.220e-01
5.281e-01
5.350e-01
5.419e-01
5.416e-01
4.287e-01
4.294e-01
4.390e-01
4.484e-01
4.575e-01
4.664e-01
4.750e-01
4.834e-01
4.914e-01
4.991e-01
5.064e-01
5.133e-01
5.194e-01
5.253e-01
5.308e-01
5.359e-01
5.402e-01
5.445e-01
5.492e-01
5.550e-01
5.544e-01
4.534e-01
4.541e-01
4.637e-01
4.731e-01
4.822e-01
4.910e-01
4.996e-01
5.079e-01
5.158e-01
5.234e-01
5.304e-01
5.368e-01
5.416e-01
5.458e-01
5.496e-01
5.533e-01
5.567e-01
5.602e-01
5.642e-01
5.695e-01
5.685e-01
4.616e-01
4.648e-01
4.744e-01
4.838e-01
4.929e-01
5.017e-01
5.103e-01
5.185e-01
5.264e-01
5.338e-01
5.405e-01
5.459e-01
5.501e-01
5.539e-01
5.574e-01
5.607e-01
5.640e-01
5.673e-01
5.711e-01
5.760e-01
5.800e-01
2.981e-01
3.046e-01
3.145e-01
3.244e-01
3.343e-01
3.441e-01
3.538e-01
3.635e-01
3.732e-01
3.828e-01
3.923e-01
4.018e-01
4.112e-01
4.206e-01
4.299e-01
4.392e-01
4.485e-01
4.580e-01
4.677e-01
4.775e-01
4.808e-01
3.146e-01
3.154e-01
3.253e-01
3.352e-01
3.451e-01
3.549e-01
3.646e-01
3.743e-01
3.840e-01
3.935e-01
4.030e-01
4.125e-01
4.219e-01
4.312e-01
4.405e-01
4.498e-01
4.592e-01
4.687e-01
4.784e-01
4.883e-01
4.891e-01
3.395e-01
3.403e-01
3.503e-01
3.602e-01
3.700e-01
3.798e-01
3.895e-01
3.992e-01
4.087e-01
4.182e-01
4.276e-01
4.370e-01
4.463e-01
4.556e-01
4.649e-01
4.743e-01
4.838e-01
4.934e-01
5.032e-01
5.130e-01
5.138e-01
3.644e-01
3.652e-01
3.752e-01
3.850e-01
3.948e-01
4.046e-01
4.142e-01
4.237e-01
4.332e-01
4.426e-01
4.518e-01
4.612e-01
4.705e-01
4.799e-01
4.893e-01
4.987e-01
5.083e-01
5.179e-01
5.277e-01
5.376e-01
5.383e-01
3.892e-01
3.900e-01
3.999e-01
4.097e-01
4.194e-01
4.290e-01
4.386e-01
4.479e-01
4.573e-01
4.667e-01
4.760e-01
4.853e-01
4.947e-01
5.041e-01
5.135e-01
5.230e-01
5.326e-01
5.422e-01
5.520e-01
5.618e-01
5.626e-01
4.138e-01
4.146e-01
4.244e-01
4.341e-01
4.437e-01
4.532e-01
4.626e-01
4.720e-01
4.814e-01
4.908e-01
5.001e-01
5.095e-01
5.188e-01
5.282e-01
5.376e-01
5.471e-01
5.566e-01
5.662e-01
5.759e-01
5.858e-01
5.865e-01
4.380e-01
4.388e-01
4.485e-01
4.581e-01
4.677e-01
4.773e-01
4.867e-01
4.962e-01
5.055e-01
5.149e-01
5.242e-01
5.335e-01
5.428e-01
5.521e-01
5.615e-01
5.709e-01
5.803e-01
5.899e-01
5.995e-01
6.093e-01
6.101e-01
4.620e-01
4.628e-01
4.725e-01
4.823e-01
4.919e-01
5.014e-01
5.109e-01
5.203e-01
5.296e-01
5.389e-01
5.482e-01
5.574e-01
5.666e-01
5.758e-01
5.851e-01
5.944e-01
6.037e-01
6.132e-01
6.229e-01
6.326e-01
6.334e-01
4.861e-01
4.869e-01
4.967e-01
5.064e-01
5.160e-01
5.256e-01
5.350e-01
5.443e-01
5.536e-01
5.628e-01
5.720e-01
5.811e-01
5.902e-01
5.992e-01
6.084e-01
6.176e-01
6.269e-01
6.364e-01
6.459e-01
6.557e-01
6.564e-01
5.103e-01
5.111e-01
5.209e-01
5.306e-01
5.402e-01
5.497e-01
5.590e-01
5.683e-01
5.775e-01
5.865e-01
5.955e-01
6.045e-01
6.135e-01
6.225e-01
6.315e-01
6.407e-01
6.499e-01
6.592e-01
6.688e-01
6.785e-01
6.792e-01
5.345e-01
5.353e-01
5.451e-01
5.548e-01
5.643e-01
5.737e-01
5.830e-01
5.921e-01
6.011e-01
6.101e-01
6.190e-01
6.279e-01
6.367e-01
6.456e-01
6.545e-01
6.635e-01
6.726e-01
6.819e-01
6.913e-01
7.010e-01
7.017e-01
5.587e-01
5.595e-01
5.692e-01
5.788e-01
5.883e-01
5.976e-01
6.068e-01
6.158e-01
6.247e-01
6.336e-01
6.424e-01
6.511e-01
6.598e-01
6.685e-01
6.773e-01
6.861e-01
6.951e-01
7.042e-01
7.136e-01
7.232e-01
7.239e-01
5.828e-01
5.836e-01
5.933e-01
6.028e-01
6.122e-01
6.215e-01
6.306e-01
6.395e-01
6.484e-01
6.571e-01
6.657e-01
6.743e-01
6.828e-01
6.914e-01
6.999e-01
7.086e-01
7.173e-01
7.263e-01
7.355e-01
7.450e-01
7.456e-01
6.068e-01
6.076e-01
6.173e-01
6.268e-01
6.362e-01
6.454e-01
6.544e-01
6.632e-01
6.720e-01
6.806e-01
6.890e-01
6.974e-01
7.057e-01
7.140e-01
7.223e-01
7.307e-01
7.393e-01
7.480e-01
7.570e-01
7.664e-01
7.670e-01
6.310e-01
6.317e-01
6.414e-01
6.509e-01
6.602e-01
6.693e-01
6.783e-01
6.870e-01
6.956e-01
7.041e-01
7.124e-01
7.205e-01
7.286e-01
7.366e-01
7.446e-01
7.527e-01
7.609e-01
7.693e-01
7.780e-01
7.872e-01
7.877e-01
6.552e-01
6.559e-01
6.656e-01
6.750e-01
6.843e-01
6.934e-01
7.022e-01
7.109e-01
7.193e-01
7.276e-01
7.357e-01
7.436e-01
7.514e-01
7.590e-01
7.667e-01
7.743e-01
7.821e-01
7.901e-01
7.984e-01
8.073e-01
8.078e-01
6.795e-01
6.802e-01
6.899e-01
6.993e-01
7.085e-01
7.175e-01
7.263e-01
7.348e-01
7.432e-01
7.512e-01
7.591e-01
7.667e-01
7.741e-01
7.814e-01
7.886e-01
7.956e-01
8.028e-01
8.102e-01
8.180e-01
8.265e-01
8.267e-01
7.039e-01
7.046e-01
7.143e-01
7.237e-01
7.328e-01
7.418e-01
7.505e-01
7.589e-01
7.671e-01
7.750e-01
7.827e-01
7.900e-01
7.969e-01
8.037e-01
8.102e-01
8.166e-01
8.229e-01
8.294e-01
8.365e-01
8.442e-01
8.442e-01
7.284e-01
7.292e-01
7.388e-01
7.482e-01
7.573e-01
7.662e-01
7.749e-01
7.832e-01
7.913e-01
7.990e-01
8.064e-01
8.133e-01
8.197e-01
8.258e-01
8.316e-01
8.371e-01
8.424e-01
8.478e-01
8.537e-01
8.607e-01
8.605e-01
7.531e-01
7.539e-01
7.635e-01
7.729e-01
7.820e-01
7.909e-01
7.995e-01
8.078e-01
8.158e-01
8.234e-01
8.305e-01
8.370e-01
8.426e-01
8.478e-01
8.526e-01
8.573e-01
8.619e-01
8.667e-01
8.721e-01
8.787e-01
8.781e-01
7.614e-01
7.646e-01
7.742e-01
7.836e-01
7.927e-01
8.016e-01
8.102e-01
8.184e-01
8.264e-01
8.339e-01
8.408e-01
8.470e-01
8.523e-01
8.571e-01
8.617e-01
8.661e-01
8.705e-01
8.751e-01
8.803e-01
8.867e-01
8.915e-01
5.977e-01
6.043e-01
6.142e-01
6.240e-01
6.339e-01
6.436e-01
6.534e-01
6.630e-01
6.727e-01
6.822e-01
6.917e-01
7.012e-01
7.106e-01
7.200e-01
7.293e-01
7.387e-01
7.481e-01
7.577e-01
7.674e-01
7.773e-01
7.805e-01
6.143e-01
6.151e-01
6.250e-01
6.348e-01
6.447e-01
6.544e-01
6.642e-01
6.738e-01
6.834e-01
6.930e-01
7.024e-01
7.119e-01
7.213e-01
7.306e-01
7.400e-01
7.494e-01
7.588e-01
7.684e-01
7.782e-01
7.880e-01
7.888e-01
6.391e-01
6.399e-01
6.499e-01
6.597e-01
6.695e-01
6.793e-01
6.890e-01
6.986e-01
7.081e-01
7.176e-01
7.271e-01
7.364e-01
7.458e-01
7.552e-01
7.645e-01
7.740e-01
7.835e-01
7.931e-01
8.029e-01
8.127e-01
8.135e-01
6.640e-01
6.648e-01
6.747e-01
6.845e-01
6.943e-01
7.040e-01
7.136e-01
7.232e-01
7.326e-01
7.420e-01
7.514e-01
7.608e-01
7.701e-01
7.795e-01
7.889e-01
7.984e-01
8.079e-01
8.176e-01
8.273e-01
8.372e-01
8.380e-01
6.887e-01
6.895e-01
6.993e-01
7.091e-01
7.189e-01
7.285e-01
7.380e-01
7.475e-01
7.569e-01
7.663e-01
7.756e-01
7.850e-01
7.943e-01
8.037e-01
8.131e-01
8.226e-01
8.322e-01
8.418e-01
8.516e-01
8.614e-01
8.622e-01
7.132e-01
7.140e-01
7.238e-01
7.335e-01
7.432e-01
7.527e-01
7.622e-01
7.717e-01
7.811e-01
7.904e-01
7.998e-01
8.091e-01
8.184e-01
8.278e-01
8.372e-01
8.467e-01
8.562e-01
8.658e-01
8.755e-01
8.853e-01
8.861e-01
7.375e-01
7.382e-01
7.480e-01
7.577e-01
7.674e-01
7.769e-01
7.864e-01
7.958e-01
8.052e-01
8.145e-01
8.238e-01
8.331e-01
8.424e-01
8.517e-01
8.611e-01
8.705e-01
8.799e-01
8.895e-01
8.992e-01
9.089e-01
9.097e-01
7.616e-01
7.624e-01
7.722e-01
7.819e-01
7.915e-01
8.011e-01
8.105e-01
8.199e-01
8.292e-01
8.385e-01
8.478e-01
8.570e-01
8.662e-01
8.754e-01
8.847e-01
8.940e-01
9.034e-01
9.129e-01
9.225e-01
9.323e-01
9.330e-01
7.857e-01
7.865e-01
7.963e-01
8.061e-01
8.157e-01
8.252e-01
8.346e-01
8.439e-01
8.532e-01
8.624e-01
8.715e-01
8.807e-01
8.898e-01
8.989e-01
9.080e-01
9.173e-01
9.266e-01
9.361e-01
9.456e-01
9.554e-01
9.561e-01
8.099e-01
8.107e-01
8.205e-01
8.302e-01
8.398e-01
8.493e-01
8.586e-01
8.679e-01
8.770e-01
8.861e-01
8.952e-01
9.042e-01
9.132e-01
9.222e-01
9.312e-01
9.404e-01
9.496e-01
9.590e-01
9.685e-01
9.782e-01
9.789e-01
8.341e-01
8.349e-01
8.447e-01
8.544e-01
8.639e-01
8.733e-01
8.825e-01
8.917e-01
9.008e-01
9.097e-01
9.187e-01
9.275e-01
9.364e-01
9.453e-01
9.542e-01
9.632e-01
9.724e-01
9.816e-01
9.911e-01
1.001e+00
1.001e+00
8.583e-01
8.590e-01
8.688e-01
8.784e-01
8.879e-01
8.972e-01
9.064e-01
9.155e-01
9.244e-01
9.333e-01
9.421e-01
9.508e-01
9.595e-01
9.683e-01
9.771e-01
9.859e-01
9.949e-01
1.004e+00
1.013e+00
1.023e+00
1.024e+00
8.824e-01
8.832e-01
8.929e-01
9.025e-01
9.119e-01
9.211e-01
9.302e-01
9.392e-01
9.481e-01
9.568e-01
9.655e-01
9.740e-01
9.826e-01
9.911e-01
9.997e-01
1.008e+00
1.017e+00
1.026e+00
1.035e+00
1.045e+00
1.046e+00
9.065e-01
9.072e-01
9.170e-01
9.265e-01
9.359e-01
9.451e-01
9.541e-01
9.630e-01
9.717e-01
9.803e-01
9.888e-01
9.972e-01
1.006e+00
1.014e+00
1.022e+00
1.031e+00
1.039e+00
1.048e+00
1.057e+00
1.066e+00
1.067e+00
9.307e-01
9.314e-01
9.411e-01
9.506e-01
9.599e-01
9.690e-01
9.780e-01
9.868e-01
9.954e-01
1.004e+00
1.012e+00
1.020e+00
1.028e+00
1.036e+00
1.045e+00
1.053e+00
1.061e+00
1.069e+00
1.078e+00
1.087e+00
1.088e+00
9.549e-01
9.556e-01
9.653e-01
9.748e-01
9.840e-01
9.931e-01
1.002e+00
1.011e+00
1.019e+00
1.027e+00
1.036e+00
1.043e+00
1.051e+00
1.059e+00
1.067e+00
1.074e+00
1.082e+00
1.090e+00
1.099e+00
1.108e+00
1.108e+00
9.792e-01
9.799e-01
9.896e-01
9.990e-01
1.008e+00
1.017e+00
1.026e+00
1.035e+00
1.043e+00
1.051e+00
1.059e+00
1.067e+00
1.074e+00
1.082e+00
1.089e+00
1.096e+00
1.103e+00
1.111e+00
1.119e+00
1.128e+00
1.128e+00
1.004e+00
1.004e+00
1.014e+00
1.023e+00
1.033e+00
1.042e+00
1.050e+00
1.059e+00
1.067e+00
1.075e+00
1.083e+00
1.090e+00
1.097e+00
1.104e+00
1.111e+00
1.117e+00
1.124e+00
1.131e+00
1.138e+00
1.147e+00
1.147e+00
1.028e+00
1.029e+00
1.039e+00
1.048e+00
1.057e+00
1.066e+00
1.075e+00
1.083e+00
1.091e+00
1.099e+00
1.106e+00
1.114e+00
1.120e+00
1.127e+00
1.133e+00
1.139e+00
1.145e+00
1.151e+00
1.158e+00
1.165e+00
1.165e+00
1.053e+00
1.054e+00
1.063e+00
1.073e+00
1.082e+00
1.091e+00
1.099e+00
1.108e+00
1.116e+00
1.123e+00
1.131e+00
1.137e+00
1.144e+00
1.149e+00
1.155e+00
1.160e+00
1.166e+00
1.172e+00
1.178e+00
1.185e+00
1.185e+00
1.061e+00
1.064e+00
1.074e+00
1.083e+00
1.093e+00
1.101e+00
1.110e+00
1.118e+00
1.126e+00
1.134e+00
1.141e+00
1.148e+00
1.154e+00
1.159e+00
1.165e+00
1.170e+00
1.175e+00
1.181e+00
1.187e+00
1.194e+00
1.200e+00
1.197e+00
1.204e+00
1.214e+00
1.223e+00
1.233e+00
1.243e+00
1.253e+00
1.262e+00
1.272e+00
1.281e+00
1.291e+00
1.300e+00
1.310e+00
1.319e+00
1.329e+00
1.338e+00
1.348e+00
1.357e+00
1.367e+00
1.377e+00
1.380e+00
1.214e+00
1.214e+00
1.224e+00
1.234e+00
1.244e+00
1.254e+00
1.263e+00
1.273e+00
1.283e+00
1.292e+00
1.302e+00
1.311e+00
1.320e+00
1.330e+00
1.339e+00
1.349e+00
1.358e+00
1.368e+00
1.378e+00
1.388e+00
1.388e+00
1.238e+00
1.239e+00
1.249e+00
1.259e+00
1.269e+00
1.279e+00
1.288e+00
1.298e+00
1.307e+00
1.317e+00
1.326e+00
1.336e+00
1.345e+00
1.354e+00
1.364e+00
1.373e+00
1.383e+00
1.393e+00
1.402e+00
1.412e+00
1.413e+00
1.263e+00
1.264e+00
1.274e+00
1.284e+00
1.293e+00
1.303e+00
1.313e+00
1.322e+00
1.332e+00
1.341e+00
1.351e+00
1.360e+00
1.369e+00
1.379e+00
1.388e+00
1.398e+00
1.407e+00
1.417e+00
1.427e+00
1.437e+00
1.437e+00
1.288e+00
1.289e+00
1.299e+00
1.308e+00
1.318e+00
1.328e+00
1.337e+00
1.347e+00
1.356e+00
1.366e+00
1.375e+00
1.384e+00
1.394e+00
1.403e+00
1.413e+00
1.422e+00
1.432e+00
1.441e+00
1.451e+00
1.461e+00
1.462e+00
1.312e+00
1.313e+00
1.323e+00
1.333e+00
1.342e+00
1.352e+00
1.362e+00
1.371e+00
1.380e+00
1.390e+00
1.399e+00
1.408e+00
1.418e+00
1.427e+00
1.437e+00
1.446e+00
1.456e+00
1.465e+00
1.475e+00
1.485e+00
1.486e+00
1.337e+00
1.337e+00
1.347e+00
1.357e+00
1.367e+00
1.376e+00
1.386e+00
1.395e+00
1.405e+00
1.414e+00
1.423e+00
1.432e+00
1.442e+00
1.451e+00
1.460e+00
1.470e+00
1.479e+00
1.489e+00
1.499e+00
1.508e+00
1.509e+00
1.361e+00
1.362e+00
1.372e+00
1.381e+00
1.391e+00
1.400e+00
1.410e+00
1.419e+00
1.429e+00
1.438e+00
1.447e+00
1.456e+00
1.466e+00
1.475e+00
1.484e+00
1.493e+00
1.503e+00
1.512e+00
1.522e+00
1.532e+00
1.533e+00
1.385e+00
1.386e+00
1.396e+00
1.405e+00
1.415e+00
1.425e+00
1.434e+00
1.443e+00
1.453e+00
1.462e+00
1.471e+00
1.480e+00
1.489e+00
1.498e+00
1.507e+00
1.517e+00
1.526e+00
1.536e+00
1.545e+00
1.555e+00
1.556e+00
1.409e+00
1.410e+00
1.420e+00
1.430e+00
1.439e+00
1.449e+00
1.458e+00
1.467e+00
1.476e+00
1.486e+00
1.495e+00
1.504e+00
1.513e+00
1.522e+00
1.531e+00
1.540e+00
1.549e+00
1.559e+00
1.568e+00
1.578e+00
1.579e+00
1.434e+00
1.434e+00
1.444e+00
1.454e+00
1.463e+00
1.473e+00
1.482e+00
1.491e+00
1.500e+00
1.509e+00
1.518e+00
1.527e+00
1.536e+00
1.545e+00
1.554e+00
1.563e+00
1.572e+00
1.581e+00
1.591e+00
1.600e+00
1.601e+00
1.458e+00
1.458e+00
1.468e+00
1.478e+00
1.487e+00
1.497e+00
1.506e+00
1.515e+00
1.524e+00
1.533e+00
1.542e+00
1.550e+00
1.559e+00
1.568e+00
1.577e+00
1.586e+00
1.595e+00
1.604e+00
1.613e+00
1.623e+00
1.623e+00
1.482e+00
1.483e+00
1.492e+00
1.502e+00
1.511e+00
1.521e+00
1.530e+00
1.539e+00
1.548e+00
1.556e+00
1.565e+00
1.574e+00
1.582e+00
1.591e+00
1.599e+00
1.608e+00
1.617e+00
1.626e+00
1.635e+00
1.645e+00
1.645e+00
1.506e+00
1.507e+00
1.516e+00
1.526e+00
1.535e+00
1.545e+00
1.554e+00
1.563e+00
1.571e+00
1.580e+00
1.588e+00
1.597e+00
1.605e+00
1.614e+00
1.622e+00
1.631e+00
1.639e+00
1.648e+00
1.657e+00
1.667e+00
1.667e+00
1.530e+00
1.531e+00
1.541e+00
1.550e+00
1.559e+00
1.569e+00
1.578e+00
1.586e+00
1.595e+00
1.603e+00
1.612e+00
1.620e+00
1.628e+00
1.636e+00
1.645e+00
1.653e+00
1.661e+00
1.670e+00
1.679e+00
1.688e+00
1.689e+00
1.554e+00
1.555e+00
1.565e+00
1.574e+00
1.584e+00
1.593e+00
1.602e+00
1.610e+00
1.619e+00
1.627e+00
1.635e+00
1.643e+00
1.651e+00
1.659e+00
1.667e+00
1.675e+00
1.683e+00
1.691e+00
1.700e+00
1.709e+00
1.710e+00
1.579e+00
1.580e+00
1.589e+00
1.599e+00
1.608e+00
1.617e+00
1.626e+00
1.634e+00
1.643e+00
1.651e+00
1.659e+00
1.667e+00
1.674e+00
1.682e+00
1.689e+00
1.697e+00
1.705e+00
1.713e+00
1.721e+00
1.730e+00
1.730e+00
1.603e+00
1.604e+00
1.614e+00
1.623e+00
1.632e+00
1.641e+00
1.650e+00
1.659e+00
1.667e+00
1.675e+00
1.683e+00
1.690e+00
1.698e+00
1.705e+00
1.712e+00
1.719e+00
1.726e+00
1.734e+00
1.742e+00
1.751e+00
1.751e+00
1.628e+00
1.629e+00
1.638e+00
1.648e+00
1.657e+00
1.666e+00
1.674e+00
1.683e+00
1.691e+00
1.699e+00
1.707e+00
1.714e+00
1.721e+00
1.728e+00
1.735e+00
1.741e+00
1.748e+00
1.755e+00
1.763e+00
1.772e+00
1.772e+00
1.653e+00
1.653e+00
1.663e+00
1.672e+00
1.682e+00
1.690e+00
1.699e+00
1.708e+00
1.716e+00
1.723e+00
1.731e+00
1.738e+00
1.745e+00
1.752e+00
1.758e+00
1.765e+00
1.771e+00
1.778e+00
1.786e+00
1.794e+00
1.794e+00
1.661e+00
1.664e+00
1.674e+00
1.683e+00
1.692e+00
1.701e+00
1.710e+00
1.718e+00
1.726e+00
1.734e+00
1.742e+00
1.749e+00
1.755e+00
1.762e+00
1.768e+00
1.775e+00
1.781e+00
1.788e+00
1.796e+00
1.804e+00
1.810e+00
1.797e+00
1.803e+00
1.813e+00
1.823e+00
1.833e+00
1.842e+00
1.852e+00
1.862e+00
1.871e+00
1.881e+00
1.890e+00
1.900e+00
1.909e+00
1.919e+00
1.928e+00
1.938e+00
1.947e+00
1.957e+00
1.967e+00
1.976e+00
1.980e+00
1.813e+00
1.814e+00
1.824e+00
1.834e+00
1.844e+00
1.853e+00
1.863e+00
1.872e+00
1.882e+00
1.892e+00
1.901e+00
1.910e+00
1.920e+00
1.929e+00
1.939e+00
1.948e+00
1.958e+00
1.968e+00
1.977e+00
1.987e+00
1.988e+00
1.838e+00
1.839e+00
1.849e+00
1.859e+00
1.868e+00
1.878e+00
1.888e+00
1.897e+00
1.907e+00
1.916e+00
1.926e+00
1.935e+00
1.945e+00
1.954e+00
1.963e+00
1.973e+00
1.983e+00
1.992e+00
2.002e+00
2.012e+00
2.013e+00
1.863e+00
1.864e+00
1.873e+00
1.883e+00
1.893e+00
1.903e+00
1.912e+00
1.922e+00
1.931e+00
1.941e+00
1.950e+00
1.960e+00
1.969e+00
1.978e+00
1.988e+00
1.997e+00
2.007e+00
2.017e+00
2.026e+00
2.036e+00
2.037e+00
1.887e+00
1.888e+00
1.898e+00
1.908e+00
1.918e+00
1.927e+00
1.937e+00
1.946e+00
1.956e+00
1.965e+00
1.975e+00
1.984e+00
1.993e+00
2.003e+00
2.012e+00
2.022e+00
2.031e+00
2.041e+00
2.051e+00
2.060e+00
2.061e+00
1.912e+00
1.913e+00
1.922e+00
1.932e+00
1.942e+00
1.952e+00
1.961e+00
1.971e+00
1.980e+00
1.989e+00
1.999e+00
2.008e+00
2.017e+00
2.027e+00
2.036e+00
2.046e+00
2.055e+00
2.065e+00
2.075e+00
2.084e+00
2.085e+00
1.936e+00
1.937e+00
1.947e+00
1.957e+00
1.966e+00
1.976e+00
1.985e+00
1.995e+00
2.004e+00
2.013e+00
2.023e+00
2.032e+00
2.041e+00
2.051e+00
2.060e+00
2.069e+00
2.079e+00
2.089e+00
2.098e+00
2.108e+00
2.109e+00
1.961e+00
1.961e+00
1.971e+00
1.981e+00
1.990e+00
2.000e+00
2.009e+00
2.019e+00
2.028e+00
2.037e+00
2.047e+00
2.056e+00
2.065e+00
2.074e+00
2.084e+00
2.093e+00
2.102e+00
2.112e+00
2.122e+00
2.131e+00
2.132e+00
1.985e+00
1.986e+00
1.995e+00
2.005e+00
2.015e+00
2.024e+00
2.034e+00
2.043e+00
2.052e+00
2.061e+00
2.070e+00
2.080e+00
2.089e+00
2.098e+00
2.107e+00
2.116e+00
2.126e+00
2.135e+00
2.145e+00
2.155e+00
2.155e+00
2.009e+00
2.010e+00
2.020e+00
2.029e+00
2.039e+00
2.048e+00
2.058e+00
2.067e+00
2.076e+00
2.085e+00
2.094e+00
2.103e+00
2.112e+00
2.121e+00
2.130e+00
2.140e+00
2.149e+00
2.158e+00
2.168e+00
2.178e+00
2.178e+00
2.033e+00
2.034e+00
2.044e+00
2.053e+00
2.063e+00
2.072e+00
2.082e+00
2.091e+00
2.100e+00
2.109e+00
2.118e+00
2.127e+00
2.136e+00
2.144e+00
2.153e+00
2.163e+00
2.172e+00
2.181e+00
2.190e+00
2.200e+00
2.201e+00
2.057e+00
2.058e+00
2.068e+00
2.077e+00
2.087e+00
2.096e+00
2.105e+00
2.115e+00
2.124e+00
2.132e+00
2.141e+00
2.150e+00
2.159e+00
2.168e+00
2.176e+00
2.185e+00
2.194e+00
2.204e+00
2.213e+00
2.223e+00
2.223e+00
2.081e+00
2.082e+00
2.092e+00
2.102e+00
2.111e+00
2.120e+00
2.129e+00
2.138e+00
2.147e+00
2.156e+00
2.165e+00
2.173e+00
2.182e+00
2.191e+00
2.199e+00
2.208e+00
2.217e+00
2.226e+00
2.235e+00
2.245e+00
2.245e+00
2.106e+00
2.106e+00
2.116e+00
2.126e+00
2.135e+00
2.144e+00
2.153e+00
2.162e+00
2.171e+00
2.180e+00
2.188e+00
2.197e+00
2.205e+00
2.213e+00
2.222e+00
2.230e+00
2.239e+00
2.248e+00
2.257e+00
2.267e+00
2.267e+00
2.130e+00
2.131e+00
2.140e+00
2.150e+00
2.159e+00
2.168e+00
2.177e+00
2.186e+00
2.195e+00
2.203e+00
2.212e+00
2.220e+00
2.228e+00
2.236e+00
2.245e+00
2.253e+00
2.261e+00
2.270e+00
2.279e+00
2.288e+00
2.289e+00
2.154e+00
2.155e+00
2.165e+00
2.174e+00
2.183e+00
2.192e+00
2.201e+00
2.210e+00
2.219e+00
2.227e+00
2.235e+00
2.243e+00
2.251e+00
2.259e+00
2.267e+00
2.275e+00
2.283e+00
2.292e+00
2.301e+00
2.310e+00
2.310e+00
2.179e+00
2.179e+00
2.189e+00
2.198e+00
2.208e+00
2.217e+00
2.226e+00
2.234e+00
2.243e+00
2.251e+00
2.259e+00
2.267e+00
2.274e+00
2.282e+00
2.290e+00
2.298e+00
2.305e+00
2.314e+00
2.322e+00
2.331e+00
2.332e+00
2.203e+00
2.204e+00
2.213e+00
2.223e+00
2.232e+00
2.241e+00
2.250e+00
2.258e+00
2.267e+00
2.275e+00
2.283e+00
2.290e+00
2.298e+00
2.305e+00
2.313e+00
2.320e+00
2.328e+00
2.336e+00
2.344e+00
2.353e+00
2.354e+00
2.228e+00
2.228e+00
2.238e+00
2.247e+00
2.257e+00
2.266e+00
2.274e+00
2.283e+00
2.291e+00
2.299e+00
2.307e+00
2.314e+00
2.322e+00
2.329e+00
2.336e+00
2.343e+00
2.351e+00
2.358e+00
2.366e+00
2.375e+00
2.376e+00
2.252e+00
2.253e+00
2.263e+00
2.272e+00
2.281e+00
2.290e+00
2.299e+00
2.307e+00
2.316e+00
2.324e+00
2.331e+00
2.339e+00
2.346e+00
2.353e+00
2.360e+00
2.367e+00
2.374e+00
2.382e+00
2.390e+00
2.398e+00
2.399e+00
2.261e+00
2.264e+00
2.274e+00
2.283e+00
2.292e+00
2.301e+00
2.310e+00
2.318e+00
2.326e+00
2.334e+00
2.342e+00
2.349e+00
2.356e+00
2.363e+00
2.370e+00
2.377e+00
2.384e+00
2.392e+00
2.400e+00
2.408e+00
2.414e+00
2.456e+00
2.463e+00
2.473e+00
2.483e+00
2.493e+00
2.502e+00
2.512e+00
2.522e+00
2.531e+00
2.541e+00
2.550e+00
2.560e+00
2.569e+00
2.578e+00
2.588e+00
2.597e+00
2.607e+00
2.617e+00
2.627e+00
2.636e+00
2.640e+00
2.473e+00
2.474e+00
2.484e+00
2.494e+00
2.503e+00
2.513e+00
2.523e+00
2.532e+00
2.542e+00
2.551e+00
2.561e+00
2.570e+00
2.580e+00
2.589e+00
2.599e+00
2.608e+00
2.618e+00
2.627e+00
2.637e+00
2.647e+00
2.648e+00
2.498e+00
2.499e+00
2.509e+00
2.518e+00
2.528e+00
2.538e+00
2.547e+00
2.557e+00
2.567e+00
2.576e+00
2.585e+00
2.595e+00
2.604e+00
2.614e+00
2.623e+00
2.633e+00
2.642e+00
2.652e+00
2.662e+00
2.672e+00
2.673e+00
2.523e+00
2.523e+00
2.533e+00
2.543e+00
2.553e+00
2.562e+00
2.572e+00
2.582e+00
2.591e+00
2.601e+00
2.610e+00
2.619e+00
2.629e+00
2.638e+00
2.648e+00
2.657e+00
2.667e+00
2.676e+00
2.686e+00
2.696e+00
2.697e+00
2.547e+00
2.548e+00
2.558e+00
2.568e+00
2.577e+00
2.587e+00
2.597e+00
2.606e+00
2.616e+00
2.625e+00
2.634e+00
2.644e+00
2.653e+00
2.663e+00
2.672e+00
2.681e+00
2.691e+00
2.701e+00
2.710e+00
2.720e+00
2.721e+00
2.572e+00
2.572e+00
2.582e+00
2.592e+00
2.602e+00
2.611e+00
2.621e+00
2.630e+00
2.640e+00
2.649e+00
2.659e+00
2.668e+00
2.677e+00
2.687e+00
2.696e+00
2.705e+00
2.715e+00
2.725e+00
2.734e+00
2.744e+00
2.745e+00
2.596e+00
2.597e+00
2.607e+00
2.616e+00
2.626e+00
2.636e+00
2.645e+00
2.655e+00
2.664e+00
2.673e+00
2.683e+00
2.692e+00
2.701e+00
2.710e+00
2.720e+00
2.729e+00
2.739e+00
2.748e+00
2.758e+00
2.768e+00
2.769e+00
2.620e+00
2.621e+00
2.631e+00
2.641e+00
2.650e+00
2.660e+00
2.669e+00
2.679e+00
2.688e+00
2.697e+00
2.706e+00
2.716e+00
2.725e+00
2.734e+00
2.743e+00
2.753e+00
2.762e+00
2.772e+00
2.781e+00
2.791e+00
2.792e+00
2.645e+00
2.645e+00
2.655e+00
2.665e+00
2.674e+00
2.684e+00
2.693e+00
2.703e+00
2.712e+00
2.721e+00
2.730e+00
2.739e+00
2.749e+00
2.758e+00
2.767e+00
2.776e+00
2.786e+00
2.795e+00
2.805e+00
2.814e+00
2.815e+00
2.669e+00
2.670e+00
2.679e+00
2.689e+00
2.699e+00
2.708e+00
2.717e+00
2.727e+00
2.736e+00
2.745e+00
2.754e+00
2.763e+00
2.772e+00
2.781e+00
2.790e+00
2.799e+00
2.809e+00
2.818e+00
2.828e+00
2.837e+00
2.838e+00
2.693e+00
2.694e+00
2.703e+00
2.713e+00
2.723e+00
2.732e+00
2.741e+00
2.750e+00
2.760e+00
2.769e+00
2.778e+00
2.786e+00
2.795e+00
2.804e+00
2.813e+00
2.822e+00
2.831e+00
2.841e+00
2.850e+00
2.860e+00
2.861e+00
2.717e+00
2.718e+00
2.728e+00
2.737e+00
2.747e+00
2.756e+00
2.765e+00
2.774e+00
2.783e+00
2.792e+00
2.801e+00
2.810e+00
2.819e+00
2.827e+00
2.836e+00
2.845e+00
2.854e+00
2.863e+00
2.873e+00
2.882e+00
2.883e+00
2.741e+00
2.742e+00
2.752e+00
2.761e+00
2.771e+00
2.780e+00
2.789e+00
2.798e+00
2.807e+00
2.816e+00
2.825e+00
2.833e+00
2.842e+00
2.850e+00
2.859e+00
2.868e+00
2.877e+00
2.886e+00
2.895e+00
2.905e+00
2.905e+00
2.765e+00
2.766e+00
2.776e+00
2.785e+00
2.795e+00
2.804e+00
2.813e+00
2.822e+00
2.831e+00
2.839e+00
2.848e+00
2.856e+00
2.865e+00
2.873e+00
2.882e+00
2.890e+00
2.899e+00
2.908e+00
2.917e+00
2.927e+00
2.927e+00
2.790e+00
2.790e+00
2.800e+00
2.810e+00
2.819e+00
2.828e+00
2.837e+00
2.846e+00
2.855e+00
2.863e+00
2.871e+00
2.880e+00
2.888e+00
2.896e+00
2.904e+00
2.913e+00
2.921e+00
2.930e+00
2.939e+00
2.948e+00
2.949e+00
2.814e+00
2.815e+00
2.824e+00
2.834e+00
2.843e+00
2.852e+00
2.861e+00
2.870e+00
2.878e+00
2.887e+00
2.895e+00
2.903e+00
2.911e+00
2.919e+00
2.927e+00
2.935e+00
2.943e+00
2.952e+00
2.961e+00
2.970e+00
2.971e+00
2.838e+00
2.839e+00
2.849e+00
2.858e+00
2.867e+00
2.877e+00
2.885e+00
2.894e+00
2.902e+00
2.911e+00
2.919e+00
2.927e+00
2.934e+00
2.942e+00
2.950e+00
2.958e+00
2.966e+00
2.974e+00
2.983e+00
2.992e+00
2.992e+00
2.863e+00
2.864e+00
2.873e+00
2.883e+00
2.892e+00
2.901e+00
2.910e+00
2.918e+00
2.927e+00
2.935e+00
2.943e+00
2.950e+00
2.958e+00
2.965e+00
2.973e+00
2.980e+00
2.988e+00
2.996e+00
3.005e+00
3.014e+00
3.014e+00
2.888e+00
2.888e+00
2.898e+00
2.907e+00
2.917e+00
2.925e+00
2.934e+00
2.943e+00
2.951e+00
2.959e+00
2.967e+00
2.974e+00
2.982e+00
2.989e+00
2.996e+00
3.004e+00
3.011e+00
3.019e+00
3.027e+00
3.036e+00
3.037e+00
2.912e+00
2.913e+00
2.923e+00
2.932e+00
2.941e+00
2.950e+00
2.959e+00
2.967e+00
2.976e+00
2.984e+00
2.991e+00
2.999e+00
3.006e+00
3.013e+00
3.020e+00
3.028e+00
3.035e+00
3.043e+00
3.051e+00
3.060e+00
3.060e+00
2.921e+00
2.924e+00
2.933e+00
2.943e+00
2.952e+00
2.961e+00
2.970e+00
2.978e+00
2.986e+00
2.994e+00
3.002e+00
3.009e+00
3.017e+00
3.024e+00
3.031e+00
3.038e+00
3.045e+00
3.053e+00
3.061e+00
3.070e+00
3.076e+00
