1	0	INDP	IPOND
-2.633e-01
-2.616e-01
-2.616e-01
-2.616e-01
-2.616e-01
-2.615e-01
-2.614e-01
-2.612e-01
-2.609e-01
-2.606e-01
-2.601e-01
-2.597e-01
-2.592e-01
-2.586e-01
-2.580e-01
-2.572e-01
-2.564e-01
-2.555e-01
-2.548e-01
-2.519e-01
-2.524e-01
-2.609e-01
-2.573e-01
-2.566e-01
-2.568e-01
-2.568e-01
-2.568e-01
-2.567e-01
-2.566e-01
-2.565e-01
-2.563e-01
-2.562e-01
-2.560e-01
-2.557e-01
-2.554e-01
-2.551e-01
-2.546e-01
-2.539e-01
-2.531e-01
-2.522e-01
-2.498e-01
-2.508e-01
-2.606e-01
-2.567e-01
-2.560e-01
-2.562e-01
-2.559e-01
-2.556e-01
-2.553e-01
-2.550e-01
-2.547e-01
-2.544e-01
-2.540e-01
-2.535e-01
-2.530e-01
-2.523e-01
-2.516e-01
-2.507e-01
-2.496e-01
-2.484e-01
-2.469e-01
-2.439e-01
-2.438e-01
-2.600e-01
-2.566e-01
-2.557e-01
-2.558e-01
-2.554e-01
-2.550e-01
-2.546e-01
-2.542e-01
-2.537e-01
-2.533e-01
-2.526e-01
-2.520e-01
-2.512e-01
-2.502e-01
-2.491e-01
-2.478e-01
-2.461e-01
-2.442e-01
-2.421e-01
-2.384e-01
-2.385e-01
-2.589e-01
-2.562e-01
-2.548e-01
-2.548e-01
-2.542e-01
-2.537e-01
-2.532e-01
-2.527e-01
-2.520e-01
-2.513e-01
-2.504e-01
-2.493e-01
-2.481e-01
-2.467e-01
-2.451e-01
-2.432e-01
-2.410e-01
-2.384e-01
-2.355e-01
-2.311e-01
-2.310e-01
-2.574e-01
-2.555e-01
-2.537e-01
-2.536e-01
-2.529e-01
-2.523e-01
-2.515e-01
-2.506e-01
-2.497e-01
-2.485e-01
-2.472e-01
-2.457e-01
-2.440e-01
-2.420e-01
-2.397e-01
-2.371e-01
-2.341e-01
-2.307e-01
-2.269e-01
-2.218e-01
-2.213e-01
-2.555e-01
-2.546e-01
-2.524e-01
-2.520e-01
-2.511e-01
-2.501e-01
-2.490e-01
-2.477e-01
-2.463e-01
-2.447e-01
-2.428e-01
-2.408e-01
-2.384e-01
-2.357e-01
-2.326e-01
-2.291e-01
-2.252e-01
-2.209e-01
-2.161e-01
-2.100e-01
-2.093e-01
-2.534e-01
-2.532e-01
-2.505e-01
-2.497e-01
-2.484e-01
-2.470e-01
-2.454e-01
-2.436e-01
-2.416e-01
-2.393e-01
-2.369e-01
-2.340e-01
-2.309e-01
-2.273e-01
-2.233e-01
-2.190e-01
-2.140e-01
-2.086e-01
-2.027e-01
-1.957e-01
-1.950e-01
-2.508e-01
-2.509e-01
-2.477e-01
-2.464e-01
-2.445e-01
-2.426e-01
-2.404e-01
-2.379e-01
-2.352e-01
-2.322e-01
-2.288e-01
-2.252e-01
-2.210e-01
-2.165e-01
-2.116e-01
-2.061e-01
-2.003e-01
-1.940e-01
-1.872e-01
-1.795e-01
-1.786e-01
-2.472e-01
-2.474e-01
-2.437e-01
-2.416e-01
-2.392e-01
-2.364e-01
-2.335e-01
-2.302e-01
-2.266e-01
-2.227e-01
-2.184e-01
-2.137e-01
-2.086e-01
-2.032e-01
-1.973e-01
-1.911e-01
-1.844e-01
-1.773e-01
-1.697e-01
-1.612e-01
-1.604e-01
-2.422e-01
-2.422e-01
-2.379e-01
-2.350e-01
-2.317e-01
-2.281e-01
-2.243e-01
-2.200e-01
-2.155e-01
-2.106e-01
-2.053e-01
-1.997e-01
-1.938e-01
-1.876e-01
-1.810e-01
-1.740e-01
-1.665e-01
-1.587e-01
-1.505e-01
-1.417e-01
-1.409e-01
-2.352e-01
-2.350e-01
-2.300e-01
-2.261e-01
-2.218e-01
-2.173e-01
-2.124e-01
-2.071e-01
-2.016e-01
-1.959e-01
-1.899e-01
-1.835e-01
-1.769e-01
-1.699e-01
-1.626e-01
-1.550e-01
-1.471e-01
-1.389e-01
-1.304e-01
-1.214e-01
-1.207e-01
-2.257e-01
-2.252e-01
-2.195e-01
-2.145e-01
-2.092e-01
-2.036e-01
-1.978e-01
-1.917e-01
-1.854e-01
-1.790e-01
-1.722e-01
-1.651e-01
-1.578e-01
-1.504e-01
-1.428e-01
-1.349e-01
-1.268e-01
-1.185e-01
-1.097e-01
-1.004e-01
-9.970e-02
-2.134e-01
-2.128e-01
-2.062e-01
-2.002e-01
-1.940e-01
-1.876e-01
-1.810e-01
-1.742e-01
-1.671e-01
-1.598e-01
-1.525e-01
-1.451e-01
-1.375e-01
-1.299e-01
-1.221e-01
-1.141e-01
-1.058e-01
-9.730e-02
-8.852e-02
-7.925e-02
-7.860e-02
-1.985e-01
-1.977e-01
-1.904e-01
-1.835e-01
-1.765e-01
-1.693e-01
-1.619e-01
-1.544e-01
-1.468e-01
-1.393e-01
-1.316e-01
-1.240e-01
-1.163e-01
-1.085e-01
-1.006e-01
-9.262e-02
-8.449e-02
-7.608e-02
-6.732e-02
-5.820e-02
-5.766e-02
-1.811e-01
-1.803e-01
-1.723e-01
-1.646e-01
-1.568e-01
-1.490e-01
-1.411e-01
-1.333e-01
-1.254e-01
-1.176e-01
-1.097e-01
-1.018e-01
-9.410e-02
-8.641e-02
-7.867e-02
-7.091e-02
-6.310e-02
-5.505e-02
-4.657e-02
-3.772e-02
-3.730e-02
-1.614e-01
-1.606e-01
-1.521e-01
-1.439e-01
-1.356e-01
-1.274e-01
-1.193e-01
-1.110e-01
-1.028e-01
-9.477e-02
-8.682e-02
-7.895e-02
-7.133e-02
-6.389e-02
-5.652e-02
-4.917e-02
-4.201e-02
-3.458e-02
-2.627e-02
-1.829e-02
-1.815e-02
-1.402e-01
-1.394e-01
-1.306e-01
-1.220e-01
-1.134e-01
-1.047e-01
-9.620e-02
-8.780e-02
-7.941e-02
-7.120e-02
-6.320e-02
-5.545e-02
-4.820e-02
-4.113e-02
-3.421e-02
-2.716e-02
-2.139e-02
-1.513e-02
-1.977e-03
9.858e-05
7.247e-05
-1.179e-01
-1.172e-01
-1.079e-01
-9.888e-02
-9.000e-02
-8.111e-02
-7.235e-02
-6.378e-02
-5.538e-02
-4.712e-02
-3.904e-02
-3.102e-02
-2.461e-02
-1.703e-02
-1.012e-02
1.666e-05
1.727e-04
3.575e-04
6.132e-04
7.054e-04
5.715e-04
-9.415e-02
-9.344e-02
-8.405e-02
-7.477e-02
-6.568e-02
-5.676e-02
-4.792e-02
-3.931e-02
-3.090e-02
-2.264e-02
-1.422e-02
3.669e-07
2.891e-04
6.318e-04
9.603e-04
1.284e-03
1.651e-03
2.074e-03
2.468e-03
2.584e-03
2.024e-03
-8.619e-02
-8.298e-02
-7.347e-02
-6.418e-02
-5.508e-02
-4.608e-02
-3.727e-02
-2.865e-02
-2.026e-02
-1.214e-02
-4.514e-03
6.214e-05
4.060e-04
1.091e-03
1.701e-03
2.290e-03
2.828e-03
3.332e-03
3.783e-03
3.945e-03
3.810e-03
-2.574e-01
-2.558e-01
-2.557e-01
-2.558e-01
-2.558e-01
-2.556e-01
-2.555e-01
-2.553e-01
-2.551e-01
-2.548e-01
-2.543e-01
-2.538e-01
-2.533e-01
-2.527e-01
-2.521e-01
-2.514e-01
-2.506e-01
-2.497e-01
-2.490e-01
-2.460e-01
-2.466e-01
-2.550e-01
-2.515e-01
-2.508e-01
-2.510e-01
-2.510e-01
-2.510e-01
-2.509e-01
-2.508e-01
-2.507e-01
-2.505e-01
-2.504e-01
-2.502e-01
-2.500e-01
-2.496e-01
-2.493e-01
-2.488e-01
-2.481e-01
-2.473e-01
-2.465e-01
-2.440e-01
-2.451e-01
-2.548e-01
-2.509e-01
-2.502e-01
-2.504e-01
-2.501e-01
-2.498e-01
-2.496e-01
-2.493e-01
-2.489e-01
-2.486e-01
-2.482e-01
-2.477e-01
-2.472e-01
-2.466e-01
-2.458e-01
-2.449e-01
-2.439e-01
-2.426e-01
-2.411e-01
-2.381e-01
-2.381e-01
-2.542e-01
-2.509e-01
-2.499e-01
-2.500e-01
-2.496e-01
-2.492e-01
-2.488e-01
-2.485e-01
-2.479e-01
-2.475e-01
-2.469e-01
-2.462e-01
-2.454e-01
-2.444e-01
-2.433e-01
-2.420e-01
-2.403e-01
-2.384e-01
-2.363e-01
-2.326e-01
-2.328e-01
-2.531e-01
-2.504e-01
-2.490e-01
-2.490e-01
-2.485e-01
-2.480e-01
-2.475e-01
-2.469e-01
-2.463e-01
-2.455e-01
-2.446e-01
-2.435e-01
-2.423e-01
-2.409e-01
-2.393e-01
-2.374e-01
-2.351e-01
-2.325e-01
-2.297e-01
-2.253e-01
-2.252e-01
-2.515e-01
-2.497e-01
-2.480e-01
-2.478e-01
-2.471e-01
-2.465e-01
-2.457e-01
-2.449e-01
-2.439e-01
-2.428e-01
-2.414e-01
-2.399e-01
-2.382e-01
-2.362e-01
-2.339e-01
-2.313e-01
-2.283e-01
-2.249e-01
-2.211e-01
-2.159e-01
-2.155e-01
-2.497e-01
-2.488e-01
-2.466e-01
-2.462e-01
-2.453e-01
-2.443e-01
-2.432e-01
-2.419e-01
-2.405e-01
-2.389e-01
-2.370e-01
-2.349e-01
-2.325e-01
-2.298e-01
-2.268e-01
-2.233e-01
-2.194e-01
-2.151e-01
-2.102e-01
-2.041e-01
-2.035e-01
-2.475e-01
-2.474e-01
-2.447e-01
-2.439e-01
-2.426e-01
-2.412e-01
-2.396e-01
-2.378e-01
-2.358e-01
-2.335e-01
-2.311e-01
-2.282e-01
-2.250e-01
-2.215e-01
-2.175e-01
-2.131e-01
-2.082e-01
-2.027e-01
-1.969e-01
-1.899e-01
-1.891e-01
-2.450e-01
-2.451e-01
-2.419e-01
-2.406e-01
-2.387e-01
-2.368e-01
-2.346e-01
-2.321e-01
-2.294e-01
-2.264e-01
-2.230e-01
-2.193e-01
-2.152e-01
-2.107e-01
-2.057e-01
-2.003e-01
-1.944e-01
-1.881e-01
-1.813e-01
-1.736e-01
-1.728e-01
-2.413e-01
-2.416e-01
-2.379e-01
-2.358e-01
-2.334e-01
-2.306e-01
-2.276e-01
-2.244e-01
-2.208e-01
-2.169e-01
-2.126e-01
-2.079e-01
-2.028e-01
-1.973e-01
-1.914e-01
-1.852e-01
-1.785e-01
-1.714e-01
-1.638e-01
-1.553e-01
-1.545e-01
-2.363e-01
-2.364e-01
-2.321e-01
-2.292e-01
-2.259e-01
-2.223e-01
-2.184e-01
-2.142e-01
-2.096e-01
-2.047e-01
-1.994e-01
-1.939e-01
-1.880e-01
-1.817e-01
-1.751e-01
-1.681e-01
-1.606e-01
-1.527e-01
-1.445e-01
-1.357e-01
-1.350e-01
-2.293e-01
-2.291e-01
-2.242e-01
-2.203e-01
-2.160e-01
-2.114e-01
-2.065e-01
-2.013e-01
-1.958e-01
-1.900e-01
-1.840e-01
-1.776e-01
-1.710e-01
-1.640e-01
-1.566e-01
-1.490e-01
-1.411e-01
-1.330e-01
-1.244e-01
-1.154e-01
-1.147e-01
-2.198e-01
-2.194e-01
-2.137e-01
-2.087e-01
-2.033e-01
-1.978e-01
-1.919e-01
-1.859e-01
-1.795e-01
-1.731e-01
-1.663e-01
-1.592e-01
-1.519e-01
-1.445e-01
-1.368e-01
-1.289e-01
-1.208e-01
-1.125e-01
-1.037e-01
-9.443e-02
-9.374e-02
-2.075e-01
-2.070e-01
-2.003e-01
-1.943e-01
-1.881e-01
-1.817e-01
-1.751e-01
-1.682e-01
-1.611e-01
-1.539e-01
-1.466e-01
-1.391e-01
-1.316e-01
-1.239e-01
-1.161e-01
-1.081e-01
-9.986e-02
-9.133e-02
-8.254e-02
-7.326e-02
-7.263e-02
-1.925e-01
-1.918e-01
-1.845e-01
-1.776e-01
-1.706e-01
-1.634e-01
-1.559e-01
-1.484e-01
-1.409e-01
-1.333e-01
-1.257e-01
-1.180e-01
-1.103e-01
-1.025e-01
-9.462e-02
-8.664e-02
-7.851e-02
-7.009e-02
-6.133e-02
-5.221e-02
-5.168e-02
-1.752e-01
-1.744e-01
-1.664e-01
-1.587e-01
-1.509e-01
-1.431e-01
-1.352e-01
-1.273e-01
-1.194e-01
-1.116e-01
-1.037e-01
-9.587e-02
-8.812e-02
-8.043e-02
-7.268e-02
-6.492e-02
-5.711e-02
-4.906e-02
-4.057e-02
-3.172e-02
-3.131e-02
-1.555e-01
-1.547e-01
-1.462e-01
-1.380e-01
-1.297e-01
-1.215e-01
-1.133e-01
-1.051e-01
-9.687e-02
-8.879e-02
-8.083e-02
-7.297e-02
-6.534e-02
-5.790e-02
-5.053e-02
-4.317e-02
-3.601e-02
-2.858e-02
-2.028e-02
-1.229e-02
-1.215e-02
-1.343e-01
-1.335e-01
-1.246e-01
-1.160e-01
-1.074e-01
-9.876e-02
-9.023e-02
-8.182e-02
-7.343e-02
-6.521e-02
-5.721e-02
-4.946e-02
-4.220e-02
-3.513e-02
-2.821e-02
-2.116e-02
-1.539e-02
-9.132e-03
3.754e-03
6.034e-03
5.980e-03
-1.120e-01
-1.112e-01
-1.020e-01
-9.290e-02
-8.402e-02
-7.512e-02
-6.636e-02
-5.779e-02
-4.939e-02
-4.112e-02
-3.304e-02
-2.502e-02
-1.861e-02
-1.121e-02
-4.306e-03
5.758e-03
6.049e-03
6.323e-03
6.683e-03
6.882e-03
6.721e-03
-8.817e-02
-8.747e-02
-7.807e-02
-6.879e-02
-5.969e-02
-5.077e-02
-4.193e-02
-3.331e-02
-2.491e-02
-1.664e-02
-8.219e-03
5.837e-03
6.218e-03
6.650e-03
7.059e-03
7.453e-03
7.853e-03
8.317e-03
8.760e-03
8.972e-03
8.376e-03
-8.021e-02
-7.702e-02
-6.750e-02
-5.820e-02
-4.909e-02
-4.009e-02
-3.128e-02
-2.266e-02
-1.427e-02
-6.145e-03
1.487e-03
6.149e-03
6.561e-03
7.289e-03
7.938e-03
8.565e-03
9.136e-03
9.676e-03
1.017e-02
1.041e-02
1.037e-02
-2.466e-01
-2.451e-01
-2.451e-01
-2.451e-01
-2.451e-01
-2.450e-01
-2.449e-01
-2.447e-01
-2.445e-01
-2.441e-01
-2.437e-01
-2.432e-01
-2.427e-01
-2.421e-01
-2.415e-01
-2.407e-01
-2.399e-01
-2.390e-01
-2.382e-01
-2.353e-01
-2.361e-01
-2.444e-01
-2.411e-01
-2.404e-01
-2.406e-01
-2.406e-01
-2.406e-01
-2.405e-01
-2.404e-01
-2.403e-01
-2.401e-01
-2.400e-01
-2.397e-01
-2.395e-01
-2.392e-01
-2.388e-01
-2.383e-01
-2.376e-01
-2.368e-01
-2.359e-01
-2.335e-01
-2.347e-01
-2.442e-01
-2.405e-01
-2.398e-01
-2.400e-01
-2.397e-01
-2.394e-01
-2.392e-01
-2.388e-01
-2.385e-01
-2.382e-01
-2.378e-01
-2.372e-01
-2.367e-01
-2.361e-01
-2.353e-01
-2.344e-01
-2.333e-01
-2.320e-01
-2.305e-01
-2.275e-01
-2.277e-01
-2.436e-01
-2.405e-01
-2.395e-01
-2.396e-01
-2.392e-01
-2.388e-01
-2.384e-01
-2.380e-01
-2.375e-01
-2.370e-01
-2.364e-01
-2.357e-01
-2.349e-01
-2.339e-01
-2.328e-01
-2.314e-01
-2.297e-01
-2.277e-01
-2.256e-01
-2.220e-01
-2.223e-01
-2.425e-01
-2.400e-01
-2.386e-01
-2.386e-01
-2.380e-01
-2.375e-01
-2.370e-01
-2.364e-01
-2.358e-01
-2.350e-01
-2.341e-01
-2.330e-01
-2.318e-01
-2.304e-01
-2.287e-01
-2.268e-01
-2.245e-01
-2.219e-01
-2.189e-01
-2.145e-01
-2.146e-01
-2.409e-01
-2.393e-01
-2.375e-01
-2.373e-01
-2.366e-01
-2.360e-01
-2.352e-01
-2.343e-01
-2.333e-01
-2.322e-01
-2.309e-01
-2.293e-01
-2.276e-01
-2.255e-01
-2.232e-01
-2.206e-01
-2.175e-01
-2.141e-01
-2.102e-01
-2.050e-01
-2.048e-01
-2.391e-01
-2.384e-01
-2.361e-01
-2.357e-01
-2.348e-01
-2.338e-01
-2.327e-01
-2.314e-01
-2.299e-01
-2.283e-01
-2.264e-01
-2.243e-01
-2.218e-01
-2.191e-01
-2.160e-01
-2.125e-01
-2.085e-01
-2.041e-01
-1.993e-01
-1.931e-01
-1.926e-01
-2.369e-01
-2.369e-01
-2.342e-01
-2.334e-01
-2.321e-01
-2.306e-01
-2.290e-01
-2.272e-01
-2.252e-01
-2.228e-01
-2.203e-01
-2.174e-01
-2.142e-01
-2.106e-01
-2.066e-01
-2.021e-01
-1.972e-01
-1.917e-01
-1.857e-01
-1.787e-01
-1.781e-01
-2.342e-01
-2.346e-01
-2.313e-01
-2.300e-01
-2.281e-01
-2.262e-01
-2.239e-01
-2.214e-01
-2.186e-01
-2.156e-01
-2.122e-01
-2.084e-01
-2.043e-01
-1.997e-01
-1.947e-01
-1.892e-01
-1.832e-01
-1.768e-01
-1.700e-01
-1.622e-01
-1.615e-01
-2.305e-01
-2.310e-01
-2.273e-01
-2.252e-01
-2.227e-01
-2.199e-01
-2.169e-01
-2.135e-01
-2.099e-01
-2.060e-01
-2.016e-01
-1.969e-01
-1.917e-01
-1.862e-01
-1.802e-01
-1.739e-01
-1.672e-01
-1.600e-01
-1.523e-01
-1.438e-01
-1.431e-01
-2.254e-01
-2.257e-01
-2.214e-01
-2.184e-01
-2.151e-01
-2.114e-01
-2.075e-01
-2.032e-01
-1.986e-01
-1.937e-01
-1.883e-01
-1.827e-01
-1.767e-01
-1.704e-01
-1.637e-01
-1.567e-01
-1.491e-01
-1.412e-01
-1.329e-01
-1.241e-01
-1.234e-01
-2.183e-01
-2.183e-01
-2.133e-01
-2.094e-01
-2.051e-01
-2.004e-01
-1.955e-01
-1.902e-01
-1.846e-01
-1.788e-01
-1.727e-01
-1.663e-01
-1.596e-01
-1.525e-01
-1.451e-01
-1.375e-01
-1.295e-01
-1.213e-01
-1.127e-01
-1.037e-01
-1.030e-01
-2.087e-01
-2.085e-01
-2.027e-01
-1.977e-01
-1.923e-01
-1.866e-01
-1.807e-01
-1.746e-01
-1.682e-01
-1.617e-01
-1.549e-01
-1.477e-01
-1.404e-01
-1.329e-01
-1.252e-01
-1.172e-01
-1.091e-01
-1.007e-01
-9.188e-02
-8.259e-02
-8.193e-02
-1.963e-01
-1.959e-01
-1.892e-01
-1.832e-01
-1.769e-01
-1.704e-01
-1.637e-01
-1.568e-01
-1.497e-01
-1.424e-01
-1.350e-01
-1.275e-01
-1.199e-01
-1.122e-01
-1.044e-01
-9.633e-02
-8.803e-02
-7.946e-02
-7.065e-02
-6.136e-02
-6.073e-02
-1.812e-01
-1.806e-01
-1.732e-01
-1.663e-01
-1.592e-01
-1.519e-01
-1.444e-01
-1.369e-01
-1.293e-01
-1.216e-01
-1.140e-01
-1.063e-01
-9.855e-02
-9.069e-02
-8.276e-02
-7.476e-02
-6.660e-02
-5.817e-02
-4.939e-02
-4.025e-02
-3.973e-02
-1.637e-01
-1.630e-01
-1.550e-01
-1.472e-01
-1.394e-01
-1.315e-01
-1.236e-01
-1.156e-01
-1.077e-01
-9.987e-02
-9.191e-02
-8.402e-02
-7.624e-02
-6.853e-02
-6.076e-02
-5.298e-02
-4.515e-02
-3.709e-02
-2.859e-02
-1.974e-02
-1.932e-02
-1.439e-01
-1.432e-01
-1.347e-01
-1.264e-01
-1.181e-01
-1.098e-01
-1.016e-01
-9.328e-02
-8.504e-02
-7.692e-02
-6.894e-02
-6.105e-02
-5.341e-02
-4.594e-02
-3.856e-02
-3.120e-02
-2.403e-02
-1.659e-02
-8.272e-03
-2.918e-04
-1.582e-04
-1.226e-01
-1.219e-01
-1.130e-01
-1.043e-01
-9.565e-02
-8.695e-02
-7.838e-02
-6.994e-02
-6.152e-02
-5.328e-02
-4.526e-02
-3.749e-02
-3.022e-02
-2.315e-02
-1.621e-02
-9.167e-03
-3.401e-03
2.868e-03
1.535e-02
1.792e-02
1.784e-02
-1.002e-01
-9.945e-02
-9.016e-02
-8.107e-02
-7.216e-02
-6.323e-02
-5.444e-02
-4.585e-02
-3.743e-02
-2.914e-02
-2.104e-02
-1.301e-02
-6.618e-03
6.387e-04
7.500e-03
1.730e-02
1.782e-02
1.827e-02
1.881e-02
1.923e-02
1.902e-02
-7.632e-02
-7.564e-02
-6.621e-02
-5.690e-02
-4.778e-02
-3.883e-02
-2.997e-02
-2.134e-02
-1.292e-02
-4.641e-03
3.791e-03
1.742e-02
1.808e-02
1.869e-02
1.923e-02
1.977e-02
2.025e-02
2.080e-02
2.134e-02
2.174e-02
2.108e-02
-6.837e-02
-6.518e-02
-5.564e-02
-4.631e-02
-3.717e-02
-2.814e-02
-1.931e-02
-1.068e-02
-2.274e-03
5.855e-03
1.349e-02
1.829e-02
1.886e-02
1.968e-02
2.040e-02
2.110e-02
2.174e-02
2.236e-02
2.293e-02
2.333e-02
2.346e-02
-2.326e-01
-2.314e-01
-2.314e-01
-2.315e-01
-2.315e-01
-2.314e-01
-2.313e-01
-2.312e-01
-2.309e-01
-2.306e-01
-2.302e-01
-2.297e-01
-2.291e-01
-2.285e-01
-2.278e-01
-2.270e-01
-2.261e-01
-2.251e-01
-2.243e-01
-2.213e-01
-2.224e-01
-2.307e-01
-2.278e-01
-2.271e-01
-2.273e-01
-2.274e-01
-2.273e-01
-2.272e-01
-2.271e-01
-2.270e-01
-2.267e-01
-2.266e-01
-2.264e-01
-2.261e-01
-2.257e-01
-2.254e-01
-2.248e-01
-2.241e-01
-2.232e-01
-2.222e-01
-2.197e-01
-2.213e-01
-2.306e-01
-2.273e-01
-2.265e-01
-2.267e-01
-2.265e-01
-2.262e-01
-2.259e-01
-2.255e-01
-2.252e-01
-2.248e-01
-2.243e-01
-2.238e-01
-2.233e-01
-2.225e-01
-2.217e-01
-2.208e-01
-2.196e-01
-2.182e-01
-2.167e-01
-2.136e-01
-2.142e-01
-2.301e-01
-2.272e-01
-2.262e-01
-2.263e-01
-2.259e-01
-2.255e-01
-2.250e-01
-2.246e-01
-2.241e-01
-2.235e-01
-2.229e-01
-2.221e-01
-2.212e-01
-2.202e-01
-2.190e-01
-2.176e-01
-2.158e-01
-2.138e-01
-2.116e-01
-2.078e-01
-2.085e-01
-2.290e-01
-2.267e-01
-2.253e-01
-2.252e-01
-2.247e-01
-2.241e-01
-2.235e-01
-2.229e-01
-2.222e-01
-2.214e-01
-2.204e-01
-2.193e-01
-2.180e-01
-2.165e-01
-2.148e-01
-2.128e-01
-2.104e-01
-2.077e-01
-2.046e-01
-2.001e-01
-2.005e-01
-2.274e-01
-2.259e-01
-2.241e-01
-2.239e-01
-2.232e-01
-2.225e-01
-2.216e-01
-2.207e-01
-2.197e-01
-2.185e-01
-2.171e-01
-2.155e-01
-2.137e-01
-2.115e-01
-2.091e-01
-2.063e-01
-2.031e-01
-1.995e-01
-1.955e-01
-1.902e-01
-1.903e-01
-2.254e-01
-2.249e-01
-2.226e-01
-2.221e-01
-2.212e-01
-2.201e-01
-2.190e-01
-2.176e-01
-2.161e-01
-2.144e-01
-2.124e-01
-2.102e-01
-2.076e-01
-2.048e-01
-2.015e-01
-1.979e-01
-1.938e-01
-1.892e-01
-1.842e-01
-1.779e-01
-1.777e-01
-2.230e-01
-2.233e-01
-2.206e-01
-2.197e-01
-2.183e-01
-2.168e-01
-2.151e-01
-2.132e-01
-2.111e-01
-2.087e-01
-2.060e-01
-2.030e-01
-1.997e-01
-1.959e-01
-1.917e-01
-1.871e-01
-1.820e-01
-1.763e-01
-1.702e-01
-1.630e-01
-1.626e-01
-2.202e-01
-2.209e-01
-2.176e-01
-2.161e-01
-2.142e-01
-2.121e-01
-2.098e-01
-2.071e-01
-2.042e-01
-2.011e-01
-1.975e-01
-1.936e-01
-1.893e-01
-1.846e-01
-1.794e-01
-1.737e-01
-1.676e-01
-1.610e-01
-1.540e-01
-1.460e-01
-1.455e-01
-2.163e-01
-2.171e-01
-2.133e-01
-2.111e-01
-2.085e-01
-2.056e-01
-2.024e-01
-1.989e-01
-1.952e-01
-1.911e-01
-1.866e-01
-1.817e-01
-1.763e-01
-1.706e-01
-1.645e-01
-1.579e-01
-1.510e-01
-1.436e-01
-1.358e-01
-1.272e-01
-1.266e-01
-2.109e-01
-2.116e-01
-2.071e-01
-2.040e-01
-2.005e-01
-1.967e-01
-1.927e-01
-1.883e-01
-1.835e-01
-1.783e-01
-1.728e-01
-1.670e-01
-1.608e-01
-1.543e-01
-1.474e-01
-1.402e-01
-1.325e-01
-1.244e-01
-1.160e-01
-1.070e-01
-1.064e-01
-2.035e-01
-2.038e-01
-1.987e-01
-1.946e-01
-1.902e-01
-1.854e-01
-1.802e-01
-1.748e-01
-1.690e-01
-1.630e-01
-1.567e-01
-1.501e-01
-1.432e-01
-1.360e-01
-1.284e-01
-1.206e-01
-1.125e-01
-1.041e-01
-9.539e-02
-8.625e-02
-8.564e-02
-1.936e-01
-1.936e-01
-1.877e-01
-1.825e-01
-1.769e-01
-1.711e-01
-1.650e-01
-1.587e-01
-1.521e-01
-1.454e-01
-1.384e-01
-1.311e-01
-1.236e-01
-1.159e-01
-1.080e-01
-9.998e-02
-9.170e-02
-8.322e-02
-7.430e-02
-6.495e-02
-6.431e-02
-1.808e-01
-1.806e-01
-1.738e-01
-1.675e-01
-1.611e-01
-1.544e-01
-1.475e-01
-1.405e-01
-1.332e-01
-1.257e-01
-1.181e-01
-1.105e-01
-1.027e-01
-9.484e-02
-8.690e-02
-7.878e-02
-7.039e-02
-6.175e-02
-5.287e-02
-4.353e-02
-4.292e-02
-1.653e-01
-1.648e-01
-1.573e-01
-1.502e-01
-1.430e-01
-1.355e-01
-1.278e-01
-1.201e-01
-1.123e-01
-1.045e-01
-9.667e-02
-8.885e-02
-8.105e-02
-7.309e-02
-6.507e-02
-5.700e-02
-4.879e-02
-4.030e-02
-3.148e-02
-2.231e-02
-2.179e-02
-1.473e-01
-1.468e-01
-1.387e-01
-1.307e-01
-1.226e-01
-1.146e-01
-1.065e-01
-9.842e-02
-9.037e-02
-8.241e-02
-7.434e-02
-6.636e-02
-5.851e-02
-5.073e-02
-4.291e-02
-3.508e-02
-2.722e-02
-1.913e-02
-1.061e-02
-1.748e-03
-1.333e-03
-1.272e-01
-1.265e-01
-1.178e-01
-1.094e-01
-1.009e-01
-9.250e-02
-8.417e-02
-7.577e-02
-6.741e-02
-5.921e-02
-5.116e-02
-4.321e-02
-3.552e-02
-2.802e-02
-2.061e-02
-1.322e-02
-6.041e-03
1.414e-03
9.736e-03
1.771e-02
1.784e-02
-1.054e-01
-1.048e-01
-9.576e-02
-8.696e-02
-7.819e-02
-6.938e-02
-6.071e-02
-5.219e-02
-4.370e-02
-3.540e-02
-2.734e-02
-1.954e-02
-1.224e-02
-5.157e-03
1.789e-03
8.823e-03
1.459e-02
2.086e-02
3.287e-02
3.577e-02
3.565e-02
-8.272e-02
-8.204e-02
-7.264e-02
-6.345e-02
-5.443e-02
-4.543e-02
-3.658e-02
-2.793e-02
-1.947e-02
-1.116e-02
-3.050e-03
4.998e-03
1.138e-02
1.850e-02
2.530e-02
3.474e-02
3.554e-02
3.620e-02
3.701e-02
3.775e-02
3.747e-02
-5.868e-02
-5.800e-02
-4.851e-02
-3.911e-02
-2.992e-02
-2.092e-02
-1.202e-02
-3.360e-03
5.071e-03
1.336e-02
2.180e-02
3.490e-02
3.592e-02
3.674e-02
3.748e-02
3.822e-02
3.884e-02
3.951e-02
4.019e-02
4.087e-02
4.011e-02
-5.069e-02
-4.749e-02
-3.788e-02
-2.847e-02
-1.927e-02
-1.020e-02
-1.332e-03
7.311e-03
1.572e-02
2.385e-02
3.149e-02
3.650e-02
3.729e-02
3.823e-02
3.908e-02
3.989e-02
4.064e-02
4.135e-02
4.206e-02
4.268e-02
4.307e-02
-2.173e-01
-2.165e-01
-2.165e-01
-2.167e-01
-2.168e-01
-2.168e-01
-2.168e-01
-2.166e-01
-2.164e-01
-2.161e-01
-2.157e-01
-2.151e-01
-2.145e-01
-2.138e-01
-2.130e-01
-2.121e-01
-2.111e-01
-2.099e-01
-2.089e-01
-2.057e-01
-2.072e-01
-2.159e-01
-2.134e-01
-2.127e-01
-2.130e-01
-2.130e-01
-2.130e-01
-2.129e-01
-2.128e-01
-2.126e-01
-2.123e-01
-2.122e-01
-2.118e-01
-2.115e-01
-2.111e-01
-2.106e-01
-2.099e-01
-2.091e-01
-2.081e-01
-2.070e-01
-2.044e-01
-2.064e-01
-2.159e-01
-2.130e-01
-2.121e-01
-2.124e-01
-2.121e-01
-2.118e-01
-2.115e-01
-2.111e-01
-2.107e-01
-2.102e-01
-2.097e-01
-2.091e-01
-2.084e-01
-2.076e-01
-2.067e-01
-2.056e-01
-2.043e-01
-2.028e-01
-2.011e-01
-1.978e-01
-1.989e-01
-2.156e-01
-2.130e-01
-2.119e-01
-2.120e-01
-2.115e-01
-2.110e-01
-2.105e-01
-2.100e-01
-2.094e-01
-2.087e-01
-2.080e-01
-2.071e-01
-2.061e-01
-2.050e-01
-2.036e-01
-2.021e-01
-2.001e-01
-1.979e-01
-1.955e-01
-1.915e-01
-1.926e-01
-2.146e-01
-2.123e-01
-2.109e-01
-2.107e-01
-2.101e-01
-2.094e-01
-2.088e-01
-2.081e-01
-2.073e-01
-2.063e-01
-2.052e-01
-2.040e-01
-2.026e-01
-2.009e-01
-1.990e-01
-1.967e-01
-1.941e-01
-1.912e-01
-1.878e-01
-1.831e-01
-1.839e-01
-2.128e-01
-2.114e-01
-2.095e-01
-2.092e-01
-2.084e-01
-2.076e-01
-2.066e-01
-2.056e-01
-2.044e-01
-2.031e-01
-2.015e-01
-1.997e-01
-1.978e-01
-1.954e-01
-1.927e-01
-1.897e-01
-1.862e-01
-1.823e-01
-1.779e-01
-1.724e-01
-1.728e-01
-2.105e-01
-2.101e-01
-2.078e-01
-2.072e-01
-2.061e-01
-2.049e-01
-2.036e-01
-2.021e-01
-2.005e-01
-1.985e-01
-1.963e-01
-1.939e-01
-1.911e-01
-1.879e-01
-1.844e-01
-1.804e-01
-1.760e-01
-1.711e-01
-1.656e-01
-1.591e-01
-1.592e-01
-2.078e-01
-2.083e-01
-2.055e-01
-2.044e-01
-2.029e-01
-2.012e-01
-1.994e-01
-1.973e-01
-1.949e-01
-1.923e-01
-1.893e-01
-1.860e-01
-1.823e-01
-1.783e-01
-1.737e-01
-1.688e-01
-1.633e-01
-1.572e-01
-1.506e-01
-1.431e-01
-1.429e-01
-2.045e-01
-2.055e-01
-2.021e-01
-2.005e-01
-1.983e-01
-1.961e-01
-1.935e-01
-1.905e-01
-1.874e-01
-1.839e-01
-1.800e-01
-1.758e-01
-1.711e-01
-1.660e-01
-1.604e-01
-1.543e-01
-1.478e-01
-1.408e-01
-1.334e-01
-1.251e-01
-1.247e-01
-2.001e-01
-2.013e-01
-1.973e-01
-1.948e-01
-1.920e-01
-1.888e-01
-1.854e-01
-1.816e-01
-1.775e-01
-1.730e-01
-1.681e-01
-1.629e-01
-1.571e-01
-1.510e-01
-1.445e-01
-1.375e-01
-1.302e-01
-1.224e-01
-1.143e-01
-1.054e-01
-1.049e-01
-1.941e-01
-1.952e-01
-1.905e-01
-1.871e-01
-1.833e-01
-1.792e-01
-1.748e-01
-1.700e-01
-1.649e-01
-1.593e-01
-1.534e-01
-1.472e-01
-1.406e-01
-1.336e-01
-1.264e-01
-1.188e-01
-1.108e-01
-1.024e-01
-9.364e-02
-8.447e-02
-8.388e-02
-1.860e-01
-1.867e-01
-1.813e-01
-1.768e-01
-1.720e-01
-1.669e-01
-1.614e-01
-1.555e-01
-1.494e-01
-1.429e-01
-1.362e-01
-1.292e-01
-1.220e-01
-1.145e-01
-1.065e-01
-9.836e-02
-8.997e-02
-8.132e-02
-7.236e-02
-6.306e-02
-6.244e-02
-1.752e-01
-1.756e-01
-1.694e-01
-1.639e-01
-1.579e-01
-1.516e-01
-1.452e-01
-1.384e-01
-1.315e-01
-1.243e-01
-1.170e-01
-1.093e-01
-1.015e-01
-9.350e-02
-8.537e-02
-7.706e-02
-6.856e-02
-5.989e-02
-5.080e-02
-4.135e-02
-4.070e-02
-1.616e-01
-1.617e-01
-1.545e-01
-1.479e-01
-1.410e-01
-1.339e-01
-1.266e-01
-1.192e-01
-1.116e-01
-1.037e-01
-9.585e-02
-8.790e-02
-7.988e-02
-7.179e-02
-6.363e-02
-5.536e-02
-4.682e-02
-3.805e-02
-2.907e-02
-1.967e-02
-1.905e-02
-1.451e-01
-1.449e-01
-1.370e-01
-1.295e-01
-1.219e-01
-1.141e-01
-1.061e-01
-9.798e-02
-8.990e-02
-8.180e-02
-7.370e-02
-6.566e-02
-5.768e-02
-4.956e-02
-4.142e-02
-3.324e-02
-2.495e-02
-1.639e-02
-7.521e-03
1.666e-03
2.190e-03
-1.263e-01
-1.258e-01
-1.175e-01
-1.091e-01
-1.007e-01
-9.233e-02
-8.394e-02
-7.556e-02
-6.727e-02
-5.911e-02
-5.087e-02
-4.274e-02
-3.477e-02
-2.691e-02
-1.902e-02
-1.114e-02
-3.251e-03
4.853e-03
1.338e-02
2.224e-02
2.266e-02
-1.053e-01
-1.047e-01
-9.574e-02
-8.696e-02
-7.820e-02
-6.951e-02
-6.094e-02
-5.236e-02
-4.384e-02
-3.551e-02
-2.736e-02
-1.933e-02
-1.158e-02
-4.048e-03
3.380e-03
1.076e-02
1.795e-02
2.541e-02
3.374e-02
4.170e-02
4.183e-02
-8.279e-02
-8.217e-02
-7.289e-02
-6.384e-02
-5.486e-02
-4.587e-02
-3.704e-02
-2.842e-02
-1.983e-02
-1.147e-02
-3.370e-03
4.447e-03
1.175e-02
1.883e-02
2.578e-02
3.281e-02
3.858e-02
4.486e-02
5.628e-02
5.960e-02
5.943e-02
-5.947e-02
-5.878e-02
-4.922e-02
-3.984e-02
-3.069e-02
-2.159e-02
-1.266e-02
-3.970e-03
4.507e-03
1.282e-02
2.095e-02
2.900e-02
3.537e-02
4.236e-02
4.906e-02
5.806e-02
5.920e-02
6.014e-02
6.128e-02
6.242e-02
6.206e-02
-3.509e-02
-3.438e-02
-2.477e-02
-1.527e-02
-5.995e-03
3.050e-03
1.196e-02
2.063e-02
2.906e-02
3.735e-02
4.580e-02
5.829e-02
5.972e-02
6.082e-02
6.181e-02
6.281e-02
6.360e-02
6.443e-02
6.530e-02
6.633e-02
6.547e-02
-2.698e-02
-2.374e-02
-1.403e-02
-4.546e-03
4.698e-03
1.378e-02
2.266e-02
3.130e-02
3.972e-02
4.785e-02
5.550e-02
6.074e-02
6.183e-02
6.294e-02
6.395e-02
6.491e-02
6.579e-02
6.665e-02
6.753e-02
6.844e-02
6.915e-02
-2.022e-01
-2.017e-01
-2.019e-01
-2.022e-01
-2.025e-01
-2.026e-01
-2.028e-01
-2.027e-01
-2.026e-01
-2.023e-01
-2.018e-01
-2.012e-01
-2.005e-01
-1.996e-01
-1.986e-01
-1.974e-01
-1.961e-01
-1.947e-01
-1.933e-01
-1.898e-01
-1.914e-01
-2.012e-01
-1.994e-01
-1.986e-01
-1.990e-01
-1.992e-01
-1.992e-01
-1.991e-01
-1.990e-01
-1.987e-01
-1.984e-01
-1.981e-01
-1.976e-01
-1.971e-01
-1.965e-01
-1.959e-01
-1.950e-01
-1.939e-01
-1.927e-01
-1.913e-01
-1.884e-01
-1.908e-01
-2.017e-01
-1.992e-01
-1.981e-01
-1.985e-01
-1.982e-01
-1.979e-01
-1.975e-01
-1.971e-01
-1.965e-01
-1.959e-01
-1.952e-01
-1.944e-01
-1.936e-01
-1.925e-01
-1.914e-01
-1.900e-01
-1.885e-01
-1.866e-01
-1.845e-01
-1.810e-01
-1.825e-01
-2.017e-01
-1.992e-01
-1.980e-01
-1.981e-01
-1.975e-01
-1.969e-01
-1.963e-01
-1.956e-01
-1.948e-01
-1.939e-01
-1.930e-01
-1.919e-01
-1.906e-01
-1.892e-01
-1.876e-01
-1.857e-01
-1.834e-01
-1.808e-01
-1.779e-01
-1.735e-01
-1.751e-01
-2.008e-01
-1.985e-01
-1.968e-01
-1.965e-01
-1.958e-01
-1.950e-01
-1.941e-01
-1.932e-01
-1.921e-01
-1.909e-01
-1.896e-01
-1.881e-01
-1.863e-01
-1.843e-01
-1.821e-01
-1.794e-01
-1.763e-01
-1.728e-01
-1.689e-01
-1.637e-01
-1.649e-01
-1.989e-01
-1.971e-01
-1.951e-01
-1.946e-01
-1.936e-01
-1.925e-01
-1.913e-01
-1.901e-01
-1.886e-01
-1.870e-01
-1.851e-01
-1.830e-01
-1.806e-01
-1.778e-01
-1.746e-01
-1.710e-01
-1.670e-01
-1.625e-01
-1.575e-01
-1.514e-01
-1.521e-01
-1.960e-01
-1.954e-01
-1.929e-01
-1.920e-01
-1.907e-01
-1.893e-01
-1.877e-01
-1.859e-01
-1.839e-01
-1.816e-01
-1.789e-01
-1.760e-01
-1.727e-01
-1.690e-01
-1.649e-01
-1.602e-01
-1.552e-01
-1.496e-01
-1.435e-01
-1.364e-01
-1.367e-01
-1.925e-01
-1.930e-01
-1.900e-01
-1.886e-01
-1.868e-01
-1.848e-01
-1.825e-01
-1.800e-01
-1.772e-01
-1.741e-01
-1.706e-01
-1.667e-01
-1.625e-01
-1.577e-01
-1.525e-01
-1.469e-01
-1.407e-01
-1.340e-01
-1.266e-01
-1.186e-01
-1.185e-01
-1.883e-01
-1.895e-01
-1.858e-01
-1.838e-01
-1.813e-01
-1.786e-01
-1.755e-01
-1.721e-01
-1.683e-01
-1.643e-01
-1.598e-01
-1.549e-01
-1.495e-01
-1.438e-01
-1.376e-01
-1.307e-01
-1.234e-01
-1.158e-01
-1.077e-01
-9.895e-02
-9.850e-02
-1.829e-01
-1.844e-01
-1.800e-01
-1.771e-01
-1.737e-01
-1.700e-01
-1.660e-01
-1.616e-01
-1.568e-01
-1.517e-01
-1.462e-01
-1.403e-01
-1.338e-01
-1.270e-01
-1.197e-01
-1.121e-01
-1.041e-01
-9.580e-02
-8.718e-02
-7.785e-02
-7.724e-02
-1.757e-01
-1.770e-01
-1.719e-01
-1.680e-01
-1.636e-01
-1.588e-01
-1.538e-01
-1.483e-01
-1.425e-01
-1.364e-01
-1.297e-01
-1.227e-01
-1.155e-01
-1.079e-01
-1.000e-01
-9.186e-02
-8.336e-02
-7.444e-02
-6.527e-02
-5.578e-02
-5.512e-02
-1.661e-01
-1.671e-01
-1.612e-01
-1.561e-01
-1.506e-01
-1.448e-01
-1.388e-01
-1.321e-01
-1.252e-01
-1.181e-01
-1.107e-01
-1.031e-01
-9.526e-02
-8.727e-02
-7.881e-02
-7.018e-02
-6.139e-02
-5.239e-02
-4.313e-02
-3.363e-02
-3.295e-02
-1.538e-01
-1.544e-01
-1.476e-01
-1.414e-01
-1.348e-01
-1.279e-01
-1.207e-01
-1.133e-01
-1.057e-01
-9.787e-02
-9.000e-02
-8.183e-02
-7.349e-02
-6.509e-02
-5.658e-02
-4.797e-02
-3.920e-02
-3.031e-02
-2.107e-02
-1.152e-02
-1.084e-02
-1.387e-01
-1.388e-01
-1.311e-01
-1.237e-01
-1.161e-01
-1.084e-01
-1.005e-01
-9.246e-02
-8.432e-02
-7.595e-02
-6.759e-02
-5.925e-02
-5.090e-02
-4.252e-02
-3.414e-02
-2.570e-02
-1.703e-02
-8.160e-03
8.973e-04
1.030e-02
1.092e-02
-1.204e-01
-1.202e-01
-1.118e-01
-1.037e-01
-9.541e-02
-8.713e-02
-7.851e-02
-6.992e-02
-6.141e-02
-5.294e-02
-4.453e-02
-3.624e-02
-2.808e-02
-1.981e-02
-1.156e-02
-3.306e-03
5.024e-03
1.358e-02
2.246e-02
3.165e-02
3.218e-02
-9.995e-02
-9.950e-02
-9.066e-02
-8.182e-02
-7.288e-02
-6.402e-02
-5.522e-02
-4.650e-02
-3.793e-02
-2.956e-02
-2.115e-02
-1.290e-02
-4.851e-03
3.061e-03
1.096e-02
1.883e-02
2.673e-02
3.484e-02
4.337e-02
5.224e-02
5.265e-02
-7.766e-02
-7.704e-02
-6.764e-02
-5.843e-02
-4.929e-02
-4.027e-02
-3.145e-02
-2.269e-02
-1.403e-02
-5.597e-03
2.607e-03
1.064e-02
1.839e-02
2.594e-02
3.337e-02
4.075e-02
4.794e-02
5.541e-02
6.373e-02
7.170e-02
7.183e-02
-5.406e-02
-5.336e-02
-4.380e-02
-3.445e-02
-2.526e-02
-1.610e-02
-7.153e-03
1.545e-03
1.014e-02
1.851e-02
2.661e-02
3.444e-02
4.174e-02
4.883e-02
5.578e-02
6.278e-02
6.857e-02
7.484e-02
8.563e-02
8.942e-02
8.919e-02
-2.998e-02
-2.924e-02
-1.951e-02
-9.989e-03
-7.362e-04
8.376e-03
1.731e-02
2.601e-02
3.449e-02
4.281e-02
5.094e-02
5.899e-02
6.536e-02
7.219e-02
7.879e-02
8.730e-02
8.884e-02
9.010e-02
9.163e-02
9.324e-02
9.279e-02
-5.227e-03
-4.486e-03
5.173e-03
1.469e-02
2.398e-02
3.304e-02
4.194e-02
5.061e-02
5.906e-02
6.735e-02
7.579e-02
8.759e-02
8.951e-02
9.092e-02
9.222e-02
9.352e-02
9.451e-02
9.554e-02
9.666e-02
9.809e-02
9.714e-02
2.965e-03
6.218e-03
1.593e-02
2.543e-02
3.468e-02
4.377e-02
5.264e-02
6.129e-02
6.971e-02
7.785e-02
8.551e-02
9.100e-02
9.244e-02
9.377e-02
9.497e-02
9.612e-02
9.717e-02
9.821e-02
9.930e-02
1.006e-01
1.016e-01
-1.903e-01
-1.902e-01
-1.905e-01
-1.910e-01
-1.916e-01
-1.920e-01
-1.923e-01
-1.924e-01
-1.925e-01
-1.923e-01
-1.918e-01
-1.911e-01
-1.902e-01
-1.891e-01
-1.878e-01
-1.863e-01
-1.845e-01
-1.825e-01
-1.806e-01
-1.767e-01
-1.782e-01
-1.898e-01
-1.886e-01
-1.878e-01
-1.884e-01
-1.888e-01
-1.889e-01
-1.889e-01
-1.888e-01
-1.885e-01
-1.880e-01
-1.876e-01
-1.869e-01
-1.861e-01
-1.853e-01
-1.843e-01
-1.830e-01
-1.816e-01
-1.799e-01
-1.780e-01
-1.747e-01
-1.772e-01
-1.908e-01
-1.888e-01
-1.876e-01
-1.881e-01
-1.878e-01
-1.875e-01
-1.871e-01
-1.865e-01
-1.858e-01
-1.850e-01
-1.840e-01
-1.829e-01
-1.817e-01
-1.803e-01
-1.787e-01
-1.769e-01
-1.749e-01
-1.725e-01
-1.699e-01
-1.659e-01
-1.677e-01
-1.915e-01
-1.891e-01
-1.877e-01
-1.877e-01
-1.870e-01
-1.863e-01
-1.854e-01
-1.845e-01
-1.834e-01
-1.822e-01
-1.809e-01
-1.793e-01
-1.777e-01
-1.758e-01
-1.737e-01
-1.713e-01
-1.684e-01
-1.652e-01
-1.616e-01
-1.567e-01
-1.586e-01
-1.909e-01
-1.882e-01
-1.863e-01
-1.858e-01
-1.848e-01
-1.837e-01
-1.825e-01
-1.813e-01
-1.798e-01
-1.782e-01
-1.764e-01
-1.745e-01
-1.722e-01
-1.697e-01
-1.668e-01
-1.634e-01
-1.597e-01
-1.554e-01
-1.507e-01
-1.449e-01
-1.463e-01
-1.886e-01
-1.864e-01
-1.840e-01
-1.832e-01
-1.818e-01
-1.804e-01
-1.788e-01
-1.771e-01
-1.752e-01
-1.731e-01
-1.707e-01
-1.680e-01
-1.650e-01
-1.615e-01
-1.576e-01
-1.532e-01
-1.484e-01
-1.430e-01
-1.371e-01
-1.303e-01
-1.311e-01
-1.850e-01
-1.838e-01
-1.810e-01
-1.796e-01
-1.779e-01
-1.760e-01
-1.740e-01
-1.717e-01
-1.691e-01
-1.662e-01
-1.629e-01
-1.593e-01
-1.553e-01
-1.507e-01
-1.458e-01
-1.403e-01
-1.343e-01
-1.278e-01
-1.208e-01
-1.132e-01
-1.135e-01
-1.803e-01
-1.804e-01
-1.770e-01
-1.751e-01
-1.728e-01
-1.703e-01
-1.675e-01
-1.643e-01
-1.608e-01
-1.570e-01
-1.527e-01
-1.480e-01
-1.429e-01
-1.373e-01
-1.312e-01
-1.246e-01
-1.177e-01
-1.101e-01
-1.019e-01
-9.321e-02
-9.298e-02
-1.746e-01
-1.758e-01
-1.716e-01
-1.689e-01
-1.658e-01
-1.624e-01
-1.587e-01
-1.545e-01
-1.500e-01
-1.451e-01
-1.397e-01
-1.339e-01
-1.277e-01
-1.211e-01
-1.141e-01
-1.063e-01
-9.823e-02
-8.977e-02
-8.095e-02
-7.173e-02
-7.114e-02
-1.676e-01
-1.691e-01
-1.642e-01
-1.606e-01
-1.565e-01
-1.520e-01
-1.471e-01
-1.419e-01
-1.363e-01
-1.303e-01
-1.238e-01
-1.171e-01
-1.099e-01
-1.021e-01
-9.409e-02
-8.574e-02
-7.708e-02
-6.812e-02
-5.901e-02
-4.929e-02
-4.856e-02
-1.585e-01
-1.600e-01
-1.543e-01
-1.495e-01
-1.442e-01
-1.387e-01
-1.327e-01
-1.264e-01
-1.197e-01
-1.128e-01
-1.052e-01
-9.744e-02
-8.942e-02
-8.114e-02
-7.261e-02
-6.389e-02
-5.493e-02
-4.558e-02
-3.604e-02
-2.632e-02
-2.559e-02
-1.469e-01
-1.480e-01
-1.414e-01
-1.354e-01
-1.291e-01
-1.224e-01
-1.155e-01
-1.081e-01
-1.003e-01
-9.239e-02
-8.426e-02
-7.596e-02
-6.752e-02
-5.907e-02
-5.014e-02
-4.113e-02
-3.202e-02
-2.278e-02
-1.335e-02
-3.735e-03
-3.031e-03
-1.325e-01
-1.331e-01
-1.256e-01
-1.185e-01
-1.111e-01
-1.033e-01
-9.528e-02
-8.712e-02
-7.880e-02
-7.037e-02
-6.194e-02
-5.333e-02
-4.458e-02
-3.584e-02
-2.708e-02
-1.827e-02
-9.351e-03
-3.621e-04
8.894e-03
1.845e-02
1.913e-02
-1.152e-01
-1.154e-01
-1.069e-01
-9.868e-02
-9.033e-02
-8.185e-02
-7.324e-02
-6.463e-02
-5.602e-02
-4.719e-02
-3.846e-02
-2.983e-02
-2.126e-02
-1.272e-02
-4.233e-03
4.259e-03
1.294e-02
2.181e-02
3.088e-02
4.029e-02
4.091e-02
-9.488e-02
-9.463e-02
-8.563e-02
-7.675e-02
-6.784e-02
-5.905e-02
-4.992e-02
-4.091e-02
-3.208e-02
-2.336e-02
-1.477e-02
-6.357e-03
1.881e-03
1.016e-02
1.841e-02
2.667e-02
3.501e-02
4.357e-02
5.244e-02
6.164e-02
6.217e-02
-7.270e-02
-7.211e-02
-6.277e-02
-5.344e-02
-4.404e-02
-3.481e-02
-2.572e-02
-1.679e-02
-8.071e-03
3.943e-04
8.817e-03
1.707e-02
2.512e-02
3.305e-02
4.094e-02
4.882e-02
5.672e-02
6.484e-02
7.336e-02
8.223e-02
8.264e-02
-4.908e-02
-4.834e-02
-3.858e-02
-2.904e-02
-1.965e-02
-1.045e-02
-1.513e-03
7.272e-03
1.594e-02
2.438e-02
3.259e-02
4.063e-02
4.838e-02
5.592e-02
6.336e-02
7.074e-02
7.794e-02
8.541e-02
9.372e-02
1.017e-01
1.018e-01
-2.456e-02
-2.380e-02
-1.404e-02
-4.550e-03
4.694e-03
1.386e-02
2.281e-02
3.153e-02
4.012e-02
4.849e-02
5.660e-02
6.443e-02
7.173e-02
7.881e-02
8.576e-02
9.274e-02
9.855e-02
1.048e-01
1.151e-01
1.193e-01
1.190e-01
-4.015e-05
7.124e-04
1.045e-02
1.997e-02
2.924e-02
3.836e-02
4.729e-02
5.599e-02
6.448e-02
7.280e-02
8.093e-02
8.897e-02
9.534e-02
1.020e-01
1.085e-01
1.166e-01
1.185e-01
1.201e-01
1.220e-01
1.240e-01
1.235e-01
2.474e-02
2.548e-02
3.515e-02
4.467e-02
5.396e-02
6.302e-02
7.193e-02
8.060e-02
8.905e-02
9.734e-02
1.058e-01
1.170e-01
1.193e-01
1.210e-01
1.226e-01
1.242e-01
1.254e-01
1.266e-01
1.280e-01
1.298e-01
1.288e-01
3.295e-02
3.620e-02
4.591e-02
5.541e-02
6.467e-02
7.375e-02
8.263e-02
9.128e-02
9.970e-02
1.078e-01
1.155e-01
1.212e-01
1.230e-01
1.245e-01
1.259e-01
1.273e-01
1.285e-01
1.297e-01
1.310e-01
1.326e-01
1.340e-01
-1.719e-01
-1.729e-01
-1.737e-01
-1.750e-01
-1.764e-01
-1.778e-01
-1.791e-01
-1.801e-01
-1.808e-01
-1.811e-01
-1.808e-01
-1.800e-01
-1.786e-01
-1.767e-01
-1.742e-01
-1.713e-01
-1.679e-01
-1.640e-01
-1.598e-01
-1.540e-01
-1.543e-01
-1.727e-01
-1.739e-01
-1.737e-01
-1.753e-01
-1.767e-01
-1.777e-01
-1.784e-01
-1.786e-01
-1.785e-01
-1.778e-01
-1.769e-01
-1.754e-01
-1.737e-01
-1.715e-01
-1.690e-01
-1.660e-01
-1.627e-01
-1.589e-01
-1.548e-01
-1.495e-01
-1.514e-01
-1.756e-01
-1.762e-01
-1.752e-01
-1.764e-01
-1.768e-01
-1.768e-01
-1.764e-01
-1.756e-01
-1.743e-01
-1.727e-01
-1.706e-01
-1.682e-01
-1.655e-01
-1.624e-01
-1.589e-01
-1.550e-01
-1.509e-01
-1.463e-01
-1.414e-01
-1.354e-01
-1.367e-01
-1.787e-01
-1.787e-01
-1.769e-01
-1.770e-01
-1.763e-01
-1.751e-01
-1.735e-01
-1.715e-01
-1.692e-01
-1.665e-01
-1.636e-01
-1.602e-01
-1.565e-01
-1.526e-01
-1.483e-01
-1.437e-01
-1.386e-01
-1.330e-01
-1.269e-01
-1.199e-01
-1.209e-01
-1.797e-01
-1.783e-01
-1.754e-01
-1.742e-01
-1.724e-01
-1.702e-01
-1.676e-01
-1.647e-01
-1.615e-01
-1.580e-01
-1.541e-01
-1.501e-01
-1.457e-01
-1.408e-01
-1.356e-01
-1.299e-01
-1.236e-01
-1.169e-01
-1.096e-01
-1.017e-01
-1.020e-01
-1.770e-01
-1.749e-01
-1.712e-01
-1.688e-01
-1.660e-01
-1.629e-01
-1.595e-01
-1.557e-01
-1.518e-01
-1.475e-01
-1.429e-01
-1.379e-01
-1.325e-01
-1.266e-01
-1.202e-01
-1.133e-01
-1.060e-01
-9.814e-02
-8.989e-02
-8.118e-02
-8.083e-02
-1.706e-01
-1.690e-01
-1.645e-01
-1.612e-01
-1.574e-01
-1.535e-01
-1.493e-01
-1.449e-01
-1.400e-01
-1.348e-01
-1.291e-01
-1.230e-01
-1.165e-01
-1.095e-01
-1.021e-01
-9.419e-02
-8.594e-02
-7.731e-02
-6.834e-02
-5.933e-02
-5.867e-02
-1.614e-01
-1.609e-01
-1.556e-01
-1.514e-01
-1.470e-01
-1.422e-01
-1.371e-01
-1.316e-01
-1.256e-01
-1.193e-01
-1.126e-01
-1.054e-01
-9.784e-02
-8.995e-02
-8.171e-02
-7.308e-02
-6.425e-02
-5.519e-02
-4.555e-02
-3.575e-02
-3.501e-02
-1.500e-01
-1.507e-01
-1.447e-01
-1.396e-01
-1.341e-01
-1.283e-01
-1.221e-01
-1.154e-01
-1.084e-01
-1.011e-01
-9.334e-02
-8.534e-02
-7.704e-02
-6.851e-02
-5.999e-02
-5.072e-02
-4.129e-02
-3.179e-02
-2.217e-02
-1.238e-02
-1.161e-02
-1.371e-01
-1.381e-01
-1.313e-01
-1.251e-01
-1.185e-01
-1.115e-01
-1.042e-01
-9.655e-02
-8.865e-02
-8.049e-02
-7.206e-02
-6.356e-02
-5.488e-02
-4.576e-02
-3.658e-02
-2.733e-02
-1.800e-02
-8.572e-03
8.547e-04
1.059e-02
1.134e-02
-1.218e-01
-1.227e-01
-1.150e-01
-1.076e-01
-9.995e-02
-9.201e-02
-8.384e-02
-7.542e-02
-6.691e-02
-5.848e-02
-4.943e-02
-4.038e-02
-3.138e-02
-2.234e-02
-1.326e-02
-4.175e-03
4.941e-03
1.431e-02
2.385e-02
3.358e-02
3.433e-02
-1.040e-01
-1.043e-01
-9.585e-02
-8.755e-02
-7.905e-02
-7.038e-02
-6.174e-02
-5.284e-02
-4.373e-02
-3.471e-02
-2.573e-02
-1.681e-02
-7.944e-03
8.046e-04
9.747e-03
1.877e-02
2.788e-02
3.714e-02
4.657e-02
5.620e-02
5.691e-02
-8.388e-02
-8.357e-02
-7.446e-02
-6.552e-02
-5.663e-02
-4.728e-02
-3.802e-02
-2.890e-02
-1.986e-02
-1.093e-02
-2.163e-03
6.543e-03
1.531e-02
2.406e-02
3.284e-02
4.165e-02
5.058e-02
5.960e-02
6.886e-02
7.841e-02
7.909e-02
-6.179e-02
-6.114e-02
-5.156e-02
-4.195e-02
-3.251e-02
-2.318e-02
-1.397e-02
-4.959e-03
3.850e-03
1.269e-02
2.143e-02
3.008e-02
3.866e-02
4.720e-02
5.571e-02
6.422e-02
7.291e-02
8.177e-02
9.085e-02
1.003e-01
1.009e-01
-3.777e-02
-3.706e-02
-2.731e-02
-1.771e-02
-8.309e-03
8.072e-04
9.958e-03
1.897e-02
2.782e-02
3.655e-02
4.514e-02
5.357e-02
6.185e-02
7.012e-02
7.837e-02
8.664e-02
9.498e-02
1.035e-01
1.124e-01
1.216e-01
1.222e-01
-1.345e-02
-1.270e-02
-3.040e-03
6.421e-03
1.584e-02
2.509e-02
3.419e-02
4.312e-02
5.185e-02
6.036e-02
6.878e-02
7.703e-02
8.509e-02
9.302e-02
1.009e-01
1.088e-01
1.167e-01
1.248e-01
1.334e-01
1.422e-01
1.426e-01
1.077e-02
1.154e-02
2.130e-02
3.086e-02
4.026e-02
4.946e-02
5.843e-02
6.723e-02
7.589e-02
8.434e-02
9.256e-02
1.006e-01
1.083e-01
1.159e-01
1.233e-01
1.307e-01
1.379e-01
1.454e-01
1.537e-01
1.617e-01
1.618e-01
3.534e-02
3.611e-02
4.586e-02
5.538e-02
6.465e-02
7.381e-02
8.277e-02
9.150e-02
1.001e-01
1.085e-01
1.166e-01
1.244e-01
1.317e-01
1.388e-01
1.457e-01
1.527e-01
1.585e-01
1.648e-01
1.741e-01
1.791e-01
1.788e-01
5.992e-02
6.067e-02
7.040e-02
7.992e-02
8.920e-02
9.832e-02
1.073e-01
1.160e-01
1.245e-01
1.328e-01
1.409e-01
1.489e-01
1.553e-01
1.618e-01
1.681e-01
1.756e-01
1.781e-01
1.802e-01
1.827e-01
1.856e-01
1.850e-01
8.469e-02
8.544e-02
9.512e-02
1.046e-01
1.139e-01
1.230e-01
1.319e-01
1.406e-01
1.490e-01
1.573e-01
1.657e-01
1.759e-01
1.790e-01
1.813e-01
1.834e-01
1.854e-01
1.870e-01
1.887e-01
1.905e-01
1.930e-01
1.919e-01
9.291e-02
9.616e-02
1.059e-01
1.154e-01
1.246e-01
1.337e-01
1.426e-01
1.513e-01
1.597e-01
1.678e-01
1.755e-01
1.816e-01
1.840e-01
1.859e-01
1.877e-01
1.894e-01
1.910e-01
1.925e-01
1.942e-01
1.965e-01
1.985e-01
-1.596e-01
-1.606e-01
-1.621e-01
-1.647e-01
-1.680e-01
-1.715e-01
-1.750e-01
-1.784e-01
-1.812e-01
-1.831e-01
-1.838e-01
-1.832e-01
-1.811e-01
-1.775e-01
-1.724e-01
-1.662e-01
-1.590e-01
-1.509e-01
-1.417e-01
-1.319e-01
-1.287e-01
-1.606e-01
-1.642e-01
-1.658e-01
-1.703e-01
-1.748e-01
-1.790e-01
-1.826e-01
-1.852e-01
-1.866e-01
-1.867e-01
-1.852e-01
-1.823e-01
-1.780e-01
-1.724e-01
-1.656e-01
-1.580e-01
-1.500e-01
-1.407e-01
-1.310e-01
-1.212e-01
-1.205e-01
-1.666e-01
-1.721e-01
-1.731e-01
-1.771e-01
-1.806e-01
-1.830e-01
-1.841e-01
-1.838e-01
-1.821e-01
-1.788e-01
-1.741e-01
-1.680e-01
-1.609e-01
-1.531e-01
-1.445e-01
-1.351e-01
-1.256e-01
-1.160e-01
-1.063e-01
-9.638e-02
-9.562e-02
-1.753e-01
-1.821e-01
-1.819e-01
-1.836e-01
-1.840e-01
-1.829e-01
-1.803e-01
-1.762e-01
-1.707e-01
-1.640e-01
-1.564e-01
-1.485e-01
-1.391e-01
-1.297e-01
-1.202e-01
-1.107e-01
-1.011e-01
-9.137e-02
-8.156e-02
-7.165e-02
-7.089e-02
-1.810e-01
-1.864e-01
-1.837e-01
-1.817e-01
-1.782e-01
-1.733e-01
-1.671e-01
-1.598e-01
-1.519e-01
-1.431e-01
-1.337e-01
-1.244e-01
-1.149e-01
-1.054e-01
-9.586e-02
-8.626e-02
-7.659e-02
-6.684e-02
-5.700e-02
-4.707e-02
-4.631e-02
-1.789e-01
-1.815e-01
-1.759e-01
-1.701e-01
-1.632e-01
-1.555e-01
-1.472e-01
-1.378e-01
-1.284e-01
-1.190e-01
-1.095e-01
-1.001e-01
-9.058e-02
-8.106e-02
-7.151e-02
-6.190e-02
-5.223e-02
-4.249e-02
-3.273e-02
-2.292e-02
-2.212e-02
-1.671e-01
-1.674e-01
-1.594e-01
-1.513e-01
-1.422e-01
-1.327e-01
-1.232e-01
-1.137e-01
-1.042e-01
-9.469e-02
-8.522e-02
-7.576e-02
-6.628e-02
-5.679e-02
-4.727e-02
-3.771e-02
-2.817e-02
-1.859e-02
-8.956e-03
4.892e-04
1.216e-03
-1.480e-01
-1.473e-01
-1.374e-01
-1.277e-01
-1.180e-01
-1.084e-01
-9.885e-02
-8.932e-02
-7.982e-02
-7.036e-02
-6.092e-02
-5.150e-02
-4.209e-02
-3.275e-02
-2.342e-02
-1.399e-02
-4.650e-03
4.641e-03
1.430e-02
2.411e-02
2.489e-02
-1.238e-01
-1.231e-01
-1.132e-01
-1.034e-01
-9.369e-02
-8.404e-02
-7.446e-02
-6.494e-02
-5.548e-02
-4.607e-02
-3.673e-02
-2.748e-02
-1.828e-02
-9.122e-03
-1.686e-04
9.134e-03
1.857e-02
2.809e-02
3.773e-02
4.752e-02
4.829e-02
-9.943e-02
-9.870e-02
-8.879e-02
-7.897e-02
-6.924e-02
-5.960e-02
-5.005e-02
-4.059e-02
-3.129e-02
-2.209e-02
-1.291e-02
-3.929e-03
4.950e-03
1.409e-02
2.329e-02
3.256e-02
4.190e-02
5.134e-02
6.081e-02
7.055e-02
7.130e-02
-7.493e-02
-7.420e-02
-6.429e-02
-5.447e-02
-4.477e-02
-3.521e-02
-2.582e-02
-1.654e-02
-7.452e-03
1.344e-03
1.042e-02
1.948e-02
2.851e-02
3.756e-02
4.664e-02
5.575e-02
6.490e-02
7.426e-02
8.380e-02
9.353e-02
9.427e-02
-5.037e-02
-4.967e-02
-3.978e-02
-3.007e-02
-2.053e-02
-1.112e-02
-2.032e-03
6.997e-03
1.612e-02
2.516e-02
3.416e-02
4.309e-02
5.197e-02
6.077e-02
6.971e-02
7.872e-02
8.783e-02
9.708e-02
1.065e-01
1.161e-01
1.169e-01
-2.605e-02
-2.530e-02
-1.551e-02
-5.992e-03
3.194e-03
1.257e-02
2.184e-02
3.098e-02
4.003e-02
4.897e-02
5.777e-02
6.650e-02
7.526e-02
8.401e-02
9.278e-02
1.016e-01
1.105e-01
1.196e-01
1.288e-01
1.384e-01
1.391e-01
-2.099e-03
-1.361e-03
8.280e-03
1.790e-02
2.737e-02
3.671e-02
4.593e-02
5.496e-02
6.381e-02
7.265e-02
8.139e-02
9.003e-02
9.860e-02
1.071e-01
1.157e-01
1.242e-01
1.329e-01
1.417e-01
1.508e-01
1.602e-01
1.609e-01
2.205e-02
2.281e-02
3.258e-02
4.218e-02
5.160e-02
6.077e-02
6.991e-02
7.892e-02
8.777e-02
9.650e-02
1.051e-01
1.135e-01
1.218e-01
1.301e-01
1.383e-01
1.466e-01
1.550e-01
1.635e-01
1.724e-01
1.816e-01
1.821e-01
4.643e-02
4.719e-02
5.688e-02
6.638e-02
7.579e-02
8.503e-02
9.413e-02
1.031e-01
1.118e-01
1.203e-01
1.287e-01
1.370e-01
1.451e-01
1.530e-01
1.609e-01
1.688e-01
1.767e-01
1.848e-01
1.933e-01
2.022e-01
2.026e-01
7.073e-02
7.149e-02
8.125e-02
9.081e-02
1.002e-01
1.094e-01
1.184e-01
1.272e-01
1.358e-01
1.443e-01
1.525e-01
1.606e-01
1.683e-01
1.759e-01
1.833e-01
1.907e-01
1.979e-01
2.054e-01
2.136e-01
2.217e-01
2.218e-01
9.529e-02
9.605e-02
1.058e-01
1.153e-01
1.246e-01
1.338e-01
1.427e-01
1.515e-01
1.600e-01
1.684e-01
1.765e-01
1.844e-01
1.917e-01
1.988e-01
2.057e-01
2.126e-01
2.185e-01
2.248e-01
2.335e-01
2.390e-01
2.386e-01
1.199e-01
1.206e-01
1.304e-01
1.399e-01
1.492e-01
1.583e-01
1.672e-01
1.759e-01
1.844e-01
1.927e-01
2.009e-01
2.088e-01
2.152e-01
2.216e-01
2.278e-01
2.347e-01
2.378e-01
2.404e-01
2.435e-01
2.470e-01
2.464e-01
1.446e-01
1.454e-01
1.551e-01
1.646e-01
1.739e-01
1.830e-01
1.919e-01
2.006e-01
2.090e-01
2.173e-01
2.256e-01
2.351e-01
2.388e-01
2.416e-01
2.441e-01
2.466e-01
2.486e-01
2.506e-01
2.528e-01
2.560e-01
2.548e-01
1.529e-01
1.561e-01
1.658e-01
1.753e-01
1.846e-01
1.937e-01
2.026e-01
2.112e-01
2.197e-01
2.278e-01
2.355e-01
2.418e-01
2.448e-01
2.472e-01
2.493e-01
2.513e-01
2.532e-01
2.551e-01
2.573e-01
2.601e-01
2.626e-01
-1.589e-01
-1.543e-01
-1.459e-01
-1.362e-01
-1.264e-01
-1.165e-01
-1.067e-01
-9.691e-02
-8.712e-02
-7.736e-02
-6.761e-02
-5.788e-02
-4.817e-02
-3.852e-02
-2.899e-02
-1.975e-02
-1.063e-02
-1.486e-03
7.950e-03
1.775e-02
2.103e-02
-1.457e-01
-1.451e-01
-1.353e-01
-1.255e-01
-1.156e-01
-1.058e-01
-9.598e-02
-8.617e-02
-7.640e-02
-6.664e-02
-5.693e-02
-4.724e-02
-3.762e-02
-2.811e-02
-1.869e-02
-9.388e-03
-3.756e-04
9.038e-03
1.870e-02
2.853e-02
2.932e-02
-1.210e-01
-1.203e-01
-1.104e-01
-1.005e-01
-9.060e-02
-8.073e-02
-7.089e-02
-6.109e-02
-5.133e-02
-4.162e-02
-3.206e-02
-2.259e-02
-1.314e-02
-3.943e-03
5.136e-03
1.459e-02
2.410e-02
3.373e-02
4.348e-02
5.334e-02
5.414e-02
-9.607e-02
-9.538e-02
-8.541e-02
-7.545e-02
-6.553e-02
-5.566e-02
-4.585e-02
-3.614e-02
-2.657e-02
-1.710e-02
-7.807e-03
1.124e-03
1.054e-02
2.000e-02
2.947e-02
3.903e-02
4.863e-02
5.833e-02
6.812e-02
7.801e-02
7.882e-02
-7.106e-02
-7.040e-02
-6.040e-02
-5.045e-02
-4.056e-02
-3.085e-02
-2.128e-02
-1.178e-02
-2.610e-03
6.524e-03
1.593e-02
2.534e-02
3.482e-02
4.431e-02
5.384e-02
6.342e-02
7.307e-02
8.279e-02
9.260e-02
1.025e-01
1.033e-01
-4.608e-02
-4.549e-02
-3.557e-02
-2.579e-02
-1.612e-02
-6.702e-03
2.351e-03
1.182e-02
2.128e-02
3.073e-02
4.019e-02
4.964e-02
5.911e-02
6.861e-02
7.814e-02
8.772e-02
9.736e-02
1.071e-01
1.168e-01
1.267e-01
1.275e-01
-2.185e-02
-2.110e-02
-1.132e-02
-1.923e-03
7.454e-03
1.702e-02
2.654e-02
3.607e-02
4.555e-02
5.501e-02
6.446e-02
7.390e-02
8.334e-02
9.281e-02
1.023e-01
1.118e-01
1.214e-01
1.310e-01
1.407e-01
1.503e-01
1.511e-01
1.585e-03
2.382e-03
1.224e-02
2.199e-02
3.166e-02
4.129e-02
5.085e-02
6.037e-02
6.984e-02
7.928e-02
8.869e-02
9.808e-02
1.075e-01
1.168e-01
1.262e-01
1.356e-01
1.451e-01
1.545e-01
1.642e-01
1.739e-01
1.747e-01
2.582e-02
2.664e-02
3.652e-02
4.630e-02
5.600e-02
6.563e-02
7.519e-02
8.468e-02
9.411e-02
1.035e-01
1.128e-01
1.221e-01
1.313e-01
1.405e-01
1.497e-01
1.590e-01
1.684e-01
1.779e-01
1.876e-01
1.973e-01
1.981e-01
5.019e-02
5.101e-02
6.089e-02
7.069e-02
8.039e-02
9.000e-02
9.952e-02
1.089e-01
1.183e-01
1.275e-01
1.367e-01
1.458e-01
1.548e-01
1.640e-01
1.731e-01
1.824e-01
1.917e-01
2.012e-01
2.107e-01
2.204e-01
2.212e-01
7.462e-02
7.545e-02
8.533e-02
9.511e-02
1.048e-01
1.143e-01
1.237e-01
1.331e-01
1.422e-01
1.512e-01
1.603e-01
1.693e-01
1.784e-01
1.874e-01
1.965e-01
2.056e-01
2.148e-01
2.242e-01
2.337e-01
2.434e-01
2.441e-01
9.908e-02
9.990e-02
1.098e-01
1.195e-01
1.291e-01
1.385e-01
1.477e-01
1.569e-01
1.660e-01
1.750e-01
1.840e-01
1.929e-01
2.018e-01
2.107e-01
2.196e-01
2.286e-01
2.377e-01
2.470e-01
2.564e-01
2.660e-01
2.667e-01
1.235e-01
1.243e-01
1.341e-01
1.437e-01
1.531e-01
1.624e-01
1.717e-01
1.808e-01
1.899e-01
1.988e-01
2.076e-01
2.164e-01
2.251e-01
2.339e-01
2.427e-01
2.515e-01
2.604e-01
2.695e-01
2.787e-01
2.883e-01
2.890e-01
1.477e-01
1.484e-01
1.581e-01
1.677e-01
1.772e-01
1.865e-01
1.958e-01
2.048e-01
2.137e-01
2.225e-01
2.313e-01
2.399e-01
2.485e-01
2.570e-01
2.655e-01
2.741e-01
2.828e-01
2.917e-01
3.008e-01
3.102e-01
3.108e-01
1.719e-01
1.727e-01
1.824e-01
1.920e-01
2.014e-01
2.106e-01
2.198e-01
2.288e-01
2.376e-01
2.464e-01
2.550e-01
2.634e-01
2.717e-01
2.800e-01
2.883e-01
2.965e-01
3.049e-01
3.135e-01
3.224e-01
3.316e-01
3.321e-01
1.963e-01
1.970e-01
2.067e-01
2.163e-01
2.257e-01
2.349e-01
2.440e-01
2.529e-01
2.617e-01
2.702e-01
2.786e-01
2.869e-01
2.950e-01
3.029e-01
3.108e-01
3.187e-01
3.267e-01
3.348e-01
3.433e-01
3.523e-01
3.527e-01
2.206e-01
2.214e-01
2.311e-01
2.407e-01
2.501e-01
2.593e-01
2.683e-01
2.771e-01
2.857e-01
2.942e-01
3.025e-01
3.105e-01
3.183e-01
3.258e-01
3.333e-01
3.407e-01
3.479e-01
3.555e-01
3.636e-01
3.718e-01
3.720e-01
2.452e-01
2.459e-01
2.557e-01
2.652e-01
2.745e-01
2.837e-01
2.926e-01
3.014e-01
3.100e-01
3.183e-01
3.265e-01
3.343e-01
3.416e-01
3.487e-01
3.556e-01
3.624e-01
3.685e-01
3.749e-01
3.826e-01
3.891e-01
3.888e-01
2.698e-01
2.705e-01
2.802e-01
2.898e-01
2.991e-01
3.082e-01
3.171e-01
3.258e-01
3.344e-01
3.427e-01
3.508e-01
3.586e-01
3.651e-01
3.714e-01
3.774e-01
3.836e-01
3.876e-01
3.913e-01
3.954e-01
4.003e-01
3.997e-01
2.945e-01
2.953e-01
3.050e-01
3.145e-01
3.238e-01
3.329e-01
3.418e-01
3.505e-01
3.590e-01
3.672e-01
3.754e-01
3.838e-01
3.885e-01
3.923e-01
3.957e-01
3.991e-01
4.019e-01
4.048e-01
4.081e-01
4.125e-01
4.114e-01
3.028e-01
3.060e-01
3.157e-01
3.252e-01
3.345e-01
3.436e-01
3.525e-01
3.612e-01
3.696e-01
3.778e-01
3.856e-01
3.922e-01
3.963e-01
3.996e-01
4.026e-01
4.054e-01
4.081e-01
4.108e-01
4.139e-01
4.180e-01
4.214e-01
-1.173e-02
-5.555e-03
3.604e-03
1.336e-02
2.318e-02
3.300e-02
4.280e-02
5.257e-02
6.231e-02
7.202e-02
8.171e-02
9.137e-02
1.010e-01
1.106e-01
1.201e-01
1.296e-01
1.389e-01
1.483e-01
1.578e-01
1.676e-01
1.709e-01
3.805e-03
4.555e-03
1.435e-02
2.418e-02
3.402e-02
4.385e-02
5.365e-02
6.342e-02
7.316e-02
8.286e-02
9.253e-02
1.022e-01
1.118e-01
1.213e-01
1.308e-01
1.402e-01
1.494e-01
1.589e-01
1.686e-01
1.784e-01
1.792e-01
2.854e-02
2.936e-02
3.926e-02
4.915e-02
5.901e-02
6.885e-02
7.864e-02
8.840e-02
9.811e-02
1.078e-01
1.174e-01
1.269e-01
1.363e-01
1.457e-01
1.550e-01
1.645e-01
1.740e-01
1.836e-01
1.933e-01
2.032e-01
2.040e-01
5.341e-02
5.424e-02
6.419e-02
7.410e-02
8.397e-02
9.379e-02
1.035e-01
1.132e-01
1.228e-01
1.324e-01
1.418e-01
1.510e-01
1.604e-01
1.699e-01
1.793e-01
1.889e-01
1.985e-01
2.082e-01
2.180e-01
2.278e-01
2.286e-01
7.828e-02
7.912e-02
8.907e-02
9.898e-02
1.088e-01
1.186e-01
1.282e-01
1.377e-01
1.471e-01
1.564e-01
1.658e-01
1.752e-01
1.847e-01
1.942e-01
2.037e-01
2.133e-01
2.229e-01
2.326e-01
2.424e-01
2.523e-01
2.531e-01
1.031e-01
1.039e-01
1.138e-01
1.236e-01
1.333e-01
1.429e-01
1.522e-01
1.617e-01
1.711e-01
1.806e-01
1.900e-01
1.995e-01
2.089e-01
2.184e-01
2.280e-01
2.375e-01
2.472e-01
2.568e-01
2.666e-01
2.764e-01
2.772e-01
1.275e-01
1.283e-01
1.382e-01
1.478e-01
1.573e-01
1.669e-01
1.764e-01
1.859e-01
1.954e-01
2.049e-01
2.143e-01
2.237e-01
2.332e-01
2.426e-01
2.521e-01
2.616e-01
2.712e-01
2.808e-01
2.905e-01
3.002e-01
3.009e-01
1.515e-01
1.523e-01
1.621e-01
1.719e-01
1.815e-01
1.911e-01
2.007e-01
2.102e-01
2.197e-01
2.291e-01
2.385e-01
2.479e-01
2.572e-01
2.666e-01
2.760e-01
2.854e-01
2.948e-01
3.044e-01
3.140e-01
3.238e-01
3.246e-01
1.757e-01
1.765e-01
1.864e-01
1.962e-01
2.058e-01
2.155e-01
2.250e-01
2.345e-01
2.439e-01
2.533e-01
2.626e-01
2.718e-01
2.811e-01
2.903e-01
2.995e-01
3.089e-01
3.183e-01
3.278e-01
3.374e-01
3.472e-01
3.480e-01
2.000e-01
2.009e-01
2.107e-01
2.205e-01
2.302e-01
2.398e-01
2.493e-01
2.587e-01
2.680e-01
2.773e-01
2.865e-01
2.956e-01
3.047e-01
3.138e-01
3.230e-01
3.322e-01
3.416e-01
3.510e-01
3.606e-01
3.703e-01
3.711e-01
2.245e-01
2.253e-01
2.351e-01
2.449e-01
2.546e-01
2.641e-01
2.735e-01
2.828e-01
2.920e-01
3.011e-01
3.101e-01
3.192e-01
3.282e-01
3.372e-01
3.463e-01
3.555e-01
3.647e-01
3.740e-01
3.836e-01
3.933e-01
3.940e-01
2.489e-01
2.497e-01
2.595e-01
2.693e-01
2.788e-01
2.883e-01
2.975e-01
3.067e-01
3.158e-01
3.249e-01
3.338e-01
3.428e-01
3.517e-01
3.605e-01
3.695e-01
3.785e-01
3.876e-01
3.969e-01
4.063e-01
4.159e-01
4.166e-01
2.732e-01
2.740e-01
2.838e-01
2.935e-01
3.029e-01
3.123e-01
3.215e-01
3.307e-01
3.397e-01
3.487e-01
3.575e-01
3.663e-01
3.750e-01
3.838e-01
3.925e-01
4.014e-01
4.103e-01
4.194e-01
4.287e-01
4.382e-01
4.389e-01
2.975e-01
2.982e-01
3.080e-01
3.176e-01
3.271e-01
3.364e-01
3.456e-01
3.547e-01
3.636e-01
3.724e-01
3.811e-01
3.898e-01
3.984e-01
4.069e-01
4.154e-01
4.240e-01
4.327e-01
4.416e-01
4.507e-01
4.602e-01
4.608e-01
3.217e-01
3.225e-01
3.322e-01
3.418e-01
3.513e-01
3.605e-01
3.697e-01
3.787e-01
3.875e-01
3.962e-01
4.048e-01
4.133e-01
4.216e-01
4.299e-01
4.382e-01
4.465e-01
4.549e-01
4.635e-01
4.723e-01
4.816e-01
4.821e-01
3.461e-01
3.469e-01
3.566e-01
3.661e-01
3.755e-01
3.848e-01
3.939e-01
4.028e-01
4.116e-01
4.201e-01
4.286e-01
4.368e-01
4.449e-01
4.529e-01
4.608e-01
4.687e-01
4.767e-01
4.848e-01
4.934e-01
5.023e-01
5.028e-01
3.705e-01
3.713e-01
3.810e-01
3.905e-01
3.999e-01
4.091e-01
4.181e-01
4.270e-01
4.356e-01
4.441e-01
4.524e-01
4.604e-01
4.682e-01
4.758e-01
4.833e-01
4.907e-01
4.980e-01
5.056e-01
5.136e-01
5.220e-01
5.222e-01
3.950e-01
3.958e-01
4.055e-01
4.151e-01
4.244e-01
4.336e-01
4.425e-01
4.513e-01
4.599e-01
4.683e-01
4.764e-01
4.842e-01
4.916e-01
4.987e-01
5.056e-01
5.123e-01
5.186e-01
5.251e-01
5.325e-01
5.396e-01
5.394e-01
4.197e-01
4.204e-01
4.301e-01
4.397e-01
4.490e-01
4.581e-01
4.670e-01
4.758e-01
4.843e-01
4.926e-01
5.007e-01
5.084e-01
5.151e-01
5.213e-01
5.273e-01
5.333e-01
5.379e-01
5.424e-01
5.474e-01
5.533e-01
5.528e-01
4.444e-01
4.452e-01
4.549e-01
4.644e-01
4.737e-01
4.828e-01
4.917e-01
5.004e-01
5.089e-01
5.172e-01
5.253e-01
5.330e-01
5.384e-01
5.430e-01
5.471e-01
5.512e-01
5.548e-01
5.585e-01
5.627e-01
5.680e-01
5.672e-01
4.527e-01
4.559e-01
4.656e-01
4.751e-01
4.844e-01
4.935e-01
5.024e-01
5.111e-01
5.196e-01
5.278e-01
5.355e-01
5.424e-01
5.473e-01
5.514e-01
5.551e-01
5.587e-01
5.621e-01
5.656e-01
5.695e-01
5.746e-01
5.787e-01
2.871e-01
2.936e-01
3.033e-01
3.131e-01
3.229e-01
3.327e-01
3.425e-01
3.522e-01
3.619e-01
3.716e-01
3.812e-01
3.909e-01
4.004e-01
4.100e-01
4.195e-01
4.290e-01
4.384e-01
4.480e-01
4.576e-01
4.674e-01
4.707e-01
3.034e-01
3.042e-01
3.140e-01
3.239e-01
3.337e-01
3.435e-01
3.533e-01
3.630e-01
3.727e-01
3.824e-01
3.920e-01
4.016e-01
4.112e-01
4.207e-01
4.302e-01
4.396e-01
4.491e-01
4.586e-01
4.683e-01
4.782e-01
4.789e-01
3.282e-01
3.290e-01
3.389e-01
3.488e-01
3.586e-01
3.684e-01
3.782e-01
3.879e-01
3.976e-01
4.072e-01
4.168e-01
4.263e-01
4.358e-01
4.452e-01
4.546e-01
4.641e-01
4.737e-01
4.833e-01
4.931e-01
5.029e-01
5.037e-01
3.530e-01
3.539e-01
3.638e-01
3.737e-01
3.835e-01
3.933e-01
4.030e-01
4.127e-01
4.222e-01
4.318e-01
4.412e-01
4.506e-01
4.601e-01
4.696e-01
4.790e-01
4.886e-01
4.982e-01
5.079e-01
5.177e-01
5.275e-01
5.283e-01
3.778e-01
3.787e-01
3.886e-01
3.984e-01
4.082e-01
4.180e-01
4.276e-01
4.371e-01
4.466e-01
4.560e-01
4.655e-01
4.749e-01
4.844e-01
4.939e-01
5.034e-01
5.129e-01
5.226e-01
5.323e-01
5.420e-01
5.519e-01
5.527e-01
4.025e-01
4.033e-01
4.132e-01
4.230e-01
4.327e-01
4.423e-01
4.519e-01
4.614e-01
4.708e-01
4.803e-01
4.897e-01
4.992e-01
5.086e-01
5.181e-01
5.276e-01
5.372e-01
5.468e-01
5.565e-01
5.662e-01
5.760e-01
5.768e-01
4.270e-01
4.278e-01
4.376e-01
4.473e-01
4.570e-01
4.666e-01
4.761e-01
4.856e-01
4.951e-01
5.045e-01
5.140e-01
5.234e-01
5.328e-01
5.422e-01
5.517e-01
5.612e-01
5.708e-01
5.804e-01
5.901e-01
5.999e-01
6.006e-01
4.512e-01
4.519e-01
4.618e-01
4.716e-01
4.812e-01
4.908e-01
5.004e-01
5.099e-01
5.193e-01
5.287e-01
5.381e-01
5.475e-01
5.568e-01
5.662e-01
5.756e-01
5.850e-01
5.945e-01
6.040e-01
6.137e-01
6.235e-01
6.243e-01
4.754e-01
4.762e-01
4.861e-01
4.959e-01
5.055e-01
5.151e-01
5.247e-01
5.341e-01
5.435e-01
5.529e-01
5.622e-01
5.714e-01
5.807e-01
5.899e-01
5.992e-01
6.086e-01
6.180e-01
6.275e-01
6.371e-01
6.469e-01
6.477e-01
4.998e-01
5.006e-01
5.104e-01
5.202e-01
5.299e-01
5.394e-01
5.489e-01
5.583e-01
5.676e-01
5.769e-01
5.861e-01
5.952e-01
6.044e-01
6.135e-01
6.227e-01
6.320e-01
6.413e-01
6.508e-01
6.604e-01
6.701e-01
6.708e-01
5.241e-01
5.249e-01
5.348e-01
5.445e-01
5.542e-01
5.637e-01
5.731e-01
5.824e-01
5.916e-01
6.007e-01
6.098e-01
6.189e-01
6.279e-01
6.370e-01
6.461e-01
6.552e-01
6.645e-01
6.738e-01
6.834e-01
6.931e-01
6.938e-01
5.485e-01
5.493e-01
5.591e-01
5.688e-01
5.784e-01
5.879e-01
5.972e-01
6.064e-01
6.155e-01
6.246e-01
6.336e-01
6.425e-01
6.514e-01
6.603e-01
6.693e-01
6.783e-01
6.874e-01
6.967e-01
7.061e-01
7.157e-01
7.165e-01
5.729e-01
5.736e-01
5.834e-01
5.931e-01
6.026e-01
6.120e-01
6.212e-01
6.304e-01
6.394e-01
6.484e-01
6.573e-01
6.661e-01
6.748e-01
6.836e-01
6.924e-01
7.012e-01
7.101e-01
7.192e-01
7.285e-01
7.381e-01
7.388e-01
5.971e-01
5.979e-01
6.077e-01
6.173e-01
6.268e-01
6.361e-01
6.453e-01
6.544e-01
6.633e-01
6.722e-01
6.809e-01
6.896e-01
6.982e-01
7.067e-01
7.153e-01
7.239e-01
7.326e-01
7.415e-01
7.507e-01
7.601e-01
7.608e-01
6.215e-01
6.222e-01
6.320e-01
6.416e-01
6.510e-01
6.603e-01
6.694e-01
6.784e-01
6.873e-01
6.960e-01
7.046e-01
7.131e-01
7.215e-01
7.298e-01
7.381e-01
7.464e-01
7.548e-01
7.635e-01
7.724e-01
7.817e-01
7.822e-01
6.458e-01
6.466e-01
6.563e-01
6.659e-01
6.753e-01
6.846e-01
6.936e-01
7.026e-01
7.113e-01
7.199e-01
7.284e-01
7.367e-01
7.448e-01
7.528e-01
7.608e-01
7.687e-01
7.767e-01
7.850e-01
7.936e-01
8.026e-01
8.031e-01
6.703e-01
6.710e-01
6.808e-01
6.903e-01
6.997e-01
7.089e-01
7.179e-01
7.268e-01
7.355e-01
7.440e-01
7.522e-01
7.603e-01
7.681e-01
7.758e-01
7.833e-01
7.908e-01
7.982e-01
8.059e-01
8.140e-01
8.226e-01
8.229e-01
6.948e-01
6.956e-01
7.053e-01
7.148e-01
7.242e-01
7.334e-01
7.423e-01
7.511e-01
7.597e-01
7.681e-01
7.763e-01
7.841e-01
7.915e-01
7.987e-01
8.057e-01
8.125e-01
8.192e-01
8.260e-01
8.334e-01
8.413e-01
8.414e-01
7.195e-01
7.202e-01
7.299e-01
7.395e-01
7.488e-01
7.579e-01
7.669e-01
7.756e-01
7.842e-01
7.925e-01
8.005e-01
8.081e-01
8.150e-01
8.215e-01
8.278e-01
8.338e-01
8.394e-01
8.451e-01
8.512e-01
8.584e-01
8.582e-01
7.443e-01
7.450e-01
7.547e-01
7.642e-01
7.735e-01
7.827e-01
7.916e-01
8.003e-01
8.088e-01
8.171e-01
8.250e-01
8.324e-01
8.387e-01
8.442e-01
8.495e-01
8.545e-01
8.594e-01
8.643e-01
8.699e-01
8.766e-01
8.761e-01
7.525e-01
7.557e-01
7.655e-01
7.750e-01
7.843e-01
7.934e-01
8.023e-01
8.110e-01
8.195e-01
8.277e-01
8.355e-01
8.426e-01
8.485e-01
8.538e-01
8.587e-01
8.634e-01
8.680e-01
8.729e-01
8.782e-01
8.847e-01
8.895e-01
5.866e-01
5.932e-01
6.030e-01
6.128e-01
6.226e-01
6.324e-01
6.421e-01
6.519e-01
6.615e-01
6.712e-01
6.808e-01
6.904e-01
7.000e-01
7.095e-01
7.190e-01
7.285e-01
7.381e-01
7.477e-01
7.574e-01
7.672e-01
7.705e-01
6.031e-01
6.039e-01
6.137e-01
6.236e-01
6.334e-01
6.432e-01
6.529e-01
6.626e-01
6.723e-01
6.820e-01
6.916e-01
7.011e-01
7.107e-01
7.202e-01
7.297e-01
7.392e-01
7.488e-01
7.584e-01
7.681e-01
7.779e-01
7.787e-01
6.279e-01
6.287e-01
6.386e-01
6.485e-01
6.583e-01
6.681e-01
6.778e-01
6.875e-01
6.971e-01
7.067e-01
7.163e-01
7.258e-01
7.353e-01
7.448e-01
7.543e-01
7.638e-01
7.734e-01
7.831e-01
7.928e-01
8.027e-01
8.035e-01
6.527e-01
6.535e-01
6.634e-01
6.733e-01
6.831e-01
6.929e-01
7.025e-01
7.122e-01
7.218e-01
7.313e-01
7.408e-01
7.503e-01
7.598e-01
7.692e-01
7.788e-01
7.883e-01
7.979e-01
8.076e-01
8.174e-01
8.272e-01
8.280e-01
6.775e-01
6.783e-01
6.882e-01
6.980e-01
7.078e-01
7.175e-01
7.271e-01
7.367e-01
7.462e-01
7.557e-01
7.652e-01
7.746e-01
7.841e-01
7.936e-01
8.031e-01
8.127e-01
8.223e-01
8.320e-01
8.417e-01
8.516e-01
8.524e-01
7.021e-01
7.029e-01
7.128e-01
7.226e-01
7.323e-01
7.419e-01
7.515e-01
7.610e-01
7.705e-01
7.800e-01
7.895e-01
7.989e-01
8.083e-01
8.178e-01
8.273e-01
8.369e-01
8.465e-01
8.561e-01
8.659e-01
8.757e-01
8.765e-01
7.265e-01
7.273e-01
7.372e-01
7.470e-01
7.566e-01
7.663e-01
7.758e-01
7.853e-01
7.948e-01
8.043e-01
8.137e-01
8.231e-01
8.325e-01
8.419e-01
8.514e-01
8.609e-01
8.704e-01
8.801e-01
8.898e-01
8.996e-01
9.004e-01
7.508e-01
7.516e-01
7.615e-01
7.713e-01
7.809e-01
7.906e-01
8.001e-01
8.096e-01
8.190e-01
8.284e-01
8.378e-01
8.472e-01
8.565e-01
8.659e-01
8.753e-01
8.847e-01
8.942e-01
9.038e-01
9.134e-01
9.232e-01
9.240e-01
7.752e-01
7.759e-01
7.858e-01
7.956e-01
8.052e-01
8.148e-01
8.244e-01
8.338e-01
8.432e-01
8.526e-01
8.618e-01
8.711e-01
8.804e-01
8.896e-01
8.989e-01
9.083e-01
9.177e-01
9.273e-01
9.369e-01
9.467e-01
9.474e-01
7.995e-01
8.003e-01
8.101e-01
8.199e-01
8.296e-01
8.391e-01
8.486e-01
8.580e-01
8.673e-01
8.766e-01
8.858e-01
8.949e-01
9.041e-01
9.133e-01
9.225e-01
9.317e-01
9.411e-01
9.506e-01
9.601e-01
9.699e-01
9.706e-01
8.239e-01
8.246e-01
8.345e-01
8.442e-01
8.538e-01
8.634e-01
8.728e-01
8.821e-01
8.913e-01
9.005e-01
9.096e-01
9.186e-01
9.277e-01
9.367e-01
9.458e-01
9.550e-01
9.643e-01
9.736e-01
9.832e-01
9.929e-01
9.936e-01
8.482e-01
8.490e-01
8.588e-01
8.685e-01
8.781e-01
8.875e-01
8.969e-01
9.061e-01
9.153e-01
9.243e-01
9.333e-01
9.423e-01
9.512e-01
9.601e-01
9.691e-01
9.781e-01
9.872e-01
9.965e-01
1.006e+00
1.016e+00
1.016e+00
8.725e-01
8.733e-01
8.831e-01
8.928e-01
9.023e-01
9.117e-01
9.210e-01
9.301e-01
9.392e-01
9.481e-01
9.570e-01
9.658e-01
9.746e-01
9.834e-01
9.922e-01
1.001e+00
1.010e+00
1.019e+00
1.028e+00
1.038e+00
1.039e+00
8.969e-01
8.976e-01
9.074e-01
9.170e-01
9.265e-01
9.359e-01
9.451e-01
9.542e-01
9.631e-01
9.720e-01
9.807e-01
9.894e-01
9.980e-01
1.007e+00
1.015e+00
1.024e+00
1.033e+00
1.041e+00
1.051e+00
1.060e+00
1.061e+00
9.212e-01
9.219e-01
9.317e-01
9.413e-01
9.508e-01
9.601e-01
9.692e-01
9.782e-01
9.871e-01
9.959e-01
1.004e+00
1.013e+00
1.021e+00
1.030e+00
1.038e+00
1.046e+00
1.055e+00
1.064e+00
1.072e+00
1.082e+00
1.082e+00
9.456e-01
9.463e-01
9.561e-01
9.657e-01
9.751e-01
9.843e-01
9.934e-01
1.002e+00
1.011e+00
1.020e+00
1.028e+00
1.037e+00
1.045e+00
1.053e+00
1.061e+00
1.069e+00
1.077e+00
1.085e+00
1.094e+00
1.103e+00
1.103e+00
9.701e-01
9.708e-01
9.805e-01
9.901e-01
9.995e-01
1.009e+00
1.018e+00
1.027e+00
1.035e+00
1.044e+00
1.052e+00
1.060e+00
1.068e+00
1.076e+00
1.083e+00
1.091e+00
1.099e+00
1.106e+00
1.115e+00
1.123e+00
1.124e+00
9.946e-01
9.954e-01
1.005e+00
1.015e+00
1.024e+00
1.033e+00
1.042e+00
1.051e+00
1.060e+00
1.068e+00
1.076e+00
1.084e+00
1.092e+00
1.099e+00
1.106e+00
1.113e+00
1.120e+00
1.127e+00
1.135e+00
1.143e+00
1.143e+00
1.019e+00
1.020e+00
1.030e+00
1.039e+00
1.049e+00
1.058e+00
1.067e+00
1.076e+00
1.084e+00
1.092e+00
1.100e+00
1.108e+00
1.115e+00
1.122e+00
1.129e+00
1.135e+00
1.141e+00
1.148e+00
1.155e+00
1.162e+00
1.163e+00
1.044e+00
1.045e+00
1.055e+00
1.064e+00
1.073e+00
1.083e+00
1.091e+00
1.100e+00
1.109e+00
1.117e+00
1.125e+00
1.132e+00
1.139e+00
1.145e+00
1.151e+00
1.157e+00
1.163e+00
1.169e+00
1.175e+00
1.183e+00
1.183e+00
1.052e+00
1.056e+00
1.065e+00
1.075e+00
1.084e+00
1.093e+00
1.102e+00
1.111e+00
1.119e+00
1.128e+00
1.135e+00
1.143e+00
1.149e+00
1.155e+00
1.161e+00
1.167e+00
1.172e+00
1.178e+00
1.185e+00
1.192e+00
1.197e+00
1.186e+00
1.193e+00
1.202e+00
1.212e+00
1.222e+00
1.232e+00
1.242e+00
1.251e+00
1.261e+00
1.271e+00
1.280e+00
1.290e+00
1.299e+00
1.309e+00
1.318e+00
1.328e+00
1.338e+00
1.347e+00
1.357e+00
1.367e+00
1.370e+00
1.203e+00
1.203e+00
1.213e+00
1.223e+00
1.233e+00
1.243e+00
1.252e+00
1.262e+00
1.272e+00
1.281e+00
1.291e+00
1.300e+00
1.310e+00
1.320e+00
1.329e+00
1.339e+00
1.348e+00
1.358e+00
1.368e+00
1.378e+00
1.378e+00
1.227e+00
1.228e+00
1.238e+00
1.248e+00
1.258e+00
1.267e+00
1.277e+00
1.287e+00
1.296e+00
1.306e+00
1.316e+00
1.325e+00
1.335e+00
1.344e+00
1.354e+00
1.363e+00
1.373e+00
1.383e+00
1.392e+00
1.402e+00
1.403e+00
1.252e+00
1.253e+00
1.263e+00
1.273e+00
1.282e+00
1.292e+00
1.302e+00
1.312e+00
1.321e+00
1.331e+00
1.340e+00
1.350e+00
1.359e+00
1.369e+00
1.378e+00
1.388e+00
1.397e+00
1.407e+00
1.417e+00
1.427e+00
1.428e+00
1.277e+00
1.278e+00
1.288e+00
1.297e+00
1.307e+00
1.317e+00
1.326e+00
1.336e+00
1.346e+00
1.355e+00
1.365e+00
1.374e+00
1.384e+00
1.393e+00
1.403e+00
1.412e+00
1.422e+00
1.432e+00
1.441e+00
1.451e+00
1.452e+00
1.301e+00
1.302e+00
1.312e+00
1.322e+00
1.332e+00
1.341e+00
1.351e+00
1.360e+00
1.370e+00
1.379e+00
1.389e+00
1.398e+00
1.408e+00
1.417e+00
1.427e+00
1.436e+00
1.446e+00
1.456e+00
1.465e+00
1.475e+00
1.476e+00
1.326e+00
1.327e+00
1.337e+00
1.346e+00
1.356e+00
1.366e+00
1.375e+00
1.385e+00
1.394e+00
1.404e+00
1.413e+00
1.423e+00
1.432e+00
1.441e+00
1.451e+00
1.460e+00
1.470e+00
1.480e+00
1.489e+00
1.499e+00
1.500e+00
1.350e+00
1.351e+00
1.361e+00
1.371e+00
1.380e+00
1.390e+00
1.400e+00
1.409e+00
1.419e+00
1.428e+00
1.437e+00
1.447e+00
1.456e+00
1.465e+00
1.475e+00
1.484e+00
1.494e+00
1.503e+00
1.513e+00
1.523e+00
1.524e+00
1.375e+00
1.375e+00
1.385e+00
1.395e+00
1.405e+00
1.414e+00
1.424e+00
1.433e+00
1.443e+00
1.452e+00
1.461e+00
1.471e+00
1.480e+00
1.489e+00
1.498e+00
1.508e+00
1.517e+00
1.527e+00
1.537e+00
1.546e+00
1.547e+00
1.399e+00
1.400e+00
1.410e+00
1.419e+00
1.429e+00
1.439e+00
1.448e+00
1.457e+00
1.467e+00
1.476e+00
1.485e+00
1.494e+00
1.504e+00
1.513e+00
1.522e+00
1.531e+00
1.541e+00
1.550e+00
1.560e+00
1.570e+00
1.570e+00
1.423e+00
1.424e+00
1.434e+00
1.444e+00
1.453e+00
1.463e+00
1.472e+00
1.482e+00
1.491e+00
1.500e+00
1.509e+00
1.518e+00
1.527e+00
1.536e+00
1.545e+00
1.555e+00
1.564e+00
1.573e+00
1.583e+00
1.593e+00
1.593e+00
1.448e+00
1.448e+00
1.458e+00
1.468e+00
1.478e+00
1.487e+00
1.496e+00
1.506e+00
1.515e+00
1.524e+00
1.533e+00
1.542e+00
1.551e+00
1.560e+00
1.569e+00
1.578e+00
1.587e+00
1.596e+00
1.606e+00
1.615e+00
1.616e+00
1.472e+00
1.473e+00
1.483e+00
1.492e+00
1.502e+00
1.511e+00
1.521e+00
1.530e+00
1.539e+00
1.548e+00
1.557e+00
1.566e+00
1.574e+00
1.583e+00
1.592e+00
1.601e+00
1.610e+00
1.619e+00
1.628e+00
1.638e+00
1.639e+00
1.496e+00
1.497e+00
1.507e+00
1.517e+00
1.526e+00
1.535e+00
1.545e+00
1.554e+00
1.563e+00
1.572e+00
1.580e+00
1.589e+00
1.598e+00
1.606e+00
1.615e+00
1.624e+00
1.633e+00
1.641e+00
1.651e+00
1.660e+00
1.661e+00
1.521e+00
1.522e+00
1.531e+00
1.541e+00
1.550e+00
1.560e+00
1.569e+00
1.578e+00
1.587e+00
1.596e+00
1.604e+00
1.613e+00
1.621e+00
1.630e+00
1.638e+00
1.646e+00
1.655e+00
1.664e+00
1.673e+00
1.682e+00
1.683e+00
1.545e+00
1.546e+00
1.556e+00
1.565e+00
1.575e+00
1.584e+00
1.593e+00
1.602e+00
1.611e+00
1.620e+00
1.628e+00
1.636e+00
1.645e+00
1.653e+00
1.661e+00
1.669e+00
1.677e+00
1.686e+00
1.695e+00
1.704e+00
1.704e+00
1.570e+00
1.570e+00
1.580e+00
1.590e+00
1.599e+00
1.608e+00
1.617e+00
1.626e+00
1.635e+00
1.644e+00
1.652e+00
1.660e+00
1.668e+00
1.676e+00
1.684e+00
1.692e+00
1.700e+00
1.708e+00
1.716e+00
1.725e+00
1.726e+00
1.594e+00
1.595e+00
1.605e+00
1.614e+00
1.624e+00
1.633e+00
1.642e+00
1.651e+00
1.659e+00
1.668e+00
1.676e+00
1.684e+00
1.692e+00
1.699e+00
1.707e+00
1.714e+00
1.722e+00
1.730e+00
1.738e+00
1.747e+00
1.747e+00
1.619e+00
1.620e+00
1.629e+00
1.639e+00
1.648e+00
1.658e+00
1.667e+00
1.675e+00
1.684e+00
1.692e+00
1.700e+00
1.708e+00
1.716e+00
1.723e+00
1.730e+00
1.737e+00
1.744e+00
1.752e+00
1.760e+00
1.768e+00
1.768e+00
1.644e+00
1.645e+00
1.654e+00
1.664e+00
1.673e+00
1.682e+00
1.691e+00
1.700e+00
1.709e+00
1.717e+00
1.725e+00
1.733e+00
1.740e+00
1.747e+00
1.754e+00
1.760e+00
1.767e+00
1.775e+00
1.782e+00
1.791e+00
1.791e+00
1.652e+00
1.655e+00
1.665e+00
1.675e+00
1.684e+00
1.693e+00
1.702e+00
1.711e+00
1.719e+00
1.728e+00
1.735e+00
1.743e+00
1.750e+00
1.757e+00
1.764e+00
1.771e+00
1.778e+00
1.785e+00
1.792e+00
1.800e+00
1.806e+00
1.786e+00
1.792e+00
1.802e+00
1.812e+00
1.822e+00
1.831e+00
1.841e+00
1.851e+00
1.861e+00
1.870e+00
1.880e+00
1.889e+00
1.899e+00
1.908e+00
1.918e+00
1.928e+00
1.937e+00
1.947e+00
1.957e+00
1.967e+00
1.970e+00
1.802e+00
1.803e+00
1.813e+00
1.823e+00
1.833e+00
1.842e+00
1.852e+00
1.862e+00
1.871e+00
1.881e+00
1.890e+00
1.900e+00
1.910e+00
1.919e+00
1.929e+00
1.938e+00
1.948e+00
1.958e+00
1.967e+00
1.977e+00
1.978e+00
1.827e+00
1.828e+00
1.838e+00
1.848e+00
1.857e+00
1.867e+00
1.877e+00
1.886e+00
1.896e+00
1.906e+00
1.915e+00
1.925e+00
1.934e+00
1.944e+00
1.953e+00
1.963e+00
1.973e+00
1.982e+00
1.992e+00
2.002e+00
2.003e+00
1.852e+00
1.853e+00
1.862e+00
1.872e+00
1.882e+00
1.892e+00
1.901e+00
1.911e+00
1.921e+00
1.930e+00
1.940e+00
1.949e+00
1.959e+00
1.968e+00
1.978e+00
1.988e+00
1.997e+00
2.007e+00
2.017e+00
2.027e+00
2.027e+00
1.876e+00
1.877e+00
1.887e+00
1.897e+00
1.907e+00
1.916e+00
1.926e+00
1.936e+00
1.945e+00
1.955e+00
1.964e+00
1.974e+00
1.983e+00
1.993e+00
2.002e+00
2.012e+00
2.022e+00
2.031e+00
2.041e+00
2.051e+00
2.052e+00
1.901e+00
1.902e+00
1.912e+00
1.922e+00
1.931e+00
1.941e+00
1.951e+00
1.960e+00
1.970e+00
1.979e+00
1.989e+00
1.998e+00
2.008e+00
2.017e+00
2.027e+00
2.036e+00
2.046e+00
2.055e+00
2.065e+00
2.075e+00
2.076e+00
1.926e+00
1.926e+00
1.936e+00
1.946e+00
1.956e+00
1.965e+00
1.975e+00
1.984e+00
1.994e+00
2.003e+00
2.013e+00
2.022e+00
2.032e+00
2.041e+00
2.051e+00
2.060e+00
2.070e+00
2.079e+00
2.089e+00
2.099e+00
2.100e+00
1.950e+00
1.951e+00
1.961e+00
1.970e+00
1.980e+00
1.990e+00
1.999e+00
2.009e+00
2.018e+00
2.028e+00
2.037e+00
2.046e+00
2.056e+00
2.065e+00
2.074e+00
2.084e+00
2.093e+00
2.103e+00
2.113e+00
2.123e+00
2.123e+00
1.974e+00
1.975e+00
1.985e+00
1.995e+00
2.004e+00
2.014e+00
2.024e+00
2.033e+00
2.042e+00
2.052e+00
2.061e+00
2.070e+00
2.080e+00
2.089e+00
2.098e+00
2.108e+00
2.117e+00
2.127e+00
2.136e+00
2.146e+00
2.147e+00
1.999e+00
2.000e+00
2.009e+00
2.019e+00
2.029e+00
2.038e+00
2.048e+00
2.057e+00
2.066e+00
2.076e+00
2.085e+00
2.094e+00
2.103e+00
2.113e+00
2.122e+00
2.131e+00
2.140e+00
2.150e+00
2.160e+00
2.169e+00
2.170e+00
2.023e+00
2.024e+00
2.034e+00
2.043e+00
2.053e+00
2.063e+00
2.072e+00
2.081e+00
2.091e+00
2.100e+00
2.109e+00
2.118e+00
2.127e+00
2.136e+00
2.145e+00
2.154e+00
2.164e+00
2.173e+00
2.183e+00
2.192e+00
2.193e+00
2.047e+00
2.048e+00
2.058e+00
2.068e+00
2.077e+00
2.087e+00
2.096e+00
2.105e+00
2.115e+00
2.124e+00
2.133e+00
2.142e+00
2.151e+00
2.160e+00
2.169e+00
2.178e+00
2.187e+00
2.196e+00
2.206e+00
2.215e+00
2.216e+00
2.072e+00
2.073e+00
2.082e+00
2.092e+00
2.102e+00
2.111e+00
2.120e+00
2.129e+00
2.139e+00
2.148e+00
2.156e+00
2.165e+00
2.174e+00
2.183e+00
2.192e+00
2.201e+00
2.210e+00
2.219e+00
2.228e+00
2.238e+00
2.239e+00
2.096e+00
2.097e+00
2.107e+00
2.116e+00
2.126e+00
2.135e+00
2.144e+00
2.154e+00
2.163e+00
2.171e+00
2.180e+00
2.189e+00
2.198e+00
2.206e+00
2.215e+00
2.224e+00
2.232e+00
2.242e+00
2.251e+00
2.260e+00
2.261e+00
2.121e+00
2.121e+00
2.131e+00
2.141e+00
2.150e+00
2.159e+00
2.169e+00
2.178e+00
2.187e+00
2.195e+00
2.204e+00
2.213e+00
2.221e+00
2.229e+00
2.238e+00
2.246e+00
2.255e+00
2.264e+00
2.273e+00
2.283e+00
2.283e+00
2.145e+00
2.146e+00
2.155e+00
2.165e+00
2.175e+00
2.184e+00
2.193e+00
2.202e+00
2.211e+00
2.219e+00
2.228e+00
2.236e+00
2.245e+00
2.253e+00
2.261e+00
2.269e+00
2.278e+00
2.286e+00
2.295e+00
2.305e+00
2.305e+00
2.170e+00
2.170e+00
2.180e+00
2.190e+00
2.199e+00
2.208e+00
2.217e+00
2.226e+00
2.235e+00
2.243e+00
2.252e+00
2.260e+00
2.268e+00
2.276e+00
2.284e+00
2.292e+00
2.300e+00
2.309e+00
2.317e+00
2.327e+00
2.327e+00
2.194e+00
2.195e+00
2.205e+00
2.214e+00
2.224e+00
2.233e+00
2.242e+00
2.251e+00
2.259e+00
2.268e+00
2.276e+00
2.284e+00
2.292e+00
2.300e+00
2.307e+00
2.315e+00
2.323e+00
2.331e+00
2.340e+00
2.349e+00
2.349e+00
2.219e+00
2.220e+00
2.229e+00
2.239e+00
2.248e+00
2.257e+00
2.266e+00
2.275e+00
2.284e+00
2.292e+00
2.300e+00
2.308e+00
2.316e+00
2.323e+00
2.331e+00
2.338e+00
2.346e+00
2.354e+00
2.362e+00
2.371e+00
2.372e+00
2.244e+00
2.244e+00
2.254e+00
2.264e+00
2.273e+00
2.282e+00
2.291e+00
2.300e+00
2.308e+00
2.317e+00
2.325e+00
2.333e+00
2.340e+00
2.348e+00
2.355e+00
2.362e+00
2.370e+00
2.378e+00
2.386e+00
2.395e+00
2.395e+00
2.252e+00
2.255e+00
2.265e+00
2.274e+00
2.284e+00
2.293e+00
2.302e+00
2.311e+00
2.319e+00
2.327e+00
2.336e+00
2.343e+00
2.351e+00
2.358e+00
2.365e+00
2.373e+00
2.380e+00
2.388e+00
2.396e+00
2.405e+00
2.411e+00
2.445e+00
2.452e+00
2.462e+00
2.472e+00
2.482e+00
2.491e+00
2.501e+00
2.511e+00
2.520e+00
2.530e+00
2.540e+00
2.549e+00
2.559e+00
2.568e+00
2.578e+00
2.587e+00
2.597e+00
2.607e+00
2.617e+00
2.626e+00
2.630e+00
2.462e+00
2.463e+00
2.473e+00
2.483e+00
2.492e+00
2.502e+00
2.512e+00
2.521e+00
2.531e+00
2.541e+00
2.550e+00
2.560e+00
2.569e+00
2.579e+00
2.589e+00
2.598e+00
2.608e+00
2.618e+00
2.627e+00
2.637e+00
2.638e+00
2.487e+00
2.488e+00
2.498e+00
2.507e+00
2.517e+00
2.527e+00
2.537e+00
2.546e+00
2.556e+00
2.565e+00
2.575e+00
2.585e+00
2.594e+00
2.604e+00
2.613e+00
2.623e+00
2.633e+00
2.642e+00
2.652e+00
2.662e+00
2.663e+00
2.512e+00
2.512e+00
2.522e+00
2.532e+00
2.542e+00
2.552e+00
2.561e+00
2.571e+00
2.581e+00
2.590e+00
2.600e+00
2.609e+00
2.619e+00
2.628e+00
2.638e+00
2.647e+00
2.657e+00
2.667e+00
2.677e+00
2.686e+00
2.687e+00
2.536e+00
2.537e+00
2.547e+00
2.557e+00
2.567e+00
2.576e+00
2.586e+00
2.596e+00
2.605e+00
2.615e+00
2.624e+00
2.634e+00
2.643e+00
2.653e+00
2.662e+00
2.672e+00
2.681e+00
2.691e+00
2.701e+00
2.711e+00
2.712e+00
2.561e+00
2.562e+00
2.572e+00
2.581e+00
2.591e+00
2.601e+00
2.610e+00
2.620e+00
2.629e+00
2.639e+00
2.648e+00
2.658e+00
2.667e+00
2.677e+00
2.686e+00
2.696e+00
2.705e+00
2.715e+00
2.725e+00
2.735e+00
2.736e+00
2.585e+00
2.586e+00
2.596e+00
2.606e+00
2.616e+00
2.625e+00
2.635e+00
2.644e+00
2.654e+00
2.663e+00
2.673e+00
2.682e+00
2.691e+00
2.701e+00
2.710e+00
2.720e+00
2.729e+00
2.739e+00
2.749e+00
2.759e+00
2.759e+00
2.610e+00
2.611e+00
2.620e+00
2.630e+00
2.640e+00
2.650e+00
2.659e+00
2.669e+00
2.678e+00
2.687e+00
2.697e+00
2.706e+00
2.716e+00
2.725e+00
2.734e+00
2.744e+00
2.753e+00
2.763e+00
2.773e+00
2.782e+00
2.783e+00
2.634e+00
2.635e+00
2.645e+00
2.655e+00
2.664e+00
2.674e+00
2.683e+00
2.693e+00
2.702e+00
2.712e+00
2.721e+00
2.730e+00
2.739e+00
2.749e+00
2.758e+00
2.767e+00
2.777e+00
2.786e+00
2.796e+00
2.806e+00
2.807e+00
2.659e+00
2.659e+00
2.669e+00
2.679e+00
2.689e+00
2.698e+00
2.708e+00
2.717e+00
2.726e+00
2.736e+00
2.745e+00
2.754e+00
2.763e+00
2.772e+00
2.782e+00
2.791e+00
2.800e+00
2.810e+00
2.819e+00
2.829e+00
2.830e+00
2.683e+00
2.684e+00
2.694e+00
2.703e+00
2.713e+00
2.722e+00
2.732e+00
2.741e+00
2.750e+00
2.760e+00
2.769e+00
2.778e+00
2.787e+00
2.796e+00
2.805e+00
2.814e+00
2.824e+00
2.833e+00
2.843e+00
2.852e+00
2.853e+00
2.707e+00
2.708e+00
2.718e+00
2.728e+00
2.737e+00
2.747e+00
2.756e+00
2.765e+00
2.774e+00
2.783e+00
2.792e+00
2.801e+00
2.810e+00
2.819e+00
2.828e+00
2.837e+00
2.847e+00
2.856e+00
2.865e+00
2.875e+00
2.876e+00
2.732e+00
2.732e+00
2.742e+00
2.752e+00
2.761e+00
2.771e+00
2.780e+00
2.789e+00
2.798e+00
2.807e+00
2.816e+00
2.825e+00
2.834e+00
2.843e+00
2.852e+00
2.861e+00
2.870e+00
2.879e+00
2.888e+00
2.898e+00
2.899e+00
2.756e+00
2.757e+00
2.767e+00
2.776e+00
2.786e+00
2.795e+00
2.804e+00
2.813e+00
2.822e+00
2.831e+00
2.840e+00
2.849e+00
2.857e+00
2.866e+00
2.875e+00
2.883e+00
2.892e+00
2.901e+00
2.911e+00
2.920e+00
2.921e+00
2.780e+00
2.781e+00
2.791e+00
2.801e+00
2.810e+00
2.819e+00
2.829e+00
2.838e+00
2.846e+00
2.855e+00
2.864e+00
2.872e+00
2.881e+00
2.889e+00
2.898e+00
2.906e+00
2.915e+00
2.924e+00
2.933e+00
2.943e+00
2.943e+00
2.805e+00
2.806e+00
2.815e+00
2.825e+00
2.834e+00
2.844e+00
2.853e+00
2.862e+00
2.871e+00
2.879e+00
2.888e+00
2.896e+00
2.904e+00
2.913e+00
2.921e+00
2.929e+00
2.938e+00
2.946e+00
2.955e+00
2.965e+00
2.965e+00
2.829e+00
2.830e+00
2.840e+00
2.849e+00
2.859e+00
2.868e+00
2.877e+00
2.886e+00
2.895e+00
2.903e+00
2.912e+00
2.920e+00
2.928e+00
2.936e+00
2.944e+00
2.952e+00
2.960e+00
2.969e+00
2.978e+00
2.987e+00
2.988e+00
2.854e+00
2.855e+00
2.865e+00
2.874e+00
2.883e+00
2.893e+00
2.902e+00
2.911e+00
2.919e+00
2.928e+00
2.936e+00
2.944e+00
2.952e+00
2.960e+00
2.968e+00
2.975e+00
2.983e+00
2.992e+00
3.000e+00
3.009e+00
3.010e+00
2.879e+00
2.880e+00
2.889e+00
2.899e+00
2.908e+00
2.917e+00
2.926e+00
2.935e+00
2.944e+00
2.952e+00
2.960e+00
2.968e+00
2.976e+00
2.984e+00
2.991e+00
2.999e+00
3.007e+00
3.015e+00
3.023e+00
3.032e+00
3.033e+00
2.904e+00
2.904e+00
2.914e+00
2.924e+00
2.933e+00
2.942e+00
2.951e+00
2.960e+00
2.968e+00
2.977e+00
2.985e+00
2.993e+00
3.000e+00
3.008e+00
3.015e+00
3.023e+00
3.031e+00
3.038e+00
3.047e+00
3.056e+00
3.056e+00
2.912e+00
2.915e+00
2.925e+00
2.934e+00
2.944e+00
2.953e+00
2.962e+00
2.971e+00
2.979e+00
2.987e+00
2.996e+00
3.003e+00
3.011e+00
3.019e+00
3.026e+00
3.033e+00
3.041e+00
3.049e+00
3.057e+00
3.066e+00
3.072e+00
