north:     0
south:           0.00000000
east:      0
west:            0.00000000
rows:      4
cols:     19
   0.000000000000E+00   0.100000000000E+01   0.100000000390E+01   0.100000000780E+01   0.100000001170E+01   0.100000001560E+01   0.100000001950E+01   0.100000002340E+01   0.100000002730E+01   0.100000003120E+01   0.100000003510E+01   0.100000003900E+01   0.100000004290E+01   0.100000004680E+01   0.100000005070E+01   0.100000005460E+01   0.100000005850E+01   0.100000006240E+01   0.100000006630E+01
   0.100000000000E+01   0.100000000000E+01   0.100000000390E+01   0.100000000780E+01   0.100000001170E+01   0.100000001560E+01   0.100000001950E+01   0.100000002340E+01   0.100000002730E+01   0.100000003120E+01   0.100000003510E+01   0.100000003900E+01   0.100000004290E+01   0.100000004680E+01   0.100000005070E+01   0.100000005460E+01   0.100000005850E+01   0.100000006240E+01   0.100000006630E+01
   0.100000000390E+01   0.100000000390E+01   0.100000000390E+01   0.100000000780E+01   0.100000001170E+01   0.100000001560E+01   0.100000001950E+01   0.100000002340E+01   0.100000002730E+01   0.100000003120E+01   0.100000003510E+01   0.100000003900E+01   0.100000004290E+01   0.100000004680E+01   0.100000005070E+01   0.100000005460E+01   0.100000005850E+01   0.100000006240E+01   0.100000006630E+01
   0.100000000780E+01   0.100000000780E+01   0.100000000780E+01   0.100000000780E+01   0.100000001170E+01   0.100000001560E+01   0.100000001950E+01   0.100000002340E+01   0.100000002730E+01   0.100000003120E+01   0.100000003510E+01   0.100000003900E+01   0.100000004290E+01   0.100000004680E+01   0.100000005070E+01   0.100000005460E+01   0.100000005850E+01   0.100000006240E+01   0.100000006630E+01
