north:     0
south:           0.00000000
east:      0
west:            0.00000000
rows:      3
cols:     15
   0.000000000000E+00   0.000000000000E+00   0.000000000000E+00   0.000000000000E+00   0.000000000000E+00   0.000000000000E+00   0.000000000000E+00   0.000000000000E+00   0.000000000000E+00   0.000000000000E+00   0.000000000000E+00   0.000000000000E+00   0.000000000000E+00   0.000000000000E+00   0.000000000000E+00
   0.000000000000E+00   0.000000000000E+00   0.000000000000E+00   0.919238800634E-07   0.919238800634E-07   0.919238800634E-07   0.919238800634E-07   0.919238800634E-07   0.919238800634E-07   0.919238800634E-07   0.919238800634E-07   0.919238800634E-07   0.919238800634E-07   0.919238800634E-07   0.000000000000E+00
   0.000000000000E+00   0.000000000000E+00   0.919238800634E-07   0.000000000000E+00   0.000000000000E+00   0.000000000000E+00   0.000000000000E+00   0.000000000000E+00   0.000000000000E+00   0.000000000000E+00   0.000000000000E+00   0.000000000000E+00   0.000000000000E+00   0.000000000000E+00   0.000000000000E+00
