north:     0
south:           0.00000000
east:      0
west:            0.00000000
rows:      3
cols:     15
 0 1 1 1 1 1 1 1 1 1 1 1 1 1 1
 0 0 1 1 1 1 1 1 1 1 1 1 1 1 1
 9 3 3 3 3 3 3 3 3 3 3 3 3 3 3
