north:     0
south:           0.00000000
east:      0
west:            0.00000000
rows:      4
cols:     19
          0.00          0.02          0.01          0.01          0.01          0.01          0.01          0.01          0.01          0.01          0.01          0.01          0.01          0.00          0.00          0.00          0.00          0.00          0.00
          0.07          0.10          0.01          0.01          0.01          0.01          0.01          0.01          0.01          0.01          0.01          0.01          0.01          0.00          0.00          0.00          0.00          0.00          0.00
          0.00          0.00          0.03          0.01          0.01          0.01          0.01          0.01          0.01          0.01          0.01          0.01          0.01          0.00          0.00          0.00          0.00          0.00          0.00
          0.00          0.00          0.00          0.01          0.01          0.01          0.01          0.01          0.01          0.01          0.01          0.01          0.01          0.00          0.00          0.00          0.00          0.00          0.00
