north:     0
south:           0.00000000
east:      0
west:            0.00000000
rows:      3
cols:     15
          0.00          3.25          3.00          2.75          2.50          2.25          2.00          1.75          1.50          1.25          1.00          0.75          0.50          0.25          0.00
         14.75         10.75          3.00          2.75          2.50          2.25          2.00          1.75          1.50          1.25          1.00          0.75          0.50          0.25          0.00
          0.00          0.00          3.00          2.75          2.50          2.25          2.00          1.75          1.50          1.25          1.00          0.75          0.50          0.25          0.00
