1	0	INDP	IPOND
-1.841e-01
-1.830e-01
-1.828e-01
-1.826e-01
-1.825e-01
-1.824e-01
-1.823e-01
-1.822e-01
-1.820e-01
-1.819e-01
-1.818e-01
-1.816e-01
-1.814e-01
-1.812e-01
-1.808e-01
-1.804e-01
-1.799e-01
-1.791e-01
-1.784e-01
-1.756e-01
-1.752e-01
-1.822e-01
-1.814e-01
-1.804e-01
-1.806e-01
-1.806e-01
-1.806e-01
-1.805e-01
-1.805e-01
-1.804e-01
-1.803e-01
-1.802e-01
-1.800e-01
-1.798e-01
-1.795e-01
-1.791e-01
-1.785e-01
-1.778e-01
-1.768e-01
-1.757e-01
-1.728e-01
-1.728e-01
-1.815e-01
-1.804e-01
-1.791e-01
-1.793e-01
-1.790e-01
-1.788e-01
-1.786e-01
-1.784e-01
-1.781e-01
-1.778e-01
-1.775e-01
-1.770e-01
-1.765e-01
-1.759e-01
-1.751e-01
-1.741e-01
-1.729e-01
-1.713e-01
-1.695e-01
-1.660e-01
-1.651e-01
-1.808e-01
-1.804e-01
-1.788e-01
-1.789e-01
-1.785e-01
-1.781e-01
-1.777e-01
-1.773e-01
-1.768e-01
-1.763e-01
-1.757e-01
-1.749e-01
-1.740e-01
-1.730e-01
-1.717e-01
-1.702e-01
-1.683e-01
-1.660e-01
-1.635e-01
-1.592e-01
-1.584e-01
-1.801e-01
-1.799e-01
-1.779e-01
-1.778e-01
-1.773e-01
-1.767e-01
-1.761e-01
-1.754e-01
-1.746e-01
-1.738e-01
-1.728e-01
-1.716e-01
-1.703e-01
-1.688e-01
-1.669e-01
-1.647e-01
-1.622e-01
-1.592e-01
-1.558e-01
-1.507e-01
-1.500e-01
-1.791e-01
-1.791e-01
-1.768e-01
-1.765e-01
-1.756e-01
-1.748e-01
-1.738e-01
-1.728e-01
-1.717e-01
-1.704e-01
-1.690e-01
-1.673e-01
-1.655e-01
-1.633e-01
-1.608e-01
-1.580e-01
-1.546e-01
-1.508e-01
-1.465e-01
-1.406e-01
-1.401e-01
-1.778e-01
-1.779e-01
-1.753e-01
-1.745e-01
-1.734e-01
-1.722e-01
-1.708e-01
-1.694e-01
-1.678e-01
-1.660e-01
-1.640e-01
-1.618e-01
-1.593e-01
-1.565e-01
-1.533e-01
-1.495e-01
-1.454e-01
-1.408e-01
-1.357e-01
-1.293e-01
-1.288e-01
-1.761e-01
-1.761e-01
-1.732e-01
-1.720e-01
-1.704e-01
-1.687e-01
-1.668e-01
-1.649e-01
-1.627e-01
-1.604e-01
-1.577e-01
-1.549e-01
-1.516e-01
-1.480e-01
-1.440e-01
-1.396e-01
-1.348e-01
-1.296e-01
-1.238e-01
-1.169e-01
-1.164e-01
-1.736e-01
-1.735e-01
-1.702e-01
-1.684e-01
-1.663e-01
-1.640e-01
-1.616e-01
-1.590e-01
-1.562e-01
-1.531e-01
-1.498e-01
-1.461e-01
-1.422e-01
-1.380e-01
-1.334e-01
-1.285e-01
-1.231e-01
-1.172e-01
-1.106e-01
-1.028e-01
-1.021e-01
-1.701e-01
-1.699e-01
-1.661e-01
-1.636e-01
-1.608e-01
-1.579e-01
-1.547e-01
-1.514e-01
-1.478e-01
-1.441e-01
-1.401e-01
-1.359e-01
-1.315e-01
-1.267e-01
-1.216e-01
-1.161e-01
-1.099e-01
-1.032e-01
-9.585e-02
-8.778e-02
-8.719e-02
-1.653e-01
-1.649e-01
-1.605e-01
-1.572e-01
-1.536e-01
-1.498e-01
-1.459e-01
-1.419e-01
-1.378e-01
-1.335e-01
-1.290e-01
-1.243e-01
-1.194e-01
-1.141e-01
-1.083e-01
-1.020e-01
-9.535e-02
-8.831e-02
-8.039e-02
-7.168e-02
-7.105e-02
-1.586e-01
-1.581e-01
-1.530e-01
-1.487e-01
-1.443e-01
-1.399e-01
-1.354e-01
-1.308e-01
-1.261e-01
-1.214e-01
-1.164e-01
-1.111e-01
-1.055e-01
-9.966e-02
-9.354e-02
-8.711e-02
-8.000e-02
-7.242e-02
-6.436e-02
-5.571e-02
-5.520e-02
-1.496e-01
-1.491e-01
-1.432e-01
-1.382e-01
-1.331e-01
-1.281e-01
-1.230e-01
-1.180e-01
-1.127e-01
-1.073e-01
-1.017e-01
-9.609e-02
-9.038e-02
-8.431e-02
-7.789e-02
-7.115e-02
-6.408e-02
-5.670e-02
-4.859e-02
-3.982e-02
-3.935e-02
-1.383e-01
-1.378e-01
-1.313e-01
-1.256e-01
-1.199e-01
-1.143e-01
-1.085e-01
-1.028e-01
-9.709e-02
-9.150e-02
-8.584e-02
-7.998e-02
-7.402e-02
-6.794e-02
-6.176e-02
-5.531e-02
-4.839e-02
-4.105e-02
-3.326e-02
-2.480e-02
-2.450e-02
-1.248e-01
-1.243e-01
-1.173e-01
-1.107e-01
-1.042e-01
-9.796e-02
-9.192e-02
-8.601e-02
-8.009e-02
-7.428e-02
-6.857e-02
-6.295e-02
-5.739e-02
-5.158e-02
-4.563e-02
-3.951e-02
-3.312e-02
-2.620e-02
-1.861e-02
-1.105e-02
-1.104e-02
-1.089e-01
-1.083e-01
-1.005e-01
-9.340e-02
-8.663e-02
-7.993e-02
-7.353e-02
-6.750e-02
-6.184e-02
-5.642e-02
-5.103e-02
-4.571e-02
-4.046e-02
-3.524e-02
-2.993e-02
-2.449e-02
-1.865e-02
-1.226e-02
-1.591e-03
1.217e-04
1.019e-04
-9.052e-02
-9.001e-02
-8.171e-02
-7.397e-02
-6.688e-02
-6.039e-02
-5.415e-02
-4.825e-02
-4.286e-02
-3.797e-02
-3.332e-02
-2.866e-02
-2.404e-02
-1.923e-02
-1.488e-02
-1.054e-02
-4.595e-03
1.382e-04
4.985e-04
7.378e-04
6.607e-04
-6.975e-02
-6.928e-02
-6.084e-02
-5.294e-02
-4.598e-02
-3.972e-02
-3.384e-02
-2.825e-02
-2.331e-02
-1.949e-02
-1.601e-02
-1.219e-02
-8.256e-03
-1.382e-03
1.267e-04
3.145e-04
5.185e-04
7.964e-04
1.335e-03
1.709e-03
1.580e-03
-4.761e-02
-4.711e-02
-3.834e-02
-3.016e-02
-2.395e-02
-1.865e-02
-1.170e-02
-5.057e-03
6.456e-05
2.278e-04
3.919e-04
5.474e-04
7.081e-04
8.744e-04
1.082e-03
1.373e-03
1.689e-03
2.034e-03
2.522e-03
2.767e-03
2.524e-03
-2.425e-02
-2.374e-02
-1.470e-02
-1.632e-03
4.411e-04
9.530e-04
1.398e-03
1.793e-03
2.053e-03
2.282e-03
2.507e-03
2.685e-03
2.841e-03
2.990e-03
3.127e-03
3.255e-03
3.400e-03
3.585e-03
3.890e-03
4.147e-03
3.826e-03
-1.656e-02
-1.366e-02
-5.268e-03
4.850e-05
5.432e-04
1.653e-03
2.524e-03
3.311e-03
3.866e-03
4.109e-03
4.244e-03
4.326e-03
4.351e-03
4.352e-03
4.351e-03
4.360e-03
4.391e-03
4.459e-03
4.602e-03
4.802e-03
4.893e-03
-1.782e-01
-1.772e-01
-1.770e-01
-1.768e-01
-1.767e-01
-1.766e-01
-1.765e-01
-1.763e-01
-1.762e-01
-1.761e-01
-1.760e-01
-1.758e-01
-1.756e-01
-1.753e-01
-1.750e-01
-1.746e-01
-1.741e-01
-1.733e-01
-1.726e-01
-1.698e-01
-1.695e-01
-1.764e-01
-1.757e-01
-1.747e-01
-1.749e-01
-1.749e-01
-1.749e-01
-1.748e-01
-1.748e-01
-1.747e-01
-1.746e-01
-1.745e-01
-1.743e-01
-1.741e-01
-1.738e-01
-1.734e-01
-1.728e-01
-1.721e-01
-1.711e-01
-1.700e-01
-1.671e-01
-1.672e-01
-1.757e-01
-1.747e-01
-1.734e-01
-1.736e-01
-1.733e-01
-1.731e-01
-1.729e-01
-1.727e-01
-1.724e-01
-1.721e-01
-1.718e-01
-1.713e-01
-1.708e-01
-1.702e-01
-1.694e-01
-1.684e-01
-1.672e-01
-1.656e-01
-1.638e-01
-1.603e-01
-1.594e-01
-1.750e-01
-1.747e-01
-1.731e-01
-1.732e-01
-1.728e-01
-1.724e-01
-1.720e-01
-1.716e-01
-1.711e-01
-1.706e-01
-1.700e-01
-1.692e-01
-1.683e-01
-1.673e-01
-1.660e-01
-1.644e-01
-1.626e-01
-1.603e-01
-1.578e-01
-1.535e-01
-1.528e-01
-1.743e-01
-1.742e-01
-1.722e-01
-1.721e-01
-1.716e-01
-1.710e-01
-1.704e-01
-1.697e-01
-1.689e-01
-1.681e-01
-1.671e-01
-1.659e-01
-1.646e-01
-1.630e-01
-1.612e-01
-1.590e-01
-1.565e-01
-1.535e-01
-1.501e-01
-1.450e-01
-1.444e-01
-1.733e-01
-1.734e-01
-1.711e-01
-1.708e-01
-1.699e-01
-1.691e-01
-1.681e-01
-1.671e-01
-1.660e-01
-1.647e-01
-1.633e-01
-1.616e-01
-1.598e-01
-1.576e-01
-1.551e-01
-1.522e-01
-1.489e-01
-1.450e-01
-1.407e-01
-1.348e-01
-1.344e-01
-1.721e-01
-1.722e-01
-1.696e-01
-1.688e-01
-1.677e-01
-1.665e-01
-1.651e-01
-1.637e-01
-1.621e-01
-1.603e-01
-1.583e-01
-1.561e-01
-1.536e-01
-1.507e-01
-1.475e-01
-1.438e-01
-1.396e-01
-1.350e-01
-1.299e-01
-1.235e-01
-1.231e-01
-1.703e-01
-1.704e-01
-1.675e-01
-1.662e-01
-1.646e-01
-1.629e-01
-1.611e-01
-1.591e-01
-1.570e-01
-1.546e-01
-1.520e-01
-1.491e-01
-1.459e-01
-1.422e-01
-1.382e-01
-1.338e-01
-1.290e-01
-1.238e-01
-1.180e-01
-1.110e-01
-1.106e-01
-1.678e-01
-1.678e-01
-1.645e-01
-1.627e-01
-1.605e-01
-1.583e-01
-1.559e-01
-1.533e-01
-1.504e-01
-1.474e-01
-1.440e-01
-1.404e-01
-1.365e-01
-1.322e-01
-1.276e-01
-1.227e-01
-1.172e-01
-1.113e-01
-1.047e-01
-9.689e-02
-9.632e-02
-1.643e-01
-1.642e-01
-1.603e-01
-1.579e-01
-1.551e-01
-1.521e-01
-1.490e-01
-1.456e-01
-1.421e-01
-1.383e-01
-1.343e-01
-1.301e-01
-1.257e-01
-1.209e-01
-1.158e-01
-1.103e-01
-1.041e-01
-9.728e-02
-8.995e-02
-8.188e-02
-8.132e-02
-1.595e-01
-1.592e-01
-1.547e-01
-1.514e-01
-1.479e-01
-1.441e-01
-1.402e-01
-1.362e-01
-1.320e-01
-1.277e-01
-1.232e-01
-1.185e-01
-1.136e-01
-1.083e-01
-1.024e-01
-9.614e-02
-8.945e-02
-8.240e-02
-7.446e-02
-6.575e-02
-6.514e-02
-1.528e-01
-1.524e-01
-1.472e-01
-1.429e-01
-1.385e-01
-1.341e-01
-1.296e-01
-1.250e-01
-1.203e-01
-1.155e-01
-1.106e-01
-1.053e-01
-9.965e-02
-9.377e-02
-8.763e-02
-8.119e-02
-7.407e-02
-6.648e-02
-5.841e-02
-4.975e-02
-4.926e-02
-1.437e-01
-1.433e-01
-1.374e-01
-1.324e-01
-1.273e-01
-1.222e-01
-1.172e-01
-1.121e-01
-1.069e-01
-1.014e-01
-9.584e-02
-9.019e-02
-8.447e-02
-7.839e-02
-7.196e-02
-6.520e-02
-5.813e-02
-5.073e-02
-4.262e-02
-3.384e-02
-3.338e-02
-1.324e-01
-1.320e-01
-1.255e-01
-1.197e-01
-1.141e-01
-1.084e-01
-1.026e-01
-9.687e-02
-9.119e-02
-8.559e-02
-7.992e-02
-7.405e-02
-6.808e-02
-6.199e-02
-5.580e-02
-4.934e-02
-4.242e-02
-3.507e-02
-2.728e-02
-1.881e-02
-1.851e-02
-1.189e-01
-1.184e-01
-1.115e-01
-1.049e-01
-9.835e-02
-9.205e-02
-8.601e-02
-8.009e-02
-7.415e-02
-6.833e-02
-6.262e-02
-5.699e-02
-5.143e-02
-4.561e-02
-3.965e-02
-3.353e-02
-2.714e-02
-2.021e-02
-1.261e-02
-5.061e-03
-5.047e-03
-1.030e-01
-1.024e-01
-9.462e-02
-8.749e-02
-8.070e-02
-7.400e-02
-6.759e-02
-6.154e-02
-5.587e-02
-5.045e-02
-4.505e-02
-3.973e-02
-3.448e-02
-2.926e-02
-2.394e-02
-1.850e-02
-1.266e-02
-6.264e-03
4.220e-03
6.114e-03
6.071e-03
-8.457e-02
-8.408e-02
-7.577e-02
-6.802e-02
-6.092e-02
-5.443e-02
-4.817e-02
-4.228e-02
-3.688e-02
-3.198e-02
-2.733e-02
-2.268e-02
-1.805e-02
-1.324e-02
-8.888e-03
-4.559e-03
1.326e-03
6.058e-03
6.529e-03
6.875e-03
6.771e-03
-6.378e-02
-6.332e-02
-5.487e-02
-4.697e-02
-4.000e-02
-3.373e-02
-2.785e-02
-2.225e-02
-1.731e-02
-1.350e-02
-1.001e-02
-6.224e-03
-2.300e-03
4.465e-03
6.043e-03
6.294e-03
6.557e-03
6.885e-03
7.466e-03
7.934e-03
7.777e-03
-4.162e-02
-4.113e-02
-3.235e-02
-2.416e-02
-1.796e-02
-1.265e-02
-5.874e-03
7.695e-04
5.888e-03
6.124e-03
6.338e-03
6.542e-03
6.748e-03
6.961e-03
7.196e-03
7.512e-03
7.854e-03
8.229e-03
8.755e-03
9.093e-03
8.822e-03
-1.826e-02
-1.774e-02
-8.697e-03
4.153e-03
6.362e-03
6.958e-03
7.475e-03
7.925e-03
8.225e-03
8.482e-03
8.731e-03
8.931e-03
9.109e-03
9.281e-03
9.439e-03
9.590e-03
9.760e-03
9.975e-03
1.032e-02
1.066e-02
1.030e-02
-1.057e-02
-7.664e-03
7.314e-04
6.117e-03
6.693e-03
7.837e-03
8.740e-03
9.553e-03
1.013e-02
1.040e-02
1.056e-02
1.066e-02
1.071e-02
1.073e-02
1.076e-02
1.079e-02
1.085e-02
1.094e-02
1.113e-02
1.140e-02
1.158e-02
-1.679e-01
-1.669e-01
-1.668e-01
-1.666e-01
-1.665e-01
-1.663e-01
-1.662e-01
-1.661e-01
-1.660e-01
-1.659e-01
-1.657e-01
-1.656e-01
-1.653e-01
-1.651e-01
-1.648e-01
-1.643e-01
-1.638e-01
-1.630e-01
-1.623e-01
-1.594e-01
-1.595e-01
-1.662e-01
-1.657e-01
-1.647e-01
-1.649e-01
-1.649e-01
-1.649e-01
-1.649e-01
-1.648e-01
-1.647e-01
-1.646e-01
-1.645e-01
-1.643e-01
-1.641e-01
-1.638e-01
-1.634e-01
-1.628e-01
-1.621e-01
-1.611e-01
-1.599e-01
-1.571e-01
-1.575e-01
-1.655e-01
-1.648e-01
-1.634e-01
-1.636e-01
-1.634e-01
-1.632e-01
-1.629e-01
-1.627e-01
-1.624e-01
-1.621e-01
-1.618e-01
-1.614e-01
-1.608e-01
-1.602e-01
-1.594e-01
-1.584e-01
-1.571e-01
-1.556e-01
-1.538e-01
-1.502e-01
-1.496e-01
-1.648e-01
-1.647e-01
-1.631e-01
-1.632e-01
-1.628e-01
-1.625e-01
-1.621e-01
-1.617e-01
-1.612e-01
-1.606e-01
-1.600e-01
-1.592e-01
-1.583e-01
-1.573e-01
-1.560e-01
-1.544e-01
-1.525e-01
-1.502e-01
-1.477e-01
-1.433e-01
-1.429e-01
-1.641e-01
-1.642e-01
-1.623e-01
-1.622e-01
-1.616e-01
-1.610e-01
-1.604e-01
-1.597e-01
-1.590e-01
-1.581e-01
-1.571e-01
-1.559e-01
-1.546e-01
-1.530e-01
-1.511e-01
-1.489e-01
-1.463e-01
-1.433e-01
-1.399e-01
-1.347e-01
-1.343e-01
-1.631e-01
-1.634e-01
-1.612e-01
-1.608e-01
-1.599e-01
-1.591e-01
-1.582e-01
-1.571e-01
-1.560e-01
-1.547e-01
-1.532e-01
-1.516e-01
-1.497e-01
-1.475e-01
-1.449e-01
-1.420e-01
-1.386e-01
-1.347e-01
-1.303e-01
-1.244e-01
-1.241e-01
-1.618e-01
-1.622e-01
-1.596e-01
-1.589e-01
-1.577e-01
-1.565e-01
-1.551e-01
-1.537e-01
-1.520e-01
-1.502e-01
-1.482e-01
-1.460e-01
-1.434e-01
-1.405e-01
-1.372e-01
-1.335e-01
-1.292e-01
-1.245e-01
-1.193e-01
-1.128e-01
-1.125e-01
-1.600e-01
-1.604e-01
-1.575e-01
-1.562e-01
-1.546e-01
-1.529e-01
-1.511e-01
-1.491e-01
-1.469e-01
-1.445e-01
-1.418e-01
-1.389e-01
-1.356e-01
-1.319e-01
-1.278e-01
-1.233e-01
-1.184e-01
-1.130e-01
-1.071e-01
-1.001e-01
-9.975e-02
-1.575e-01
-1.578e-01
-1.544e-01
-1.526e-01
-1.505e-01
-1.482e-01
-1.457e-01
-1.431e-01
-1.402e-01
-1.371e-01
-1.337e-01
-1.300e-01
-1.259e-01
-1.216e-01
-1.169e-01
-1.119e-01
-1.063e-01
-1.003e-01
-9.362e-02
-8.572e-02
-8.527e-02
-1.540e-01
-1.541e-01
-1.502e-01
-1.477e-01
-1.449e-01
-1.419e-01
-1.388e-01
-1.353e-01
-1.317e-01
-1.278e-01
-1.238e-01
-1.195e-01
-1.149e-01
-1.100e-01
-1.048e-01
-9.922e-02
-9.295e-02
-8.605e-02
-7.860e-02
-7.046e-02
-7.000e-02
-1.491e-01
-1.490e-01
-1.445e-01
-1.412e-01
-1.376e-01
-1.337e-01
-1.297e-01
-1.256e-01
-1.214e-01
-1.170e-01
-1.124e-01
-1.076e-01
-1.025e-01
-9.719e-02
-9.124e-02
-8.487e-02
-7.807e-02
-7.092e-02
-6.290e-02
-5.412e-02
-5.357e-02
-1.423e-01
-1.421e-01
-1.369e-01
-1.325e-01
-1.280e-01
-1.235e-01
-1.189e-01
-1.142e-01
-1.094e-01
-1.045e-01
-9.950e-02
-9.414e-02
-8.842e-02
-8.244e-02
-7.620e-02
-6.970e-02
-6.249e-02
-5.481e-02
-4.665e-02
-3.796e-02
-3.749e-02
-1.331e-01
-1.328e-01
-1.268e-01
-1.217e-01
-1.165e-01
-1.114e-01
-1.062e-01
-1.010e-01
-9.575e-02
-9.019e-02
-8.454e-02
-7.879e-02
-7.297e-02
-6.684e-02
-6.033e-02
-5.351e-02
-4.636e-02
-3.891e-02
-3.074e-02
-2.193e-02
-2.148e-02
-1.215e-01
-1.212e-01
-1.146e-01
-1.088e-01
-1.030e-01
-9.732e-02
-9.143e-02
-8.557e-02
-7.979e-02
-7.411e-02
-6.839e-02
-6.244e-02
-5.641e-02
-5.025e-02
-4.400e-02
-3.750e-02
-3.054e-02
-2.315e-02
-1.532e-02
-6.846e-03
-6.548e-03
-1.077e-01
-1.074e-01
-1.003e-01
-9.368e-02
-8.706e-02
-8.066e-02
-7.452e-02
-6.855e-02
-6.254e-02
-5.666e-02
-5.088e-02
-4.520e-02
-3.960e-02
-3.375e-02
-2.775e-02
-2.160e-02
-1.519e-02
-8.236e-03
-6.233e-04
6.927e-03
6.941e-03
-9.158e-02
-9.115e-02
-8.324e-02
-7.601e-02
-6.916e-02
-6.237e-02
-5.590e-02
-4.979e-02
-4.406e-02
-3.861e-02
-3.318e-02
-2.783e-02
-2.256e-02
-1.731e-02
-1.198e-02
-6.521e-03
-6.760e-04
5.726e-03
1.594e-02
1.810e-02
1.802e-02
-7.294e-02
-7.251e-02
-6.414e-02
-5.632e-02
-4.915e-02
-4.260e-02
-3.632e-02
-3.038e-02
-2.495e-02
-2.004e-02
-1.537e-02
-1.071e-02
-6.065e-03
-1.248e-03
3.098e-03
7.419e-03
1.322e-02
1.792e-02
1.859e-02
1.915e-02
1.899e-02
-5.198e-02
-5.154e-02
-4.303e-02
-3.510e-02
-2.808e-02
-2.179e-02
-1.587e-02
-1.027e-02
-5.329e-03
-1.509e-03
1.972e-03
5.736e-03
9.649e-03
1.623e-02
1.790e-02
1.826e-02
1.863e-02
1.906e-02
1.973e-02
2.038e-02
2.017e-02
-2.969e-02
-2.920e-02
-2.038e-02
-1.218e-02
-5.977e-03
-6.758e-04
5.966e-03
1.252e-02
1.756e-02
1.794e-02
1.825e-02
1.854e-02
1.882e-02
1.913e-02
1.942e-02
1.979e-02
2.018e-02
2.062e-02
2.122e-02
2.174e-02
2.142e-02
-6.284e-03
-5.764e-03
3.299e-03
1.583e-02
1.822e-02
1.897e-02
1.961e-02
2.017e-02
2.056e-02
2.088e-02
2.117e-02
2.142e-02
2.164e-02
2.186e-02
2.206e-02
2.225e-02
2.247e-02
2.275e-02
2.317e-02
2.369e-02
2.324e-02
1.422e-03
4.327e-03
1.273e-02
1.823e-02
1.899e-02
2.020e-02
2.116e-02
2.203e-02
2.266e-02
2.298e-02
2.318e-02
2.333e-02
2.342e-02
2.349e-02
2.356e-02
2.364e-02
2.375e-02
2.390e-02
2.417e-02
2.459e-02
2.493e-02
-1.553e-01
-1.545e-01
-1.543e-01
-1.541e-01
-1.540e-01
-1.538e-01
-1.537e-01
-1.535e-01
-1.534e-01
-1.533e-01
-1.531e-01
-1.529e-01
-1.527e-01
-1.524e-01
-1.521e-01
-1.516e-01
-1.510e-01
-1.502e-01
-1.495e-01
-1.466e-01
-1.471e-01
-1.538e-01
-1.534e-01
-1.525e-01
-1.527e-01
-1.527e-01
-1.527e-01
-1.526e-01
-1.526e-01
-1.525e-01
-1.524e-01
-1.523e-01
-1.521e-01
-1.519e-01
-1.516e-01
-1.511e-01
-1.506e-01
-1.498e-01
-1.487e-01
-1.475e-01
-1.447e-01
-1.456e-01
-1.529e-01
-1.525e-01
-1.512e-01
-1.514e-01
-1.512e-01
-1.510e-01
-1.508e-01
-1.505e-01
-1.502e-01
-1.499e-01
-1.496e-01
-1.491e-01
-1.486e-01
-1.479e-01
-1.471e-01
-1.461e-01
-1.448e-01
-1.431e-01
-1.412e-01
-1.376e-01
-1.375e-01
-1.523e-01
-1.525e-01
-1.509e-01
-1.510e-01
-1.506e-01
-1.503e-01
-1.499e-01
-1.495e-01
-1.489e-01
-1.484e-01
-1.477e-01
-1.470e-01
-1.460e-01
-1.449e-01
-1.436e-01
-1.419e-01
-1.399e-01
-1.376e-01
-1.349e-01
-1.304e-01
-1.304e-01
-1.515e-01
-1.521e-01
-1.501e-01
-1.500e-01
-1.494e-01
-1.488e-01
-1.482e-01
-1.475e-01
-1.467e-01
-1.458e-01
-1.448e-01
-1.436e-01
-1.422e-01
-1.405e-01
-1.385e-01
-1.362e-01
-1.335e-01
-1.303e-01
-1.267e-01
-1.215e-01
-1.214e-01
-1.505e-01
-1.512e-01
-1.490e-01
-1.486e-01
-1.477e-01
-1.469e-01
-1.459e-01
-1.448e-01
-1.437e-01
-1.423e-01
-1.408e-01
-1.390e-01
-1.370e-01
-1.347e-01
-1.321e-01
-1.290e-01
-1.255e-01
-1.214e-01
-1.167e-01
-1.105e-01
-1.105e-01
-1.492e-01
-1.500e-01
-1.474e-01
-1.466e-01
-1.454e-01
-1.442e-01
-1.428e-01
-1.413e-01
-1.396e-01
-1.377e-01
-1.355e-01
-1.332e-01
-1.305e-01
-1.274e-01
-1.240e-01
-1.200e-01
-1.155e-01
-1.104e-01
-1.049e-01
-9.815e-02
-9.809e-02
-1.473e-01
-1.482e-01
-1.452e-01
-1.439e-01
-1.423e-01
-1.405e-01
-1.386e-01
-1.364e-01
-1.341e-01
-1.316e-01
-1.288e-01
-1.257e-01
-1.222e-01
-1.183e-01
-1.139e-01
-1.091e-01
-1.039e-01
-9.817e-02
-9.192e-02
-8.465e-02
-8.448e-02
-1.447e-01
-1.455e-01
-1.420e-01
-1.401e-01
-1.379e-01
-1.355e-01
-1.329e-01
-1.301e-01
-1.271e-01
-1.239e-01
-1.203e-01
-1.163e-01
-1.120e-01
-1.073e-01
-1.023e-01
-9.692e-02
-9.106e-02
-8.474e-02
-7.782e-02
-6.968e-02
-6.933e-02
-1.410e-01
-1.416e-01
-1.376e-01
-1.350e-01
-1.320e-01
-1.289e-01
-1.256e-01
-1.220e-01
-1.181e-01
-1.140e-01
-1.096e-01
-1.050e-01
-1.002e-01
-9.498e-02
-8.943e-02
-8.354e-02
-7.706e-02
-6.983e-02
-6.205e-02
-5.371e-02
-5.331e-02
-1.358e-01
-1.362e-01
-1.316e-01
-1.281e-01
-1.243e-01
-1.202e-01
-1.160e-01
-1.116e-01
-1.070e-01
-1.023e-01
-9.743e-02
-9.232e-02
-8.698e-02
-8.141e-02
-7.522e-02
-6.855e-02
-6.144e-02
-5.401e-02
-4.577e-02
-3.683e-02
-3.629e-02
-1.287e-01
-1.288e-01
-1.234e-01
-1.188e-01
-1.140e-01
-1.092e-01
-1.043e-01
-9.931e-02
-9.424e-02
-8.905e-02
-8.376e-02
-7.823e-02
-7.223e-02
-6.597e-02
-5.946e-02
-5.276e-02
-4.531e-02
-3.743e-02
-2.907e-02
-2.027e-02
-1.980e-02
-1.189e-01
-1.189e-01
-1.126e-01
-1.072e-01
-1.017e-01
-9.624e-02
-9.077e-02
-8.533e-02
-7.988e-02
-7.406e-02
-6.814e-02
-6.213e-02
-5.606e-02
-4.977e-02
-4.306e-02
-3.606e-02
-2.875e-02
-2.118e-02
-1.290e-02
-4.022e-03
-3.559e-03
-1.065e-01
-1.065e-01
-9.962e-02
-9.344e-02
-8.737e-02
-8.145e-02
-7.532e-02
-6.920e-02
-6.316e-02
-5.722e-02
-5.135e-02
-4.522e-02
-3.902e-02
-3.271e-02
-2.633e-02
-1.974e-02
-1.269e-02
-5.224e-03
2.639e-03
1.112e-02
1.142e-02
-9.199e-02
-9.179e-02
-8.447e-02
-7.762e-02
-7.072e-02
-6.404e-02
-5.764e-02
-5.150e-02
-4.530e-02
-3.926e-02
-3.335e-02
-2.755e-02
-2.186e-02
-1.593e-02
-9.869e-03
-3.669e-03
2.779e-03
9.740e-03
1.736e-02
2.491e-02
2.493e-02
-7.518e-02
-7.484e-02
-6.667e-02
-5.915e-02
-5.212e-02
-4.512e-02
-3.847e-02
-3.222e-02
-2.637e-02
-2.084e-02
-1.535e-02
-9.946e-03
-4.624e-03
6.541e-04
5.993e-03
1.145e-02
1.731e-02
2.371e-02
3.359e-02
3.609e-02
3.596e-02
-5.580e-02
-5.541e-02
-4.689e-02
-3.887e-02
-3.155e-02
-2.487e-02
-1.851e-02
-1.251e-02
-7.026e-03
-2.084e-03
2.593e-03
7.261e-03
1.191e-02
1.674e-02
2.108e-02
2.539e-02
3.108e-02
3.574e-02
3.668e-02
3.754e-02
3.732e-02
-3.436e-02
-3.392e-02
-2.527e-02
-1.726e-02
-1.017e-02
-3.841e-03
2.099e-03
7.715e-03
1.265e-02
1.647e-02
1.996e-02
2.370e-02
2.759e-02
3.394e-02
3.571e-02
3.622e-02
3.675e-02
3.733e-02
3.813e-02
3.904e-02
3.876e-02
-1.179e-02
-1.128e-02
-2.424e-03
5.787e-03
1.200e-02
1.730e-02
2.381e-02
3.023e-02
3.516e-02
3.571e-02
3.614e-02
3.654e-02
3.694e-02
3.738e-02
3.777e-02
3.821e-02
3.868e-02
3.921e-02
3.992e-02
4.070e-02
4.031e-02
1.169e-02
1.221e-02
2.129e-02
3.341e-02
3.603e-02
3.699e-02
3.781e-02
3.853e-02
3.906e-02
3.946e-02
3.982e-02
4.014e-02
4.042e-02
4.071e-02
4.097e-02
4.124e-02
4.153e-02
4.189e-02
4.243e-02
4.320e-02
4.263e-02
1.941e-02
2.232e-02
3.073e-02
3.639e-02
3.740e-02
3.872e-02
3.978e-02
4.073e-02
4.143e-02
4.182e-02
4.210e-02
4.231e-02
4.247e-02
4.261e-02
4.274e-02
4.289e-02
4.308e-02
4.332e-02
4.371e-02
4.434e-02
4.492e-02
-1.427e-01
-1.418e-01
-1.415e-01
-1.413e-01
-1.411e-01
-1.409e-01
-1.407e-01
-1.405e-01
-1.403e-01
-1.402e-01
-1.400e-01
-1.398e-01
-1.395e-01
-1.392e-01
-1.388e-01
-1.383e-01
-1.376e-01
-1.367e-01
-1.358e-01
-1.329e-01
-1.341e-01
-1.410e-01
-1.406e-01
-1.397e-01
-1.399e-01
-1.399e-01
-1.399e-01
-1.399e-01
-1.399e-01
-1.398e-01
-1.397e-01
-1.396e-01
-1.394e-01
-1.392e-01
-1.388e-01
-1.383e-01
-1.377e-01
-1.368e-01
-1.357e-01
-1.344e-01
-1.314e-01
-1.329e-01
-1.401e-01
-1.398e-01
-1.385e-01
-1.387e-01
-1.385e-01
-1.383e-01
-1.380e-01
-1.378e-01
-1.375e-01
-1.372e-01
-1.368e-01
-1.363e-01
-1.357e-01
-1.350e-01
-1.341e-01
-1.329e-01
-1.315e-01
-1.297e-01
-1.276e-01
-1.239e-01
-1.244e-01
-1.393e-01
-1.398e-01
-1.382e-01
-1.383e-01
-1.379e-01
-1.376e-01
-1.372e-01
-1.367e-01
-1.362e-01
-1.356e-01
-1.348e-01
-1.340e-01
-1.330e-01
-1.318e-01
-1.303e-01
-1.285e-01
-1.263e-01
-1.236e-01
-1.206e-01
-1.160e-01
-1.163e-01
-1.384e-01
-1.394e-01
-1.374e-01
-1.373e-01
-1.367e-01
-1.361e-01
-1.354e-01
-1.346e-01
-1.338e-01
-1.328e-01
-1.317e-01
-1.304e-01
-1.288e-01
-1.270e-01
-1.248e-01
-1.222e-01
-1.192e-01
-1.156e-01
-1.116e-01
-1.061e-01
-1.062e-01
-1.373e-01
-1.386e-01
-1.362e-01
-1.358e-01
-1.349e-01
-1.340e-01
-1.330e-01
-1.318e-01
-1.305e-01
-1.291e-01
-1.274e-01
-1.254e-01
-1.232e-01
-1.206e-01
-1.176e-01
-1.142e-01
-1.102e-01
-1.057e-01
-1.004e-01
-9.365e-02
-9.377e-02
-1.359e-01
-1.373e-01
-1.346e-01
-1.337e-01
-1.325e-01
-1.311e-01
-1.296e-01
-1.280e-01
-1.261e-01
-1.240e-01
-1.216e-01
-1.189e-01
-1.159e-01
-1.125e-01
-1.086e-01
-1.042e-01
-9.903e-02
-9.327e-02
-8.697e-02
-7.960e-02
-7.960e-02
-1.339e-01
-1.352e-01
-1.322e-01
-1.308e-01
-1.290e-01
-1.271e-01
-1.249e-01
-1.226e-01
-1.200e-01
-1.172e-01
-1.140e-01
-1.105e-01
-1.067e-01
-1.023e-01
-9.721e-02
-9.171e-02
-8.574e-02
-7.929e-02
-7.229e-02
-6.443e-02
-6.423e-02
-1.310e-01
-1.323e-01
-1.287e-01
-1.266e-01
-1.242e-01
-1.215e-01
-1.186e-01
-1.155e-01
-1.121e-01
-1.085e-01
-1.045e-01
-9.990e-02
-9.492e-02
-8.960e-02
-8.390e-02
-7.780e-02
-7.124e-02
-6.423e-02
-5.684e-02
-4.818e-02
-4.778e-02
-1.269e-01
-1.280e-01
-1.237e-01
-1.208e-01
-1.175e-01
-1.140e-01
-1.103e-01
-1.063e-01
-1.020e-01
-9.722e-02
-9.220e-02
-8.693e-02
-8.140e-02
-7.556e-02
-6.935e-02
-6.282e-02
-5.591e-02
-4.808e-02
-3.971e-02
-3.095e-02
-3.049e-02
-1.210e-01
-1.218e-01
-1.168e-01
-1.129e-01
-1.087e-01
-1.043e-01
-9.943e-02
-9.435e-02
-8.915e-02
-8.379e-02
-7.827e-02
-7.253e-02
-6.657e-02
-6.046e-02
-5.385e-02
-4.664e-02
-3.901e-02
-3.110e-02
-2.253e-02
-1.333e-02
-1.273e-02
-1.129e-01
-1.133e-01
-1.076e-01
-1.025e-01
-9.706e-02
-9.154e-02
-8.596e-02
-8.033e-02
-7.463e-02
-6.882e-02
-6.297e-02
-5.707e-02
-5.055e-02
-4.381e-02
-3.684e-02
-2.982e-02
-2.203e-02
-1.386e-02
-5.286e-03
3.627e-03
4.117e-03
-1.019e-01
-1.021e-01
-9.523e-02
-8.906e-02
-8.290e-02
-7.679e-02
-7.067e-02
-6.465e-02
-5.879e-02
-5.250e-02
-4.612e-02
-3.967e-02
-3.320e-02
-2.664e-02
-1.966e-02
-1.244e-02
-4.955e-03
2.729e-03
1.103e-02
1.992e-02
2.039e-02
-8.777e-02
-8.781e-02
-8.038e-02
-7.352e-02
-6.680e-02
-6.035e-02
-5.383e-02
-4.722e-02
-4.074e-02
-3.442e-02
-2.829e-02
-2.189e-02
-1.548e-02
-8.995e-03
-2.474e-03
4.177e-03
1.124e-02
1.873e-02
2.661e-02
3.510e-02
3.540e-02
-7.154e-02
-7.136e-02
-6.350e-02
-5.624e-02
-4.881e-02
-4.164e-02
-3.483e-02
-2.843e-02
-2.196e-02
-1.571e-02
-9.633e-03
-3.711e-03
2.056e-03
8.008e-03
1.407e-02
2.029e-02
2.675e-02
3.372e-02
4.135e-02
4.890e-02
4.891e-02
-5.337e-02
-5.300e-02
-4.438e-02
-3.639e-02
-2.904e-02
-2.176e-02
-1.489e-02
-8.468e-03
-2.502e-03
3.084e-03
8.590e-03
1.400e-02
1.933e-02
2.463e-02
2.997e-02
3.543e-02
4.129e-02
4.769e-02
5.716e-02
6.008e-02
5.989e-02
-3.273e-02
-3.229e-02
-2.353e-02
-1.527e-02
-7.765e-03
-9.687e-04
5.421e-03
1.143e-02
1.692e-02
2.188e-02
2.657e-02
3.124e-02
3.589e-02
4.072e-02
4.506e-02
4.936e-02
5.491e-02
5.953e-02
6.080e-02
6.206e-02
6.175e-02
-1.062e-02
-1.012e-02
-1.371e-03
6.670e-03
1.377e-02
2.012e-02
2.608e-02
3.170e-02
3.663e-02
4.045e-02
4.394e-02
4.765e-02
5.153e-02
5.759e-02
5.948e-02
6.019e-02
6.091e-02
6.168e-02
6.266e-02
6.391e-02
6.354e-02
1.216e-02
1.266e-02
2.154e-02
2.976e-02
3.597e-02
4.128e-02
4.763e-02
5.386e-02
5.866e-02
5.943e-02
6.001e-02
6.056e-02
6.112e-02
6.172e-02
6.223e-02
6.277e-02
6.334e-02
6.399e-02
6.485e-02
6.597e-02
6.549e-02
3.567e-02
3.619e-02
4.528e-02
5.693e-02
5.982e-02
6.103e-02
6.207e-02
6.299e-02
6.369e-02
6.420e-02
6.466e-02
6.507e-02
6.544e-02
6.582e-02
6.617e-02
6.652e-02
6.692e-02
6.739e-02
6.808e-02
6.917e-02
6.848e-02
4.340e-02
4.631e-02
5.473e-02
6.058e-02
6.192e-02
6.338e-02
6.456e-02
6.562e-02
6.642e-02
6.691e-02
6.728e-02
6.758e-02
6.783e-02
6.805e-02
6.828e-02
6.852e-02
6.881e-02
6.918e-02
6.972e-02
7.062e-02
7.150e-02
-1.316e-01
-1.304e-01
-1.301e-01
-1.297e-01
-1.294e-01
-1.290e-01
-1.287e-01
-1.284e-01
-1.281e-01
-1.278e-01
-1.275e-01
-1.272e-01
-1.269e-01
-1.265e-01
-1.259e-01
-1.253e-01
-1.245e-01
-1.234e-01
-1.222e-01
-1.191e-01
-1.210e-01
-1.295e-01
-1.284e-01
-1.275e-01
-1.277e-01
-1.277e-01
-1.277e-01
-1.277e-01
-1.277e-01
-1.276e-01
-1.275e-01
-1.274e-01
-1.272e-01
-1.269e-01
-1.264e-01
-1.258e-01
-1.250e-01
-1.240e-01
-1.226e-01
-1.210e-01
-1.178e-01
-1.201e-01
-1.282e-01
-1.275e-01
-1.263e-01
-1.265e-01
-1.263e-01
-1.260e-01
-1.258e-01
-1.255e-01
-1.252e-01
-1.249e-01
-1.244e-01
-1.238e-01
-1.231e-01
-1.222e-01
-1.211e-01
-1.197e-01
-1.180e-01
-1.160e-01
-1.134e-01
-1.093e-01
-1.105e-01
-1.270e-01
-1.275e-01
-1.260e-01
-1.261e-01
-1.257e-01
-1.253e-01
-1.249e-01
-1.244e-01
-1.237e-01
-1.230e-01
-1.221e-01
-1.211e-01
-1.199e-01
-1.184e-01
-1.167e-01
-1.145e-01
-1.118e-01
-1.086e-01
-1.049e-01
-9.978e-02
-1.005e-01
-1.259e-01
-1.272e-01
-1.252e-01
-1.250e-01
-1.244e-01
-1.237e-01
-1.230e-01
-1.221e-01
-1.211e-01
-1.199e-01
-1.185e-01
-1.170e-01
-1.151e-01
-1.129e-01
-1.101e-01
-1.069e-01
-1.032e-01
-9.891e-02
-9.395e-02
-8.769e-02
-8.787e-02
-1.246e-01
-1.264e-01
-1.239e-01
-1.234e-01
-1.224e-01
-1.213e-01
-1.201e-01
-1.188e-01
-1.173e-01
-1.156e-01
-1.135e-01
-1.111e-01
-1.083e-01
-1.051e-01
-1.014e-01
-9.713e-02
-9.227e-02
-8.681e-02
-8.058e-02
-7.260e-02
-7.248e-02
-1.230e-01
-1.249e-01
-1.220e-01
-1.210e-01
-1.195e-01
-1.180e-01
-1.162e-01
-1.143e-01
-1.120e-01
-1.094e-01
-1.064e-01
-1.031e-01
-9.933e-02
-9.507e-02
-9.028e-02
-8.500e-02
-7.876e-02
-7.158e-02
-6.388e-02
-5.537e-02
-5.507e-02
-1.206e-01
-1.225e-01
-1.192e-01
-1.175e-01
-1.155e-01
-1.132e-01
-1.106e-01
-1.077e-01
-1.046e-01
-1.010e-01
-9.709e-02
-9.272e-02
-8.794e-02
-8.276e-02
-7.644e-02
-6.958e-02
-6.230e-02
-5.458e-02
-4.639e-02
-3.756e-02
-3.705e-02
-1.171e-01
-1.189e-01
-1.150e-01
-1.125e-01
-1.095e-01
-1.063e-01
-1.028e-01
-9.892e-02
-9.471e-02
-9.015e-02
-8.530e-02
-7.980e-02
-7.352e-02
-6.694e-02
-5.999e-02
-5.272e-02
-4.508e-02
-3.704e-02
-2.894e-02
-1.960e-02
-1.898e-02
-1.121e-01
-1.136e-01
-1.088e-01
-1.052e-01
-1.012e-01
-9.693e-02
-9.233e-02
-8.747e-02
-8.239e-02
-7.636e-02
-7.008e-02
-6.362e-02
-5.692e-02
-5.001e-02
-4.282e-02
-3.538e-02
-2.785e-02
-1.932e-02
-1.041e-02
-1.254e-03
-7.008e-04
-1.046e-01
-1.057e-01
-1.001e-01
-9.527e-02
-9.015e-02
-8.487e-02
-7.900e-02
-7.267e-02
-6.626e-02
-5.974e-02
-5.315e-02
-4.645e-02
-3.957e-02
-3.268e-02
-2.554e-02
-1.775e-02
-9.637e-03
-1.370e-03
7.315e-03
1.654e-02
1.715e-02
-9.450e-02
-9.495e-02
-8.847e-02
-8.258e-02
-7.582e-02
-6.902e-02
-6.225e-02
-5.552e-02
-4.883e-02
-4.210e-02
-3.546e-02
-2.904e-02
-2.193e-02
-1.470e-02
-7.352e-03
-1.402e-05
7.827e-03
1.601e-02
2.462e-02
3.357e-02
3.406e-02
-8.130e-02
-8.126e-02
-7.325e-02
-6.578e-02
-5.843e-02
-5.124e-02
-4.417e-02
-3.730e-02
-3.078e-02
-2.401e-02
-1.714e-02
-1.030e-02
-3.535e-03
3.185e-03
1.020e-02
1.745e-02
2.496e-02
3.268e-02
4.098e-02
4.987e-02
5.033e-02
-6.382e-02
-6.365e-02
-5.526e-02
-4.734e-02
-3.966e-02
-3.244e-02
-2.542e-02
-1.830e-02
-1.141e-02
-4.797e-03
1.536e-03
7.977e-03
1.441e-02
2.090e-02
2.745e-02
3.413e-02
4.120e-02
4.868e-02
5.657e-02
6.507e-02
6.536e-02
-4.488e-02
-4.446e-02
-3.585e-02
-2.800e-02
-1.997e-02
-1.234e-02
-5.219e-03
1.404e-03
7.912e-03
1.417e-02
2.027e-02
2.621e-02
3.201e-02
3.796e-02
4.403e-02
5.024e-02
5.672e-02
6.369e-02
7.132e-02
7.888e-02
7.889e-02
-2.480e-02
-2.427e-02
-1.519e-02
-6.814e-03
7.969e-04
8.118e-03
1.500e-02
2.144e-02
2.743e-02
3.304e-02
3.854e-02
4.395e-02
4.929e-02
5.460e-02
5.994e-02
6.541e-02
7.126e-02
7.765e-02
8.668e-02
9.007e-02
8.983e-02
-3.010e-03
-2.506e-03
6.335e-03
1.462e-02
2.214e-02
2.897e-02
3.538e-02
4.139e-02
4.688e-02
5.184e-02
5.654e-02
6.121e-02
6.587e-02
7.070e-02
7.504e-02
7.933e-02
8.473e-02
8.931e-02
9.097e-02
9.268e-02
9.229e-02
1.928e-02
1.978e-02
2.857e-02
3.662e-02
4.373e-02
5.008e-02
5.605e-02
6.167e-02
6.659e-02
7.043e-02
7.392e-02
7.761e-02
8.146e-02
8.720e-02
8.924e-02
9.018e-02
9.113e-02
9.213e-02
9.332e-02
9.497e-02
9.451e-02
4.211e-02
4.262e-02
5.150e-02
5.972e-02
6.594e-02
7.125e-02
7.743e-02
8.346e-02
8.812e-02
8.913e-02
8.990e-02
9.062e-02
9.136e-02
9.215e-02
9.280e-02
9.346e-02
9.417e-02
9.497e-02
9.602e-02
9.753e-02
9.696e-02
6.565e-02
6.616e-02
7.525e-02
8.638e-02
8.957e-02
9.109e-02
9.239e-02
9.355e-02
9.445e-02
9.510e-02
9.568e-02
9.620e-02
9.668e-02
9.716e-02
9.763e-02
9.809e-02
9.861e-02
9.923e-02
1.001e-01
1.016e-01
1.007e-01
7.339e-02
7.629e-02
8.473e-02
9.079e-02
9.251e-02
9.415e-02
9.549e-02
9.668e-02
9.761e-02
9.822e-02
9.870e-02
9.911e-02
9.947e-02
9.980e-02
1.001e-01
1.005e-01
1.009e-01
1.014e-01
1.022e-01
1.034e-01
1.046e-01
-1.249e-01
-1.230e-01
-1.225e-01
-1.220e-01
-1.214e-01
-1.208e-01
-1.202e-01
-1.196e-01
-1.191e-01
-1.186e-01
-1.181e-01
-1.176e-01
-1.170e-01
-1.164e-01
-1.157e-01
-1.148e-01
-1.136e-01
-1.122e-01
-1.104e-01
-1.072e-01
-1.095e-01
-1.220e-01
-1.193e-01
-1.183e-01
-1.184e-01
-1.183e-01
-1.182e-01
-1.181e-01
-1.181e-01
-1.180e-01
-1.178e-01
-1.177e-01
-1.174e-01
-1.170e-01
-1.164e-01
-1.156e-01
-1.145e-01
-1.131e-01
-1.113e-01
-1.091e-01
-1.056e-01
-1.084e-01
-1.201e-01
-1.182e-01
-1.169e-01
-1.169e-01
-1.166e-01
-1.164e-01
-1.161e-01
-1.158e-01
-1.154e-01
-1.149e-01
-1.144e-01
-1.136e-01
-1.127e-01
-1.115e-01
-1.100e-01
-1.082e-01
-1.060e-01
-1.033e-01
-1.001e-01
-9.543e-02
-9.730e-02
-1.182e-01
-1.179e-01
-1.163e-01
-1.163e-01
-1.160e-01
-1.155e-01
-1.150e-01
-1.144e-01
-1.136e-01
-1.127e-01
-1.116e-01
-1.102e-01
-1.086e-01
-1.067e-01
-1.044e-01
-1.016e-01
-9.829e-02
-9.402e-02
-8.911e-02
-8.318e-02
-8.418e-02
-1.164e-01
-1.175e-01
-1.154e-01
-1.152e-01
-1.145e-01
-1.137e-01
-1.128e-01
-1.117e-01
-1.104e-01
-1.089e-01
-1.071e-01
-1.050e-01
-1.026e-01
-9.980e-02
-9.619e-02
-9.195e-02
-8.710e-02
-8.150e-02
-7.505e-02
-6.762e-02
-6.756e-02
-1.147e-01
-1.166e-01
-1.140e-01
-1.133e-01
-1.122e-01
-1.108e-01
-1.093e-01
-1.076e-01
-1.056e-01
-1.034e-01
-1.008e-01
-9.775e-02
-9.396e-02
-8.969e-02
-8.481e-02
-7.926e-02
-7.293e-02
-6.588e-02
-5.857e-02
-4.907e-02
-4.842e-02
-1.125e-01
-1.148e-01
-1.116e-01
-1.103e-01
-1.085e-01
-1.065e-01
-1.043e-01
-1.019e-01
-9.904e-02
-9.554e-02
-9.160e-02
-8.719e-02
-8.223e-02
-7.665e-02
-7.037e-02
-6.359e-02
-5.620e-02
-4.726e-02
-3.796e-02
-2.828e-02
-2.758e-02
-1.094e-01
-1.117e-01
-1.079e-01
-1.058e-01
-1.033e-01
-1.005e-01
-9.721e-02
-9.337e-02
-8.916e-02
-8.450e-02
-7.934e-02
-7.361e-02
-6.737e-02
-6.091e-02
-5.323e-02
-4.475e-02
-3.603e-02
-2.708e-02
-1.791e-02
-8.415e-03
-7.705e-03
-1.049e-01
-1.069e-01
-1.026e-01
-9.943e-02
-9.556e-02
-9.133e-02
-8.672e-02
-8.169e-02
-7.621e-02
-7.022e-02
-6.395e-02
-5.749e-02
-4.960e-02
-4.151e-02
-3.328e-02
-2.493e-02
-1.644e-02
-7.750e-03
8.112e-04
1.020e-02
1.083e-02
-9.831e-02
-1.000e-01
-9.437e-02
-8.961e-02
-8.447e-02
-7.893e-02
-7.295e-02
-6.667e-02
-6.043e-02
-5.307e-02
-4.529e-02
-3.752e-02
-2.968e-02
-2.186e-02
-1.394e-02
-5.973e-03
1.913e-03
1.049e-02
1.944e-02
2.864e-02
2.921e-02
-8.823e-02
-8.937e-02
-8.270e-02
-7.649e-02
-6.989e-02
-6.318e-02
-5.627e-02
-4.839e-02
-4.061e-02
-3.291e-02
-2.537e-02
-1.791e-02
-1.043e-02
-3.101e-03
4.254e-03
1.209e-02
2.022e-02
2.853e-02
3.724e-02
4.646e-02
4.706e-02
-7.500e-02
-7.519e-02
-6.743e-02
-6.030e-02
-5.210e-02
-4.379e-02
-3.577e-02
-2.800e-02
-2.049e-02
-1.314e-02
-6.035e-03
7.186e-04
7.892e-03
1.514e-02
2.252e-02
2.991e-02
3.775e-02
4.594e-02
5.454e-02
6.351e-02
6.400e-02
-5.875e-02
-5.819e-02
-4.873e-02
-3.979e-02
-3.124e-02
-2.311e-02
-1.535e-02
-7.966e-03
-1.082e-03
5.797e-03
1.270e-02
1.956e-02
2.636e-02
3.311e-02
4.013e-02
4.737e-02
5.488e-02
6.262e-02
7.093e-02
7.982e-02
8.028e-02
-3.740e-02
-3.686e-02
-2.753e-02
-1.875e-02
-1.045e-02
-2.815e-03
4.389e-03
1.155e-02
1.845e-02
2.509e-02
3.147e-02
3.791e-02
4.434e-02
5.083e-02
5.739e-02
6.408e-02
7.115e-02
7.863e-02
8.654e-02
9.504e-02
9.533e-02
-1.607e-02
-1.545e-02
-6.380e-03
1.803e-03
9.878e-03
1.751e-02
2.467e-02
3.134e-02
3.785e-02
4.411e-02
5.020e-02
5.614e-02
6.196e-02
6.792e-02
7.398e-02
8.020e-02
8.669e-02
9.366e-02
1.013e-01
1.089e-01
1.089e-01
5.008e-03
5.565e-03
1.466e-02
2.307e-02
3.073e-02
3.805e-02
4.493e-02
5.137e-02
5.737e-02
6.299e-02
6.850e-02
7.391e-02
7.925e-02
8.456e-02
8.991e-02
9.538e-02
1.012e-01
1.076e-01
1.163e-01
1.201e-01
1.198e-01
2.690e-02
2.741e-02
3.627e-02
4.455e-02
5.208e-02
5.892e-02
6.533e-02
7.134e-02
7.684e-02
8.181e-02
8.651e-02
9.118e-02
9.585e-02
1.007e-01
1.050e-01
1.093e-01
1.146e-01
1.191e-01
1.211e-01
1.233e-01
1.228e-01
4.922e-02
4.972e-02
5.852e-02
6.658e-02
7.368e-02
8.004e-02
8.602e-02
9.163e-02
9.655e-02
1.004e-01
1.039e-01
1.076e-01
1.114e-01
1.169e-01
1.190e-01
1.202e-01
1.214e-01
1.226e-01
1.240e-01
1.260e-01
1.255e-01
7.207e-02
7.257e-02
8.146e-02
8.967e-02
9.590e-02
1.012e-01
1.072e-01
1.131e-01
1.176e-01
1.189e-01
1.198e-01
1.207e-01
1.216e-01
1.226e-01
1.234e-01
1.242e-01
1.250e-01
1.260e-01
1.272e-01
1.291e-01
1.284e-01
9.562e-02
9.613e-02
1.052e-01
1.159e-01
1.194e-01
1.212e-01
1.227e-01
1.241e-01
1.252e-01
1.260e-01
1.267e-01
1.273e-01
1.279e-01
1.285e-01
1.290e-01
1.296e-01
1.303e-01
1.310e-01
1.321e-01
1.339e-01
1.330e-01
1.034e-01
1.063e-01
1.147e-01
1.210e-01
1.230e-01
1.249e-01
1.264e-01
1.277e-01
1.287e-01
1.295e-01
1.301e-01
1.306e-01
1.310e-01
1.315e-01
1.319e-01
1.324e-01
1.329e-01
1.336e-01
1.345e-01
1.361e-01
1.376e-01
-1.237e-01
-1.216e-01
-1.208e-01
-1.197e-01
-1.183e-01
-1.164e-01
-1.142e-01
-1.118e-01
-1.095e-01
-1.073e-01
-1.052e-01
-1.031e-01
-1.011e-01
-9.899e-02
-9.677e-02
-9.426e-02
-9.131e-02
-8.775e-02
-8.341e-02
-7.785e-02
-7.759e-02
-1.204e-01
-1.147e-01
-1.125e-01
-1.115e-01
-1.102e-01
-1.087e-01
-1.073e-01
-1.059e-01
-1.046e-01
-1.034e-01
-1.021e-01
-1.008e-01
-9.931e-02
-9.749e-02
-9.521e-02
-9.231e-02
-8.864e-02
-8.413e-02
-7.866e-02
-7.199e-02
-7.237e-02
-1.164e-01
-1.107e-01
-1.075e-01
-1.058e-01
-1.042e-01
-1.027e-01
-1.013e-01
-1.000e-01
-9.871e-02
-9.732e-02
-9.575e-02
-9.386e-02
-9.150e-02
-8.853e-02
-8.484e-02
-8.036e-02
-7.500e-02
-6.880e-02
-6.218e-02
-5.419e-02
-5.375e-02
-1.101e-01
-1.067e-01
-1.033e-01
-1.017e-01
-1.003e-01
-9.885e-02
-9.742e-02
-9.588e-02
-9.410e-02
-9.195e-02
-8.929e-02
-8.600e-02
-8.202e-02
-7.728e-02
-7.172e-02
-6.561e-02
-5.957e-02
-5.074e-02
-4.139e-02
-3.176e-02
-3.116e-02
-1.039e-01
-1.031e-01
-9.958e-02
-9.801e-02
-9.643e-02
-9.467e-02
-9.262e-02
-9.014e-02
-8.711e-02
-8.344e-02
-7.910e-02
-7.404e-02
-6.834e-02
-6.237e-02
-5.548e-02
-4.684e-02
-3.798e-02
-2.887e-02
-1.956e-02
-9.969e-03
-9.266e-03
-9.820e-02
-9.952e-02
-9.580e-02
-9.372e-02
-9.132e-02
-8.844e-02
-8.495e-02
-8.085e-02
-7.609e-02
-7.066e-02
-6.490e-02
-5.933e-02
-5.116e-02
-4.269e-02
-3.414e-02
-2.545e-02
-1.665e-02
-7.775e-03
7.723e-04
1.035e-02
1.109e-02
-9.248e-02
-9.487e-02
-9.037e-02
-8.695e-02
-8.296e-02
-7.834e-02
-7.308e-02
-6.734e-02
-6.155e-02
-5.465e-02
-4.650e-02
-3.832e-02
-3.000e-02
-2.169e-02
-1.330e-02
-4.999e-03
3.166e-03
1.218e-02
2.153e-02
3.122e-02
3.199e-02
-8.511e-02
-8.714e-02
-8.137e-02
-7.615e-02
-7.031e-02
-6.424e-02
-5.827e-02
-5.009e-02
-4.186e-02
-3.368e-02
-2.557e-02
-1.754e-02
-9.526e-03
-1.828e-03
6.172e-03
1.470e-02
2.346e-02
3.247e-02
4.168e-02
5.119e-02
5.191e-02
-7.460e-02
-7.520e-02
-6.815e-02
-6.171e-02
-5.428e-02
-4.576e-02
-3.738e-02
-2.911e-02
-2.105e-02
-1.308e-02
-5.412e-03
1.883e-03
9.858e-03
1.796e-02
2.623e-02
3.463e-02
4.316e-02
5.190e-02
6.062e-02
7.000e-02
7.064e-02
-6.065e-02
-6.036e-02
-5.130e-02
-4.221e-02
-3.337e-02
-2.483e-02
-1.658e-02
-8.637e-03
-1.247e-03
6.349e-03
1.417e-02
2.198e-02
2.986e-02
3.772e-02
4.566e-02
5.370e-02
6.173e-02
7.030e-02
7.924e-02
8.847e-02
8.904e-02
-4.029e-02
-3.981e-02
-3.032e-02
-2.127e-02
-1.258e-02
-4.468e-03
3.126e-03
1.107e-02
1.887e-02
2.661e-02
3.421e-02
4.170e-02
4.920e-02
5.662e-02
6.407e-02
7.191e-02
8.003e-02
8.836e-02
9.709e-02
1.063e-01
1.069e-01
-1.945e-02
-1.879e-02
-9.491e-03
-1.065e-03
7.349e-03
1.569e-02
2.375e-02
3.157e-02
3.911e-02
4.648e-02
5.365e-02
6.054e-02
6.771e-02
7.496e-02
8.233e-02
8.977e-02
9.761e-02
1.058e-01
1.144e-01
1.234e-01
1.239e-01
6.560e-04
1.332e-03
1.076e-02
1.972e-02
2.832e-02
3.649e-02
4.427e-02
5.170e-02
5.870e-02
6.562e-02
7.252e-02
7.938e-02
8.618e-02
9.297e-02
9.999e-02
1.072e-01
1.147e-01
1.225e-01
1.308e-01
1.397e-01
1.402e-01
2.206e-02
2.274e-02
3.208e-02
4.088e-02
4.920e-02
5.693e-02
6.422e-02
7.137e-02
7.827e-02
8.492e-02
9.133e-02
9.777e-02
1.042e-01
1.107e-01
1.173e-01
1.240e-01
1.311e-01
1.385e-01
1.465e-01
1.550e-01
1.553e-01
4.356e-02
4.420e-02
5.332e-02
6.164e-02
6.971e-02
7.734e-02
8.450e-02
9.121e-02
9.771e-02
1.040e-01
1.101e-01
1.160e-01
1.219e-01
1.278e-01
1.339e-01
1.401e-01
1.466e-01
1.536e-01
1.612e-01
1.688e-01
1.689e-01
6.485e-02
6.541e-02
7.449e-02
8.290e-02
9.061e-02
9.792e-02
1.048e-01
1.112e-01
1.173e-01
1.229e-01
1.284e-01
1.338e-01
1.392e-01
1.445e-01
1.499e-01
1.553e-01
1.612e-01
1.675e-01
1.756e-01
1.801e-01
1.798e-01
8.675e-02
8.726e-02
9.615e-02
1.044e-01
1.120e-01
1.188e-01
1.252e-01
1.313e-01
1.368e-01
1.417e-01
1.465e-01
1.511e-01
1.558e-01
1.606e-01
1.650e-01
1.693e-01
1.744e-01
1.789e-01
1.815e-01
1.844e-01
1.839e-01
1.091e-01
1.096e-01
1.184e-01
1.265e-01
1.336e-01
1.400e-01
1.460e-01
1.516e-01
1.565e-01
1.604e-01
1.639e-01
1.675e-01
1.713e-01
1.764e-01
1.788e-01
1.803e-01
1.819e-01
1.835e-01
1.853e-01
1.880e-01
1.874e-01
1.320e-01
1.325e-01
1.414e-01
1.496e-01
1.558e-01
1.612e-01
1.670e-01
1.725e-01
1.769e-01
1.785e-01
1.798e-01
1.810e-01
1.822e-01
1.835e-01
1.845e-01
1.856e-01
1.867e-01
1.879e-01
1.895e-01
1.920e-01
1.913e-01
1.556e-01
1.561e-01
1.651e-01
1.751e-01
1.790e-01
1.813e-01
1.833e-01
1.851e-01
1.865e-01
1.876e-01
1.885e-01
1.894e-01
1.902e-01
1.910e-01
1.917e-01
1.925e-01
1.934e-01
1.945e-01
1.959e-01
1.984e-01
1.973e-01
1.633e-01
1.662e-01
1.747e-01
1.813e-01
1.840e-01
1.861e-01
1.880e-01
1.896e-01
1.908e-01
1.918e-01
1.926e-01
1.934e-01
1.940e-01
1.947e-01
1.954e-01
1.960e-01
1.968e-01
1.978e-01
1.991e-01
2.012e-01
2.033e-01
-1.521e-01
-1.574e-01
-1.578e-01
-1.573e-01
-1.554e-01
-1.520e-01
-1.479e-01
-1.396e-01
-1.306e-01
-1.215e-01
-1.123e-01
-1.029e-01
-9.355e-02
-8.406e-02
-7.447e-02
-6.477e-02
-5.497e-02
-4.512e-02
-3.527e-02
-2.535e-02
-2.242e-02
-1.568e-01
-1.612e-01
-1.581e-01
-1.551e-01
-1.511e-01
-1.457e-01
-1.379e-01
-1.292e-01
-1.202e-01
-1.110e-01
-1.018e-01
-9.244e-02
-8.302e-02
-7.353e-02
-6.395e-02
-5.429e-02
-4.460e-02
-3.499e-02
-2.553e-02
-1.593e-02
-1.509e-02
-1.520e-01
-1.529e-01
-1.477e-01
-1.393e-01
-1.306e-01
-1.221e-01
-1.134e-01
-1.044e-01
-9.521e-02
-8.597e-02
-7.665e-02
-6.727e-02
-5.784e-02
-4.839e-02
-3.899e-02
-2.987e-02
-2.090e-02
-1.196e-02
-3.551e-03
5.037e-03
5.690e-03
-1.352e-01
-1.349e-01
-1.256e-01
-1.164e-01
-1.072e-01
-9.804e-02
-8.886e-02
-7.963e-02
-7.034e-02
-6.103e-02
-5.172e-02
-4.246e-02
-3.341e-02
-2.469e-02
-1.610e-02
-7.867e-03
-3.709e-04
8.542e-03
1.793e-02
2.759e-02
2.835e-02
-1.125e-01
-1.122e-01
-1.024e-01
-9.275e-02
-8.322e-02
-7.378e-02
-6.438e-02
-5.504e-02
-4.579e-02
-3.671e-02
-2.806e-02
-1.968e-02
-1.144e-02
-3.822e-03
3.739e-03
1.245e-02
2.137e-02
3.058e-02
3.993e-02
4.954e-02
5.027e-02
-8.913e-02
-8.873e-02
-7.875e-02
-6.888e-02
-5.917e-02
-4.962e-02
-4.030e-02
-3.138e-02
-2.291e-02
-1.468e-02
-6.994e-03
-1.319e-04
8.126e-03
1.661e-02
2.523e-02
3.400e-02
4.284e-02
5.179e-02
6.057e-02
7.013e-02
7.087e-02
-6.551e-02
-6.513e-02
-5.504e-02
-4.515e-02
-3.561e-02
-2.670e-02
-1.822e-02
-1.012e-02
-2.813e-03
4.579e-03
1.279e-02
2.103e-02
2.941e-02
3.778e-02
4.621e-02
5.462e-02
6.296e-02
7.196e-02
8.128e-02
9.094e-02
9.169e-02
-4.215e-02
-4.183e-02
-3.204e-02
-2.286e-02
-1.414e-02
-6.155e-03
9.275e-04
9.211e-03
1.746e-02
2.570e-02
3.388e-02
4.196e-02
5.002e-02
5.788e-02
6.597e-02
7.448e-02
8.321e-02
9.220e-02
1.014e-01
1.109e-01
1.116e-01
-2.101e-02
-2.031e-02
-1.113e-02
-2.993e-03
4.963e-03
1.355e-02
2.199e-02
3.032e-02
3.843e-02
4.643e-02
5.420e-02
6.169e-02
6.965e-02
7.773e-02
8.597e-02
9.436e-02
1.029e-01
1.116e-01
1.204e-01
1.298e-01
1.304e-01
-1.748e-03
-1.137e-03
7.995e-03
1.714e-02
2.603e-02
3.464e-02
4.292e-02
5.093e-02
5.849e-02
6.615e-02
7.395e-02
8.174e-02
8.960e-02
9.745e-02
1.054e-01
1.134e-01
1.215e-01
1.301e-01
1.390e-01
1.483e-01
1.489e-01
1.890e-02
1.960e-02
2.913e-02
3.823e-02
4.695e-02
5.517e-02
6.293e-02
7.086e-02
7.865e-02
8.636e-02
9.395e-02
1.014e-01
1.089e-01
1.164e-01
1.239e-01
1.317e-01
1.398e-01
1.482e-01
1.569e-01
1.662e-01
1.667e-01
4.004e-02
4.074e-02
5.008e-02
5.869e-02
6.716e-02
7.547e-02
8.352e-02
9.132e-02
9.885e-02
1.062e-01
1.134e-01
1.204e-01
1.275e-01
1.348e-01
1.422e-01
1.496e-01
1.575e-01
1.657e-01
1.743e-01
1.833e-01
1.838e-01
6.049e-02
6.116e-02
7.057e-02
7.951e-02
8.808e-02
9.623e-02
1.040e-01
1.114e-01
1.185e-01
1.254e-01
1.323e-01
1.392e-01
1.460e-01
1.528e-01
1.599e-01
1.671e-01
1.746e-01
1.824e-01
1.907e-01
1.996e-01
2.001e-01
8.186e-02
8.252e-02
9.184e-02
1.006e-01
1.089e-01
1.167e-01
1.240e-01
1.312e-01
1.381e-01
1.448e-01
1.512e-01
1.576e-01
1.641e-01
1.706e-01
1.771e-01
1.839e-01
1.910e-01
1.985e-01
2.064e-01
2.149e-01
2.152e-01
1.033e-01
1.040e-01
1.131e-01
1.215e-01
1.295e-01
1.372e-01
1.443e-01
1.511e-01
1.576e-01
1.638e-01
1.699e-01
1.759e-01
1.818e-01
1.877e-01
1.938e-01
2.001e-01
2.066e-01
2.136e-01
2.212e-01
2.288e-01
2.289e-01
1.247e-01
1.253e-01
1.343e-01
1.427e-01
1.505e-01
1.578e-01
1.647e-01
1.711e-01
1.771e-01
1.828e-01
1.883e-01
1.938e-01
1.991e-01
2.045e-01
2.098e-01
2.153e-01
2.212e-01
2.275e-01
2.351e-01
2.402e-01
2.399e-01
1.466e-01
1.471e-01
1.560e-01
1.643e-01
1.718e-01
1.787e-01
1.852e-01
1.912e-01
1.967e-01
2.017e-01
2.064e-01
2.111e-01
2.158e-01
2.206e-01
2.250e-01
2.293e-01
2.342e-01
2.388e-01
2.419e-01
2.455e-01
2.449e-01
1.690e-01
1.695e-01
1.783e-01
1.864e-01
1.935e-01
1.999e-01
2.059e-01
2.115e-01
2.164e-01
2.203e-01
2.239e-01
2.275e-01
2.313e-01
2.360e-01
2.386e-01
2.405e-01
2.424e-01
2.444e-01
2.467e-01
2.499e-01
2.492e-01
1.919e-01
1.924e-01
2.013e-01
2.094e-01
2.158e-01
2.211e-01
2.268e-01
2.321e-01
2.363e-01
2.383e-01
2.398e-01
2.413e-01
2.428e-01
2.444e-01
2.457e-01
2.469e-01
2.483e-01
2.498e-01
2.518e-01
2.549e-01
2.541e-01
2.155e-01
2.160e-01
2.250e-01
2.344e-01
2.388e-01
2.415e-01
2.439e-01
2.460e-01
2.478e-01
2.491e-01
2.502e-01
2.513e-01
2.523e-01
2.533e-01
2.543e-01
2.553e-01
2.564e-01
2.578e-01
2.596e-01
2.626e-01
2.614e-01
2.233e-01
2.262e-01
2.347e-01
2.415e-01
2.447e-01
2.473e-01
2.494e-01
2.512e-01
2.528e-01
2.540e-01
2.550e-01
2.559e-01
2.568e-01
2.577e-01
2.585e-01
2.595e-01
2.605e-01
2.617e-01
2.634e-01
2.661e-01
2.686e-01
-4.227e-02
-3.697e-02
-2.784e-02
-1.988e-02
-1.283e-02
-6.051e-03
3.729e-04
8.914e-03
1.782e-02
2.688e-02
3.603e-02
4.525e-02
5.454e-02
6.390e-02
7.333e-02
8.285e-02
9.244e-02
1.021e-01
1.118e-01
1.217e-01
1.251e-01
-2.789e-02
-2.827e-02
-1.943e-02
-1.121e-02
-4.041e-03
2.702e-03
1.092e-02
1.967e-02
2.863e-02
3.772e-02
4.690e-02
5.613e-02
6.543e-02
7.479e-02
8.422e-02
9.370e-02
1.032e-01
1.128e-01
1.224e-01
1.321e-01
1.330e-01
-7.092e-03
-6.839e-03
4.534e-04
9.241e-03
1.795e-02
2.657e-02
3.538e-02
4.433e-02
5.339e-02
6.252e-02
7.171e-02
8.094e-02
9.019e-02
9.946e-02
1.087e-01
1.179e-01
1.271e-01
1.362e-01
1.452e-01
1.544e-01
1.550e-01
1.300e-02
1.368e-02
2.306e-02
3.237e-02
4.152e-02
5.059e-02
5.967e-02
6.878e-02
7.791e-02
8.704e-02
9.616e-02
1.052e-01
1.142e-01
1.231e-01
1.319e-01
1.405e-01
1.489e-01
1.579e-01
1.672e-01
1.768e-01
1.775e-01
3.577e-02
3.658e-02
4.628e-02
5.583e-02
6.524e-02
7.454e-02
8.376e-02
9.290e-02
1.020e-01
1.109e-01
1.197e-01
1.282e-01
1.367e-01
1.449e-01
1.531e-01
1.618e-01
1.706e-01
1.798e-01
1.891e-01
1.987e-01
1.994e-01
5.892e-02
5.981e-02
6.966e-02
7.936e-02
8.889e-02
9.822e-02
1.074e-01
1.163e-01
1.249e-01
1.333e-01
1.415e-01
1.491e-01
1.574e-01
1.659e-01
1.745e-01
1.832e-01
1.920e-01
2.010e-01
2.100e-01
2.196e-01
2.203e-01
8.212e-02
8.305e-02
9.295e-02
1.026e-01
1.120e-01
1.211e-01
1.297e-01
1.381e-01
1.460e-01
1.539e-01
1.621e-01
1.703e-01
1.786e-01
1.870e-01
1.954e-01
2.039e-01
2.124e-01
2.214e-01
2.307e-01
2.403e-01
2.410e-01
1.050e-01
1.059e-01
1.157e-01
1.250e-01
1.339e-01
1.424e-01
1.503e-01
1.585e-01
1.667e-01
1.749e-01
1.831e-01
1.911e-01
1.992e-01
2.072e-01
2.154e-01
2.239e-01
2.326e-01
2.416e-01
2.507e-01
2.602e-01
2.609e-01
1.268e-01
1.277e-01
1.371e-01
1.459e-01
1.543e-01
1.629e-01
1.712e-01
1.795e-01
1.876e-01
1.956e-01
2.035e-01
2.111e-01
2.191e-01
2.272e-01
2.354e-01
2.437e-01
2.522e-01
2.610e-01
2.699e-01
2.793e-01
2.799e-01
1.473e-01
1.480e-01
1.574e-01
1.665e-01
1.753e-01
1.838e-01
1.921e-01
2.002e-01
2.079e-01
2.156e-01
2.234e-01
2.312e-01
2.390e-01
2.468e-01
2.548e-01
2.629e-01
2.711e-01
2.797e-01
2.886e-01
2.979e-01
2.985e-01
1.682e-01
1.689e-01
1.784e-01
1.875e-01
1.962e-01
2.045e-01
2.124e-01
2.203e-01
2.281e-01
2.358e-01
2.433e-01
2.508e-01
2.583e-01
2.658e-01
2.734e-01
2.813e-01
2.894e-01
2.978e-01
3.066e-01
3.158e-01
3.164e-01
1.893e-01
1.900e-01
1.993e-01
2.081e-01
2.166e-01
2.249e-01
2.329e-01
2.407e-01
2.482e-01
2.556e-01
2.628e-01
2.699e-01
2.771e-01
2.844e-01
2.917e-01
2.993e-01
3.071e-01
3.153e-01
3.239e-01
3.330e-01
3.335e-01
2.100e-01
2.107e-01
2.201e-01
2.290e-01
2.375e-01
2.456e-01
2.534e-01
2.609e-01
2.680e-01
2.750e-01
2.819e-01
2.888e-01
2.956e-01
3.025e-01
3.095e-01
3.168e-01
3.243e-01
3.322e-01
3.405e-01
3.494e-01
3.499e-01
2.314e-01
2.320e-01
2.413e-01
2.501e-01
2.584e-01
2.662e-01
2.736e-01
2.808e-01
2.877e-01
2.944e-01
3.009e-01
3.073e-01
3.138e-01
3.203e-01
3.269e-01
3.337e-01
3.408e-01
3.483e-01
3.563e-01
3.648e-01
3.652e-01
2.528e-01
2.534e-01
2.626e-01
2.711e-01
2.791e-01
2.868e-01
2.940e-01
3.007e-01
3.073e-01
3.136e-01
3.197e-01
3.256e-01
3.316e-01
3.376e-01
3.437e-01
3.499e-01
3.565e-01
3.635e-01
3.711e-01
3.789e-01
3.790e-01
2.743e-01
2.749e-01
2.839e-01
2.924e-01
3.002e-01
3.075e-01
3.144e-01
3.208e-01
3.269e-01
3.326e-01
3.382e-01
3.436e-01
3.490e-01
3.544e-01
3.598e-01
3.653e-01
3.712e-01
3.775e-01
3.845e-01
3.907e-01
3.904e-01
2.963e-01
2.968e-01
3.057e-01
3.140e-01
3.216e-01
3.285e-01
3.350e-01
3.410e-01
3.465e-01
3.516e-01
3.564e-01
3.611e-01
3.658e-01
3.706e-01
3.750e-01
3.795e-01
3.843e-01
3.890e-01
3.931e-01
3.980e-01
3.974e-01
3.187e-01
3.192e-01
3.281e-01
3.361e-01
3.433e-01
3.497e-01
3.557e-01
3.613e-01
3.662e-01
3.703e-01
3.740e-01
3.777e-01
3.815e-01
3.858e-01
3.888e-01
3.914e-01
3.940e-01
3.968e-01
3.999e-01
4.044e-01
4.037e-01
3.417e-01
3.422e-01
3.511e-01
3.591e-01
3.656e-01
3.711e-01
3.765e-01
3.815e-01
3.856e-01
3.882e-01
3.904e-01
3.925e-01
3.945e-01
3.966e-01
3.985e-01
4.003e-01
4.023e-01
4.045e-01
4.073e-01
4.116e-01
4.108e-01
3.654e-01
3.659e-01
3.748e-01
3.833e-01
3.884e-01
3.921e-01
3.952e-01
3.981e-01
4.005e-01
4.024e-01
4.040e-01
4.056e-01
4.071e-01
4.086e-01
4.101e-01
4.117e-01
4.134e-01
4.153e-01
4.180e-01
4.221e-01
4.210e-01
3.732e-01
3.761e-01
3.847e-01
3.918e-01
3.961e-01
3.994e-01
4.023e-01
4.047e-01
4.068e-01
4.086e-01
4.101e-01
4.116e-01
4.129e-01
4.143e-01
4.157e-01
4.171e-01
4.187e-01
4.206e-01
4.231e-01
4.270e-01
4.303e-01
1.023e-01
1.087e-01
1.179e-01
1.266e-01
1.347e-01
1.424e-01
1.498e-01
1.584e-01
1.673e-01
1.763e-01
1.854e-01
1.946e-01
2.039e-01
2.132e-01
2.226e-01
2.320e-01
2.415e-01
2.511e-01
2.608e-01
2.706e-01
2.739e-01
1.182e-01
1.189e-01
1.280e-01
1.366e-01
1.445e-01
1.521e-01
1.604e-01
1.691e-01
1.780e-01
1.871e-01
1.962e-01
2.054e-01
2.147e-01
2.240e-01
2.333e-01
2.427e-01
2.522e-01
2.617e-01
2.712e-01
2.809e-01
2.817e-01
1.409e-01
1.414e-01
1.498e-01
1.586e-01
1.673e-01
1.760e-01
1.847e-01
1.937e-01
2.027e-01
2.118e-01
2.209e-01
2.301e-01
2.392e-01
2.484e-01
2.576e-01
2.668e-01
2.759e-01
2.851e-01
2.943e-01
3.036e-01
3.043e-01
1.624e-01
1.631e-01
1.724e-01
1.817e-01
1.909e-01
1.999e-01
2.089e-01
2.180e-01
2.270e-01
2.361e-01
2.451e-01
2.541e-01
2.631e-01
2.719e-01
2.807e-01
2.895e-01
2.981e-01
3.071e-01
3.165e-01
3.261e-01
3.268e-01
1.852e-01
1.859e-01
1.956e-01
2.051e-01
2.145e-01
2.237e-01
2.328e-01
2.419e-01
2.509e-01
2.597e-01
2.684e-01
2.770e-01
2.855e-01
2.939e-01
3.023e-01
3.110e-01
3.199e-01
3.290e-01
3.384e-01
3.479e-01
3.486e-01
2.082e-01
2.091e-01
2.189e-01
2.285e-01
2.379e-01
2.472e-01
2.562e-01
2.651e-01
2.737e-01
2.821e-01
2.904e-01
2.984e-01
3.067e-01
3.152e-01
3.237e-01
3.324e-01
3.413e-01
3.503e-01
3.594e-01
3.690e-01
3.697e-01
2.313e-01
2.321e-01
2.420e-01
2.516e-01
2.609e-01
2.699e-01
2.785e-01
2.870e-01
2.951e-01
3.032e-01
3.114e-01
3.196e-01
3.279e-01
3.362e-01
3.446e-01
3.532e-01
3.618e-01
3.708e-01
3.801e-01
3.897e-01
3.904e-01
2.540e-01
2.548e-01
2.645e-01
2.738e-01
2.828e-01
2.913e-01
2.995e-01
3.078e-01
3.160e-01
3.242e-01
3.323e-01
3.404e-01
3.485e-01
3.566e-01
3.649e-01
3.733e-01
3.820e-01
3.910e-01
4.001e-01
4.096e-01
4.103e-01
2.758e-01
2.766e-01
2.860e-01
2.949e-01
3.036e-01
3.121e-01
3.205e-01
3.288e-01
3.369e-01
3.449e-01
3.528e-01
3.606e-01
3.685e-01
3.766e-01
3.848e-01
3.931e-01
4.017e-01
4.104e-01
4.194e-01
4.288e-01
4.295e-01
2.966e-01
2.973e-01
3.067e-01
3.158e-01
3.246e-01
3.331e-01
3.414e-01
3.494e-01
3.573e-01
3.651e-01
3.728e-01
3.806e-01
3.884e-01
3.962e-01
4.042e-01
4.123e-01
4.206e-01
4.292e-01
4.381e-01
4.475e-01
4.481e-01
3.176e-01
3.183e-01
3.277e-01
3.367e-01
3.455e-01
3.538e-01
3.619e-01
3.698e-01
3.775e-01
3.852e-01
3.928e-01
4.003e-01
4.078e-01
4.153e-01
4.230e-01
4.309e-01
4.390e-01
4.474e-01
4.562e-01
4.654e-01
4.660e-01
3.387e-01
3.393e-01
3.487e-01
3.575e-01
3.661e-01
3.744e-01
3.824e-01
3.902e-01
3.977e-01
4.051e-01
4.123e-01
4.195e-01
4.267e-01
4.339e-01
4.413e-01
4.489e-01
4.568e-01
4.650e-01
4.736e-01
4.827e-01
4.833e-01
3.596e-01
3.602e-01
3.696e-01
3.785e-01
3.870e-01
3.951e-01
4.029e-01
4.104e-01
4.176e-01
4.246e-01
4.315e-01
4.384e-01
4.453e-01
4.522e-01
4.592e-01
4.665e-01
4.741e-01
4.820e-01
4.903e-01
4.993e-01
4.997e-01
3.809e-01
3.815e-01
3.908e-01
3.995e-01
4.079e-01
4.157e-01
4.232e-01
4.304e-01
4.373e-01
4.440e-01
4.505e-01
4.570e-01
4.635e-01
4.700e-01
4.767e-01
4.835e-01
4.906e-01
4.982e-01
5.062e-01
5.148e-01
5.151e-01
4.024e-01
4.029e-01
4.121e-01
4.206e-01
4.287e-01
4.364e-01
4.436e-01
4.504e-01
4.570e-01
4.633e-01
4.694e-01
4.754e-01
4.814e-01
4.874e-01
4.935e-01
4.998e-01
5.064e-01
5.135e-01
5.210e-01
5.291e-01
5.292e-01
4.239e-01
4.245e-01
4.336e-01
4.420e-01
4.498e-01
4.572e-01
4.641e-01
4.706e-01
4.767e-01
4.825e-01
4.880e-01
4.935e-01
4.989e-01
5.044e-01
5.098e-01
5.154e-01
5.213e-01
5.276e-01
5.344e-01
5.413e-01
5.410e-01
4.460e-01
4.465e-01
4.554e-01
4.637e-01
4.713e-01
4.783e-01
4.848e-01
4.908e-01
4.964e-01
5.015e-01
5.064e-01
5.112e-01
5.159e-01
5.207e-01
5.253e-01
5.298e-01
5.347e-01
5.396e-01
5.445e-01
5.503e-01
5.498e-01
4.685e-01
4.689e-01
4.778e-01
4.859e-01
4.931e-01
4.996e-01
5.056e-01
5.112e-01
5.161e-01
5.204e-01
5.243e-01
5.281e-01
5.320e-01
5.360e-01
5.394e-01
5.425e-01
5.457e-01
5.492e-01
5.531e-01
5.585e-01
5.579e-01
4.915e-01
4.920e-01
5.008e-01
5.088e-01
5.154e-01
5.211e-01
5.265e-01
5.314e-01
5.355e-01
5.386e-01
5.413e-01
5.438e-01
5.463e-01
5.489e-01
5.512e-01
5.536e-01
5.561e-01
5.590e-01
5.626e-01
5.677e-01
5.670e-01
5.152e-01
5.157e-01
5.246e-01
5.326e-01
5.383e-01
5.426e-01
5.464e-01
5.498e-01
5.527e-01
5.551e-01
5.573e-01
5.593e-01
5.613e-01
5.632e-01
5.652e-01
5.672e-01
5.695e-01
5.721e-01
5.755e-01
5.805e-01
5.795e-01
5.231e-01
5.260e-01
5.346e-01
5.419e-01
5.470e-01
5.510e-01
5.545e-01
5.575e-01
5.601e-01
5.624e-01
5.644e-01
5.663e-01
5.681e-01
5.699e-01
5.717e-01
5.737e-01
5.758e-01
5.784e-01
5.817e-01
5.864e-01
5.904e-01
3.995e-01
4.058e-01
4.151e-01
4.239e-01
4.323e-01
4.405e-01
4.487e-01
4.573e-01
4.662e-01
4.752e-01
4.842e-01
4.933e-01
5.025e-01
5.117e-01
5.210e-01
5.304e-01
5.398e-01
5.493e-01
5.589e-01
5.686e-01
5.718e-01
4.154e-01
4.160e-01
4.252e-01
4.340e-01
4.425e-01
4.507e-01
4.592e-01
4.679e-01
4.768e-01
4.859e-01
4.949e-01
5.040e-01
5.132e-01
5.224e-01
5.316e-01
5.409e-01
5.503e-01
5.597e-01
5.692e-01
5.789e-01
5.796e-01
4.385e-01
4.391e-01
4.482e-01
4.571e-01
4.660e-01
4.747e-01
4.835e-01
4.924e-01
5.013e-01
5.103e-01
5.194e-01
5.284e-01
5.375e-01
5.466e-01
5.557e-01
5.648e-01
5.739e-01
5.832e-01
5.925e-01
6.021e-01
6.028e-01
4.610e-01
4.617e-01
4.711e-01
4.804e-01
4.895e-01
4.985e-01
5.075e-01
5.165e-01
5.254e-01
5.344e-01
5.433e-01
5.522e-01
5.611e-01
5.699e-01
5.787e-01
5.876e-01
5.965e-01
6.057e-01
6.151e-01
6.246e-01
6.253e-01
4.839e-01
4.846e-01
4.942e-01
5.037e-01
5.130e-01
5.221e-01
5.312e-01
5.401e-01
5.490e-01
5.577e-01
5.664e-01
5.750e-01
5.836e-01
5.922e-01
6.008e-01
6.096e-01
6.185e-01
6.277e-01
6.370e-01
6.466e-01
6.473e-01
5.069e-01
5.076e-01
5.173e-01
5.269e-01
5.362e-01
5.453e-01
5.543e-01
5.630e-01
5.717e-01
5.802e-01
5.885e-01
5.969e-01
6.053e-01
6.138e-01
6.223e-01
6.311e-01
6.399e-01
6.490e-01
6.583e-01
6.678e-01
6.685e-01
5.297e-01
5.305e-01
5.402e-01
5.497e-01
5.589e-01
5.678e-01
5.765e-01
5.851e-01
5.934e-01
6.017e-01
6.099e-01
6.182e-01
6.265e-01
6.349e-01
6.433e-01
6.519e-01
6.607e-01
6.697e-01
6.790e-01
6.885e-01
6.892e-01
5.522e-01
5.529e-01
5.625e-01
5.718e-01
5.808e-01
5.896e-01
5.980e-01
6.064e-01
6.146e-01
6.228e-01
6.309e-01
6.391e-01
6.472e-01
6.554e-01
6.637e-01
6.723e-01
6.810e-01
6.899e-01
6.991e-01
7.086e-01
7.093e-01
5.740e-01
5.747e-01
5.842e-01
5.933e-01
6.021e-01
6.107e-01
6.192e-01
6.274e-01
6.356e-01
6.436e-01
6.515e-01
6.595e-01
6.675e-01
6.755e-01
6.837e-01
6.921e-01
7.006e-01
7.095e-01
7.185e-01
7.280e-01
7.286e-01
5.952e-01
5.959e-01
6.053e-01
6.144e-01
6.232e-01
6.318e-01
6.401e-01
6.482e-01
6.561e-01
6.640e-01
6.718e-01
6.795e-01
6.874e-01
6.952e-01
7.032e-01
7.114e-01
7.197e-01
7.284e-01
7.374e-01
7.467e-01
7.473e-01
6.163e-01
6.170e-01
6.264e-01
6.355e-01
6.442e-01
6.526e-01
6.608e-01
6.687e-01
6.765e-01
6.842e-01
6.917e-01
6.993e-01
7.068e-01
7.144e-01
7.222e-01
7.301e-01
7.382e-01
7.467e-01
7.556e-01
7.648e-01
7.654e-01
6.375e-01
6.381e-01
6.475e-01
6.565e-01
6.651e-01
6.734e-01
6.814e-01
6.892e-01
6.967e-01
7.041e-01
7.114e-01
7.186e-01
7.259e-01
7.332e-01
7.407e-01
7.483e-01
7.562e-01
7.645e-01
7.731e-01
7.823e-01
7.828e-01
6.586e-01
6.593e-01
6.686e-01
6.775e-01
6.860e-01
6.941e-01
7.019e-01
7.095e-01
7.167e-01
7.238e-01
7.308e-01
7.377e-01
7.446e-01
7.516e-01
7.587e-01
7.660e-01
7.736e-01
7.816e-01
7.900e-01
7.990e-01
7.995e-01
6.800e-01
6.806e-01
6.899e-01
6.986e-01
7.070e-01
7.149e-01
7.224e-01
7.297e-01
7.366e-01
7.434e-01
7.500e-01
7.565e-01
7.630e-01
7.696e-01
7.763e-01
7.832e-01
7.904e-01
7.980e-01
8.061e-01
8.149e-01
8.152e-01
7.015e-01
7.021e-01
7.113e-01
7.199e-01
7.280e-01
7.357e-01
7.430e-01
7.499e-01
7.565e-01
7.628e-01
7.690e-01
7.751e-01
7.812e-01
7.873e-01
7.935e-01
7.998e-01
8.065e-01
8.137e-01
8.213e-01
8.296e-01
8.298e-01
7.233e-01
7.238e-01
7.329e-01
7.414e-01
7.493e-01
7.567e-01
7.636e-01
7.702e-01
7.764e-01
7.822e-01
7.879e-01
7.935e-01
7.990e-01
8.045e-01
8.101e-01
8.158e-01
8.218e-01
8.283e-01
8.352e-01
8.429e-01
8.428e-01
7.454e-01
7.459e-01
7.549e-01
7.632e-01
7.709e-01
7.779e-01
7.845e-01
7.906e-01
7.963e-01
8.016e-01
8.066e-01
8.115e-01
8.164e-01
8.213e-01
8.261e-01
8.310e-01
8.361e-01
8.416e-01
8.475e-01
8.544e-01
8.542e-01
7.680e-01
7.685e-01
7.774e-01
7.855e-01
7.928e-01
7.995e-01
8.056e-01
8.112e-01
8.163e-01
8.209e-01
8.251e-01
8.293e-01
8.334e-01
8.375e-01
8.414e-01
8.453e-01
8.494e-01
8.539e-01
8.591e-01
8.657e-01
8.653e-01
7.911e-01
7.916e-01
8.005e-01
8.084e-01
8.153e-01
8.213e-01
8.268e-01
8.318e-01
8.362e-01
8.400e-01
8.435e-01
8.467e-01
8.500e-01
8.532e-01
8.563e-01
8.596e-01
8.631e-01
8.670e-01
8.718e-01
8.782e-01
8.777e-01
8.150e-01
8.154e-01
8.242e-01
8.320e-01
8.384e-01
8.437e-01
8.483e-01
8.525e-01
8.562e-01
8.594e-01
8.624e-01
8.652e-01
8.680e-01
8.707e-01
8.735e-01
8.764e-01
8.796e-01
8.833e-01
8.880e-01
8.941e-01
8.935e-01
8.229e-01
8.258e-01
8.344e-01
8.420e-01
8.481e-01
8.531e-01
8.575e-01
8.614e-01
8.649e-01
8.680e-01
8.708e-01
8.735e-01
8.761e-01
8.787e-01
8.814e-01
8.842e-01
8.874e-01
8.910e-01
8.955e-01
9.015e-01
9.062e-01
6.971e-01
7.034e-01
7.128e-01
7.217e-01
7.304e-01
7.390e-01
7.475e-01
7.562e-01
7.651e-01
7.741e-01
7.831e-01
7.921e-01
8.012e-01
8.104e-01
8.196e-01
8.289e-01
8.382e-01
8.477e-01
8.572e-01
8.669e-01
8.700e-01
7.131e-01
7.137e-01
7.230e-01
7.321e-01
7.408e-01
7.494e-01
7.581e-01
7.668e-01
7.757e-01
7.847e-01
7.937e-01
8.027e-01
8.118e-01
8.209e-01
8.301e-01
8.393e-01
8.486e-01
8.580e-01
8.675e-01
8.772e-01
8.779e-01
7.366e-01
7.372e-01
7.466e-01
7.557e-01
7.646e-01
7.735e-01
7.823e-01
7.912e-01
8.001e-01
8.090e-01
8.180e-01
8.270e-01
8.360e-01
8.450e-01
8.540e-01
8.631e-01
8.723e-01
8.816e-01
8.911e-01
9.007e-01
9.014e-01
7.596e-01
7.603e-01
7.698e-01
7.791e-01
7.882e-01
7.973e-01
8.062e-01
8.151e-01
8.240e-01
8.329e-01
8.418e-01
8.506e-01
8.594e-01
8.683e-01
8.772e-01
8.861e-01
8.952e-01
9.044e-01
9.138e-01
9.234e-01
9.241e-01
7.826e-01
7.833e-01
7.930e-01
8.024e-01
8.116e-01
8.207e-01
8.297e-01
8.386e-01
8.474e-01
8.561e-01
8.648e-01
8.734e-01
8.821e-01
8.907e-01
8.994e-01
9.083e-01
9.173e-01
9.264e-01
9.358e-01
9.454e-01
9.461e-01
8.056e-01
8.063e-01
8.160e-01
8.254e-01
8.347e-01
8.437e-01
8.526e-01
8.614e-01
8.700e-01
8.786e-01
8.870e-01
8.955e-01
9.039e-01
9.125e-01
9.211e-01
9.299e-01
9.388e-01
9.479e-01
9.572e-01
9.668e-01
9.675e-01
8.283e-01
8.290e-01
8.387e-01
8.481e-01
8.573e-01
8.662e-01
8.749e-01
8.835e-01
8.920e-01
9.003e-01
9.086e-01
9.169e-01
9.253e-01
9.337e-01
9.422e-01
9.508e-01
9.597e-01
9.687e-01
9.780e-01
9.875e-01
9.882e-01
8.506e-01
8.513e-01
8.609e-01
8.702e-01
8.793e-01
8.881e-01
8.966e-01
9.051e-01
9.134e-01
9.216e-01
9.298e-01
9.379e-01
9.461e-01
9.544e-01
9.627e-01
9.713e-01
9.800e-01
9.889e-01
9.982e-01
1.008e+00
1.008e+00
8.725e-01
8.732e-01
8.827e-01
8.919e-01
9.008e-01
9.095e-01
9.179e-01
9.262e-01
9.344e-01
9.425e-01
9.505e-01
9.585e-01
9.665e-01
9.746e-01
9.828e-01
9.912e-01
9.998e-01
1.009e+00
1.018e+00
1.027e+00
1.028e+00
8.939e-01
8.946e-01
9.041e-01
9.132e-01
9.220e-01
9.306e-01
9.390e-01
9.471e-01
9.551e-01
9.630e-01
9.708e-01
9.786e-01
9.864e-01
9.943e-01
1.002e+00
1.011e+00
1.019e+00
1.028e+00
1.037e+00
1.046e+00
1.047e+00
9.152e-01
9.159e-01
9.253e-01
9.344e-01
9.431e-01
9.516e-01
9.598e-01
9.678e-01
9.756e-01
9.833e-01
9.909e-01
9.984e-01
1.006e+00
1.014e+00
1.021e+00
1.029e+00
1.038e+00
1.046e+00
1.055e+00
1.064e+00
1.065e+00
9.365e-01
9.371e-01
9.465e-01
9.555e-01
9.641e-01
9.725e-01
9.805e-01
9.883e-01
9.959e-01
1.003e+00
1.011e+00
1.018e+00
1.025e+00
1.033e+00
1.040e+00
1.048e+00
1.056e+00
1.064e+00
1.073e+00
1.082e+00
1.082e+00
9.578e-01
9.584e-01
9.677e-01
9.766e-01
9.852e-01
9.933e-01
1.001e+00
1.009e+00
1.016e+00
1.023e+00
1.030e+00
1.037e+00
1.044e+00
1.051e+00
1.058e+00
1.066e+00
1.073e+00
1.081e+00
1.090e+00
1.099e+00
1.099e+00
9.792e-01
9.798e-01
9.891e-01
9.979e-01
1.006e+00
1.014e+00
1.022e+00
1.029e+00
1.036e+00
1.043e+00
1.050e+00
1.056e+00
1.063e+00
1.069e+00
1.076e+00
1.083e+00
1.090e+00
1.098e+00
1.106e+00
1.115e+00
1.115e+00
1.001e+00
1.001e+00
1.011e+00
1.019e+00
1.027e+00
1.035e+00
1.042e+00
1.049e+00
1.056e+00
1.062e+00
1.069e+00
1.075e+00
1.081e+00
1.087e+00
1.093e+00
1.100e+00
1.107e+00
1.114e+00
1.122e+00
1.130e+00
1.131e+00
1.023e+00
1.023e+00
1.032e+00
1.041e+00
1.049e+00
1.056e+00
1.063e+00
1.070e+00
1.076e+00
1.082e+00
1.088e+00
1.094e+00
1.099e+00
1.105e+00
1.111e+00
1.116e+00
1.123e+00
1.129e+00
1.137e+00
1.145e+00
1.145e+00
1.045e+00
1.045e+00
1.054e+00
1.063e+00
1.070e+00
1.078e+00
1.084e+00
1.091e+00
1.096e+00
1.102e+00
1.107e+00
1.112e+00
1.117e+00
1.122e+00
1.127e+00
1.132e+00
1.138e+00
1.144e+00
1.150e+00
1.158e+00
1.158e+00
1.068e+00
1.068e+00
1.077e+00
1.085e+00
1.093e+00
1.099e+00
1.106e+00
1.111e+00
1.117e+00
1.122e+00
1.126e+00
1.131e+00
1.135e+00
1.139e+00
1.144e+00
1.148e+00
1.153e+00
1.158e+00
1.164e+00
1.172e+00
1.172e+00
1.091e+00
1.091e+00
1.100e+00
1.108e+00
1.115e+00
1.122e+00
1.127e+00
1.133e+00
1.137e+00
1.142e+00
1.146e+00
1.149e+00
1.153e+00
1.157e+00
1.161e+00
1.165e+00
1.169e+00
1.174e+00
1.180e+00
1.187e+00
1.186e+00
1.115e+00
1.115e+00
1.124e+00
1.132e+00
1.139e+00
1.144e+00
1.150e+00
1.155e+00
1.159e+00
1.163e+00
1.166e+00
1.170e+00
1.173e+00
1.177e+00
1.180e+00
1.184e+00
1.188e+00
1.192e+00
1.198e+00
1.205e+00
1.204e+00
1.123e+00
1.126e+00
1.134e+00
1.142e+00
1.149e+00
1.154e+00
1.160e+00
1.164e+00
1.168e+00
1.172e+00
1.175e+00
1.179e+00
1.182e+00
1.185e+00
1.189e+00
1.192e+00
1.196e+00
1.201e+00
1.206e+00
1.213e+00
1.218e+00
1.294e+00
1.300e+00
1.310e+00
1.319e+00
1.328e+00
1.337e+00
1.346e+00
1.354e+00
1.363e+00
1.372e+00
1.381e+00
1.390e+00
1.399e+00
1.408e+00
1.417e+00
1.426e+00
1.436e+00
1.445e+00
1.455e+00
1.464e+00
1.468e+00
1.310e+00
1.311e+00
1.320e+00
1.329e+00
1.338e+00
1.347e+00
1.356e+00
1.365e+00
1.374e+00
1.383e+00
1.392e+00
1.401e+00
1.410e+00
1.419e+00
1.428e+00
1.437e+00
1.446e+00
1.456e+00
1.465e+00
1.475e+00
1.476e+00
1.334e+00
1.334e+00
1.344e+00
1.353e+00
1.362e+00
1.371e+00
1.380e+00
1.389e+00
1.398e+00
1.407e+00
1.416e+00
1.425e+00
1.434e+00
1.443e+00
1.452e+00
1.461e+00
1.470e+00
1.479e+00
1.489e+00
1.498e+00
1.499e+00
1.357e+00
1.358e+00
1.368e+00
1.377e+00
1.386e+00
1.395e+00
1.404e+00
1.413e+00
1.422e+00
1.431e+00
1.439e+00
1.448e+00
1.457e+00
1.466e+00
1.475e+00
1.484e+00
1.493e+00
1.502e+00
1.512e+00
1.521e+00
1.522e+00
1.380e+00
1.381e+00
1.391e+00
1.400e+00
1.409e+00
1.418e+00
1.427e+00
1.436e+00
1.445e+00
1.454e+00
1.462e+00
1.471e+00
1.480e+00
1.488e+00
1.497e+00
1.506e+00
1.515e+00
1.524e+00
1.534e+00
1.544e+00
1.544e+00
1.403e+00
1.404e+00
1.414e+00
1.423e+00
1.432e+00
1.441e+00
1.450e+00
1.459e+00
1.468e+00
1.476e+00
1.485e+00
1.493e+00
1.502e+00
1.510e+00
1.519e+00
1.528e+00
1.537e+00
1.546e+00
1.555e+00
1.565e+00
1.566e+00
1.426e+00
1.427e+00
1.436e+00
1.446e+00
1.455e+00
1.464e+00
1.473e+00
1.481e+00
1.490e+00
1.498e+00
1.507e+00
1.515e+00
1.523e+00
1.532e+00
1.540e+00
1.549e+00
1.558e+00
1.567e+00
1.576e+00
1.586e+00
1.587e+00
1.448e+00
1.449e+00
1.459e+00
1.468e+00
1.477e+00
1.486e+00
1.494e+00
1.503e+00
1.511e+00
1.520e+00
1.528e+00
1.536e+00
1.544e+00
1.553e+00
1.561e+00
1.570e+00
1.578e+00
1.587e+00
1.597e+00
1.606e+00
1.607e+00
1.470e+00
1.471e+00
1.480e+00
1.490e+00
1.499e+00
1.507e+00
1.516e+00
1.524e+00
1.533e+00
1.541e+00
1.549e+00
1.557e+00
1.565e+00
1.573e+00
1.581e+00
1.590e+00
1.598e+00
1.607e+00
1.616e+00
1.626e+00
1.627e+00
1.492e+00
1.493e+00
1.502e+00
1.511e+00
1.520e+00
1.529e+00
1.537e+00
1.545e+00
1.553e+00
1.561e+00
1.569e+00
1.577e+00
1.585e+00
1.593e+00
1.601e+00
1.609e+00
1.618e+00
1.626e+00
1.636e+00
1.645e+00
1.646e+00
1.513e+00
1.514e+00
1.524e+00
1.533e+00
1.541e+00
1.550e+00
1.558e+00
1.566e+00
1.574e+00
1.582e+00
1.589e+00
1.597e+00
1.605e+00
1.612e+00
1.620e+00
1.628e+00
1.637e+00
1.645e+00
1.654e+00
1.663e+00
1.664e+00
1.535e+00
1.536e+00
1.545e+00
1.554e+00
1.563e+00
1.571e+00
1.579e+00
1.587e+00
1.595e+00
1.602e+00
1.609e+00
1.617e+00
1.624e+00
1.632e+00
1.639e+00
1.647e+00
1.655e+00
1.663e+00
1.672e+00
1.681e+00
1.682e+00
1.556e+00
1.557e+00
1.566e+00
1.575e+00
1.584e+00
1.592e+00
1.600e+00
1.608e+00
1.615e+00
1.622e+00
1.629e+00
1.636e+00
1.643e+00
1.650e+00
1.658e+00
1.665e+00
1.673e+00
1.681e+00
1.690e+00
1.699e+00
1.699e+00
1.578e+00
1.579e+00
1.588e+00
1.597e+00
1.605e+00
1.613e+00
1.621e+00
1.628e+00
1.635e+00
1.642e+00
1.649e+00
1.656e+00
1.662e+00
1.669e+00
1.676e+00
1.683e+00
1.690e+00
1.698e+00
1.707e+00
1.716e+00
1.716e+00
1.600e+00
1.600e+00
1.609e+00
1.618e+00
1.626e+00
1.634e+00
1.642e+00
1.649e+00
1.655e+00
1.662e+00
1.668e+00
1.675e+00
1.681e+00
1.687e+00
1.694e+00
1.701e+00
1.708e+00
1.715e+00
1.723e+00
1.732e+00
1.732e+00
1.622e+00
1.622e+00
1.631e+00
1.640e+00
1.648e+00
1.656e+00
1.663e+00
1.669e+00
1.676e+00
1.682e+00
1.688e+00
1.694e+00
1.700e+00
1.706e+00
1.712e+00
1.718e+00
1.725e+00
1.732e+00
1.739e+00
1.748e+00
1.748e+00
1.644e+00
1.645e+00
1.654e+00
1.662e+00
1.670e+00
1.677e+00
1.684e+00
1.691e+00
1.697e+00
1.702e+00
1.708e+00
1.713e+00
1.719e+00
1.724e+00
1.730e+00
1.735e+00
1.742e+00
1.748e+00
1.756e+00
1.764e+00
1.764e+00
1.667e+00
1.667e+00
1.676e+00
1.685e+00
1.692e+00
1.699e+00
1.706e+00
1.712e+00
1.718e+00
1.723e+00
1.728e+00
1.733e+00
1.738e+00
1.743e+00
1.748e+00
1.753e+00
1.759e+00
1.765e+00
1.772e+00
1.780e+00
1.781e+00
1.690e+00
1.691e+00
1.700e+00
1.708e+00
1.715e+00
1.722e+00
1.728e+00
1.734e+00
1.739e+00
1.744e+00
1.749e+00
1.754e+00
1.758e+00
1.763e+00
1.767e+00
1.772e+00
1.778e+00
1.784e+00
1.790e+00
1.798e+00
1.798e+00
1.714e+00
1.715e+00
1.724e+00
1.732e+00
1.739e+00
1.746e+00
1.752e+00
1.757e+00
1.762e+00
1.767e+00
1.771e+00
1.776e+00
1.780e+00
1.784e+00
1.789e+00
1.793e+00
1.799e+00
1.804e+00
1.811e+00
1.819e+00
1.819e+00
1.722e+00
1.725e+00
1.734e+00
1.742e+00
1.749e+00
1.756e+00
1.762e+00
1.767e+00
1.772e+00
1.777e+00
1.781e+00
1.785e+00
1.790e+00
1.794e+00
1.798e+00
1.803e+00
1.808e+00
1.814e+00
1.820e+00
1.828e+00
1.834e+00
1.892e+00
1.898e+00
1.908e+00
1.917e+00
1.926e+00
1.935e+00
1.944e+00
1.953e+00
1.962e+00
1.971e+00
1.980e+00
1.989e+00
1.998e+00
2.007e+00
2.016e+00
2.025e+00
2.034e+00
2.044e+00
2.053e+00
2.063e+00
2.066e+00
1.908e+00
1.909e+00
1.918e+00
1.928e+00
1.937e+00
1.946e+00
1.955e+00
1.964e+00
1.973e+00
1.981e+00
1.990e+00
1.999e+00
2.008e+00
2.017e+00
2.026e+00
2.035e+00
2.045e+00
2.054e+00
2.064e+00
2.073e+00
2.074e+00
1.932e+00
1.933e+00
1.942e+00
1.952e+00
1.961e+00
1.970e+00
1.979e+00
1.988e+00
1.997e+00
2.006e+00
2.014e+00
2.023e+00
2.032e+00
2.041e+00
2.050e+00
2.059e+00
2.068e+00
2.078e+00
2.087e+00
2.097e+00
2.098e+00
1.956e+00
1.956e+00
1.966e+00
1.975e+00
1.985e+00
1.994e+00
2.003e+00
2.012e+00
2.020e+00
2.029e+00
2.038e+00
2.047e+00
2.056e+00
2.064e+00
2.073e+00
2.082e+00
2.092e+00
2.101e+00
2.110e+00
2.120e+00
2.121e+00
1.979e+00
1.980e+00
1.989e+00
1.999e+00
2.008e+00
2.017e+00
2.026e+00
2.035e+00
2.044e+00
2.052e+00
2.061e+00
2.070e+00
2.078e+00
2.087e+00
2.096e+00
2.105e+00
2.114e+00
2.123e+00
2.133e+00
2.142e+00
2.143e+00
2.002e+00
2.003e+00
2.012e+00
2.022e+00
2.031e+00
2.040e+00
2.049e+00
2.058e+00
2.066e+00
2.075e+00
2.083e+00
2.092e+00
2.100e+00
2.109e+00
2.118e+00
2.127e+00
2.136e+00
2.145e+00
2.154e+00
2.164e+00
2.165e+00
2.025e+00
2.025e+00
2.035e+00
2.044e+00
2.053e+00
2.062e+00
2.071e+00
2.080e+00
2.088e+00
2.097e+00
2.105e+00
2.114e+00
2.122e+00
2.131e+00
2.139e+00
2.148e+00
2.157e+00
2.166e+00
2.175e+00
2.185e+00
2.186e+00
2.047e+00
2.048e+00
2.057e+00
2.066e+00
2.076e+00
2.084e+00
2.093e+00
2.102e+00
2.110e+00
2.118e+00
2.127e+00
2.135e+00
2.143e+00
2.152e+00
2.160e+00
2.169e+00
2.177e+00
2.186e+00
2.196e+00
2.205e+00
2.206e+00
2.069e+00
2.070e+00
2.079e+00
2.088e+00
2.097e+00
2.106e+00
2.115e+00
2.123e+00
2.131e+00
2.139e+00
2.148e+00
2.156e+00
2.164e+00
2.172e+00
2.180e+00
2.189e+00
2.197e+00
2.206e+00
2.216e+00
2.225e+00
2.226e+00
2.091e+00
2.091e+00
2.101e+00
2.110e+00
2.119e+00
2.128e+00
2.136e+00
2.144e+00
2.152e+00
2.160e+00
2.168e+00
2.176e+00
2.184e+00
2.192e+00
2.200e+00
2.208e+00
2.217e+00
2.226e+00
2.235e+00
2.244e+00
2.245e+00
2.112e+00
2.113e+00
2.122e+00
2.131e+00
2.140e+00
2.149e+00
2.157e+00
2.165e+00
2.173e+00
2.181e+00
2.189e+00
2.196e+00
2.204e+00
2.212e+00
2.219e+00
2.228e+00
2.236e+00
2.245e+00
2.253e+00
2.263e+00
2.263e+00
2.134e+00
2.134e+00
2.144e+00
2.153e+00
2.162e+00
2.170e+00
2.178e+00
2.186e+00
2.194e+00
2.201e+00
2.209e+00
2.216e+00
2.223e+00
2.231e+00
2.239e+00
2.246e+00
2.254e+00
2.263e+00
2.272e+00
2.281e+00
2.282e+00
2.155e+00
2.156e+00
2.165e+00
2.174e+00
2.183e+00
2.191e+00
2.199e+00
2.207e+00
2.214e+00
2.221e+00
2.229e+00
2.236e+00
2.243e+00
2.250e+00
2.257e+00
2.265e+00
2.273e+00
2.281e+00
2.290e+00
2.299e+00
2.299e+00
2.177e+00
2.178e+00
2.187e+00
2.196e+00
2.204e+00
2.212e+00
2.220e+00
2.227e+00
2.235e+00
2.242e+00
2.248e+00
2.255e+00
2.262e+00
2.269e+00
2.276e+00
2.283e+00
2.290e+00
2.298e+00
2.307e+00
2.316e+00
2.316e+00
2.199e+00
2.200e+00
2.209e+00
2.217e+00
2.226e+00
2.234e+00
2.241e+00
2.248e+00
2.255e+00
2.262e+00
2.268e+00
2.275e+00
2.281e+00
2.287e+00
2.294e+00
2.301e+00
2.308e+00
2.316e+00
2.324e+00
2.333e+00
2.333e+00
2.221e+00
2.222e+00
2.231e+00
2.239e+00
2.248e+00
2.255e+00
2.262e+00
2.269e+00
2.276e+00
2.282e+00
2.288e+00
2.294e+00
2.300e+00
2.306e+00
2.313e+00
2.319e+00
2.326e+00
2.333e+00
2.341e+00
2.350e+00
2.350e+00
2.244e+00
2.244e+00
2.253e+00
2.262e+00
2.270e+00
2.277e+00
2.284e+00
2.291e+00
2.297e+00
2.303e+00
2.309e+00
2.314e+00
2.320e+00
2.325e+00
2.331e+00
2.337e+00
2.344e+00
2.351e+00
2.359e+00
2.367e+00
2.368e+00
2.267e+00
2.267e+00
2.276e+00
2.284e+00
2.292e+00
2.299e+00
2.306e+00
2.312e+00
2.318e+00
2.324e+00
2.329e+00
2.335e+00
2.340e+00
2.345e+00
2.351e+00
2.356e+00
2.363e+00
2.369e+00
2.377e+00
2.385e+00
2.386e+00
2.290e+00
2.291e+00
2.299e+00
2.308e+00
2.315e+00
2.322e+00
2.329e+00
2.335e+00
2.341e+00
2.346e+00
2.351e+00
2.356e+00
2.361e+00
2.366e+00
2.371e+00
2.377e+00
2.383e+00
2.389e+00
2.397e+00
2.405e+00
2.405e+00
2.314e+00
2.315e+00
2.323e+00
2.332e+00
2.339e+00
2.346e+00
2.352e+00
2.358e+00
2.364e+00
2.369e+00
2.374e+00
2.379e+00
2.384e+00
2.388e+00
2.393e+00
2.399e+00
2.405e+00
2.411e+00
2.418e+00
2.426e+00
2.426e+00
2.322e+00
2.325e+00
2.334e+00
2.342e+00
2.350e+00
2.357e+00
2.363e+00
2.369e+00
2.374e+00
2.379e+00
2.384e+00
2.389e+00
2.394e+00
2.398e+00
2.403e+00
2.409e+00
2.414e+00
2.421e+00
2.428e+00
2.436e+00
2.442e+00
2.551e+00
2.557e+00
2.567e+00
2.576e+00
2.586e+00
2.595e+00
2.604e+00
2.613e+00
2.621e+00
2.630e+00
2.639e+00
2.648e+00
2.657e+00
2.666e+00
2.675e+00
2.684e+00
2.694e+00
2.703e+00
2.713e+00
2.722e+00
2.726e+00
2.567e+00
2.568e+00
2.578e+00
2.587e+00
2.596e+00
2.605e+00
2.614e+00
2.623e+00
2.632e+00
2.641e+00
2.650e+00
2.659e+00
2.668e+00
2.677e+00
2.686e+00
2.695e+00
2.704e+00
2.713e+00
2.723e+00
2.733e+00
2.734e+00
2.591e+00
2.592e+00
2.602e+00
2.611e+00
2.620e+00
2.629e+00
2.638e+00
2.647e+00
2.656e+00
2.665e+00
2.674e+00
2.683e+00
2.692e+00
2.701e+00
2.710e+00
2.719e+00
2.728e+00
2.737e+00
2.747e+00
2.757e+00
2.757e+00
2.615e+00
2.616e+00
2.625e+00
2.635e+00
2.644e+00
2.653e+00
2.662e+00
2.671e+00
2.680e+00
2.689e+00
2.697e+00
2.706e+00
2.715e+00
2.724e+00
2.733e+00
2.742e+00
2.751e+00
2.760e+00
2.770e+00
2.779e+00
2.780e+00
2.638e+00
2.639e+00
2.649e+00
2.658e+00
2.667e+00
2.676e+00
2.685e+00
2.694e+00
2.703e+00
2.712e+00
2.720e+00
2.729e+00
2.738e+00
2.746e+00
2.755e+00
2.764e+00
2.773e+00
2.783e+00
2.792e+00
2.802e+00
2.803e+00
2.661e+00
2.662e+00
2.672e+00
2.681e+00
2.690e+00
2.699e+00
2.708e+00
2.717e+00
2.726e+00
2.734e+00
2.743e+00
2.751e+00
2.760e+00
2.768e+00
2.777e+00
2.786e+00
2.795e+00
2.804e+00
2.814e+00
2.823e+00
2.824e+00
2.684e+00
2.685e+00
2.694e+00
2.704e+00
2.713e+00
2.722e+00
2.730e+00
2.739e+00
2.748e+00
2.756e+00
2.765e+00
2.773e+00
2.781e+00
2.790e+00
2.799e+00
2.807e+00
2.816e+00
2.825e+00
2.835e+00
2.844e+00
2.845e+00
2.706e+00
2.707e+00
2.716e+00
2.726e+00
2.735e+00
2.744e+00
2.752e+00
2.761e+00
2.769e+00
2.778e+00
2.786e+00
2.794e+00
2.802e+00
2.811e+00
2.819e+00
2.828e+00
2.837e+00
2.846e+00
2.855e+00
2.865e+00
2.865e+00
2.728e+00
2.729e+00
2.738e+00
2.748e+00
2.757e+00
2.765e+00
2.774e+00
2.782e+00
2.791e+00
2.799e+00
2.807e+00
2.815e+00
2.823e+00
2.831e+00
2.840e+00
2.848e+00
2.857e+00
2.866e+00
2.875e+00
2.884e+00
2.885e+00
2.750e+00
2.751e+00
2.760e+00
2.769e+00
2.778e+00
2.787e+00
2.795e+00
2.804e+00
2.812e+00
2.820e+00
2.828e+00
2.835e+00
2.843e+00
2.851e+00
2.859e+00
2.868e+00
2.876e+00
2.885e+00
2.894e+00
2.904e+00
2.904e+00
2.772e+00
2.772e+00
2.782e+00
2.791e+00
2.800e+00
2.808e+00
2.817e+00
2.825e+00
2.832e+00
2.840e+00
2.848e+00
2.856e+00
2.863e+00
2.871e+00
2.879e+00
2.887e+00
2.895e+00
2.904e+00
2.913e+00
2.922e+00
2.923e+00
2.793e+00
2.794e+00
2.803e+00
2.812e+00
2.821e+00
2.829e+00
2.838e+00
2.845e+00
2.853e+00
2.861e+00
2.868e+00
2.875e+00
2.883e+00
2.890e+00
2.898e+00
2.906e+00
2.914e+00
2.922e+00
2.931e+00
2.941e+00
2.941e+00
2.815e+00
2.816e+00
2.825e+00
2.834e+00
2.842e+00
2.851e+00
2.859e+00
2.866e+00
2.874e+00
2.881e+00
2.888e+00
2.895e+00
2.902e+00
2.909e+00
2.917e+00
2.924e+00
2.932e+00
2.940e+00
2.949e+00
2.958e+00
2.959e+00
2.837e+00
2.837e+00
2.847e+00
2.855e+00
2.864e+00
2.872e+00
2.880e+00
2.887e+00
2.894e+00
2.901e+00
2.908e+00
2.915e+00
2.921e+00
2.928e+00
2.935e+00
2.943e+00
2.950e+00
2.958e+00
2.967e+00
2.976e+00
2.976e+00
2.859e+00
2.859e+00
2.868e+00
2.877e+00
2.885e+00
2.893e+00
2.901e+00
2.908e+00
2.915e+00
2.921e+00
2.928e+00
2.934e+00
2.941e+00
2.947e+00
2.954e+00
2.961e+00
2.968e+00
2.976e+00
2.984e+00
2.993e+00
2.994e+00
2.881e+00
2.881e+00
2.890e+00
2.899e+00
2.907e+00
2.915e+00
2.922e+00
2.929e+00
2.936e+00
2.942e+00
2.948e+00
2.954e+00
2.960e+00
2.966e+00
2.973e+00
2.979e+00
2.986e+00
2.994e+00
3.002e+00
3.010e+00
3.011e+00
2.903e+00
2.904e+00
2.913e+00
2.921e+00
2.929e+00
2.937e+00
2.944e+00
2.950e+00
2.957e+00
2.963e+00
2.969e+00
2.974e+00
2.980e+00
2.986e+00
2.992e+00
2.998e+00
3.005e+00
3.012e+00
3.020e+00
3.028e+00
3.029e+00
2.926e+00
2.927e+00
2.936e+00
2.944e+00
2.952e+00
2.959e+00
2.966e+00
2.972e+00
2.978e+00
2.984e+00
2.990e+00
2.995e+00
3.000e+00
3.006e+00
3.012e+00
3.017e+00
3.024e+00
3.031e+00
3.038e+00
3.047e+00
3.047e+00
2.950e+00
2.950e+00
2.959e+00
2.968e+00
2.975e+00
2.982e+00
2.989e+00
2.995e+00
3.001e+00
3.006e+00
3.012e+00
3.017e+00
3.022e+00
3.027e+00
3.032e+00
3.038e+00
3.044e+00
3.051e+00
3.059e+00
3.067e+00
3.067e+00
2.974e+00
2.974e+00
2.983e+00
2.992e+00
2.999e+00
3.006e+00
3.013e+00
3.019e+00
3.024e+00
3.030e+00
3.035e+00
3.040e+00
3.045e+00
3.050e+00
3.055e+00
3.060e+00
3.066e+00
3.073e+00
3.080e+00
3.089e+00
3.089e+00
2.982e+00
2.985e+00
2.994e+00
3.002e+00
3.010e+00
3.017e+00
3.023e+00
3.029e+00
3.035e+00
3.040e+00
3.045e+00
3.050e+00
3.055e+00
3.060e+00
3.065e+00
3.070e+00
3.076e+00
3.083e+00
3.090e+00
3.098e+00
3.104e+00
