1	0	INDP	IPOND
-3.288e-01
-3.271e-01
-3.271e-01
-3.275e-01
-3.278e-01
-3.281e-01
-3.285e-01
-3.288e-01
-3.291e-01
-3.292e-01
-3.291e-01
-3.288e-01
-3.284e-01
-3.277e-01
-3.269e-01
-3.258e-01
-3.245e-01
-3.229e-01
-3.215e-01
-3.179e-01
-3.171e-01
-3.262e-01
-3.235e-01
-3.230e-01
-3.237e-01
-3.241e-01
-3.245e-01
-3.248e-01
-3.249e-01
-3.249e-01
-3.247e-01
-3.245e-01
-3.240e-01
-3.236e-01
-3.229e-01
-3.222e-01
-3.212e-01
-3.200e-01
-3.187e-01
-3.172e-01
-3.141e-01
-3.145e-01
-3.265e-01
-3.239e-01
-3.231e-01
-3.238e-01
-3.238e-01
-3.238e-01
-3.237e-01
-3.234e-01
-3.229e-01
-3.225e-01
-3.217e-01
-3.209e-01
-3.200e-01
-3.188e-01
-3.175e-01
-3.160e-01
-3.143e-01
-3.123e-01
-3.101e-01
-3.063e-01
-3.062e-01
-3.274e-01
-3.250e-01
-3.239e-01
-3.242e-01
-3.239e-01
-3.235e-01
-3.229e-01
-3.223e-01
-3.215e-01
-3.206e-01
-3.195e-01
-3.182e-01
-3.169e-01
-3.152e-01
-3.135e-01
-3.113e-01
-3.089e-01
-3.061e-01
-3.032e-01
-2.987e-01
-2.988e-01
-3.277e-01
-3.248e-01
-3.232e-01
-3.231e-01
-3.225e-01
-3.217e-01
-3.208e-01
-3.199e-01
-3.186e-01
-3.173e-01
-3.159e-01
-3.141e-01
-3.122e-01
-3.100e-01
-3.075e-01
-3.046e-01
-3.014e-01
-2.979e-01
-2.939e-01
-2.886e-01
-2.885e-01
-3.268e-01
-3.238e-01
-3.218e-01
-3.214e-01
-3.203e-01
-3.192e-01
-3.179e-01
-3.164e-01
-3.149e-01
-3.131e-01
-3.109e-01
-3.086e-01
-3.060e-01
-3.030e-01
-2.997e-01
-2.959e-01
-2.918e-01
-2.871e-01
-2.821e-01
-2.759e-01
-2.756e-01
-3.246e-01
-3.219e-01
-3.196e-01
-3.186e-01
-3.172e-01
-3.156e-01
-3.139e-01
-3.118e-01
-3.096e-01
-3.071e-01
-3.043e-01
-3.012e-01
-2.977e-01
-2.939e-01
-2.896e-01
-2.848e-01
-2.796e-01
-2.739e-01
-2.678e-01
-2.606e-01
-2.601e-01
-3.211e-01
-3.192e-01
-3.163e-01
-3.148e-01
-3.129e-01
-3.106e-01
-3.083e-01
-3.056e-01
-3.026e-01
-2.993e-01
-2.956e-01
-2.916e-01
-2.870e-01
-2.822e-01
-2.768e-01
-2.710e-01
-2.648e-01
-2.581e-01
-2.509e-01
-2.430e-01
-2.424e-01
-3.164e-01
-3.153e-01
-3.117e-01
-3.095e-01
-3.068e-01
-3.040e-01
-3.008e-01
-2.973e-01
-2.934e-01
-2.891e-01
-2.845e-01
-2.793e-01
-2.737e-01
-2.679e-01
-2.615e-01
-2.547e-01
-2.475e-01
-2.399e-01
-2.321e-01
-2.235e-01
-2.227e-01
-3.102e-01
-3.098e-01
-3.055e-01
-3.024e-01
-2.990e-01
-2.952e-01
-2.911e-01
-2.865e-01
-2.815e-01
-2.762e-01
-2.705e-01
-2.644e-01
-2.579e-01
-2.510e-01
-2.438e-01
-2.362e-01
-2.282e-01
-2.199e-01
-2.114e-01
-2.024e-01
-2.016e-01
-3.024e-01
-3.022e-01
-2.970e-01
-2.931e-01
-2.886e-01
-2.838e-01
-2.786e-01
-2.730e-01
-2.671e-01
-2.608e-01
-2.540e-01
-2.470e-01
-2.397e-01
-2.321e-01
-2.240e-01
-2.158e-01
-2.073e-01
-1.986e-01
-1.897e-01
-1.805e-01
-1.796e-01
-2.923e-01
-2.921e-01
-2.862e-01
-2.811e-01
-2.756e-01
-2.698e-01
-2.635e-01
-2.570e-01
-2.501e-01
-2.429e-01
-2.354e-01
-2.276e-01
-2.196e-01
-2.113e-01
-2.029e-01
-1.942e-01
-1.854e-01
-1.765e-01
-1.672e-01
-1.577e-01
-1.569e-01
-2.797e-01
-2.794e-01
-2.725e-01
-2.664e-01
-2.599e-01
-2.531e-01
-2.460e-01
-2.386e-01
-2.309e-01
-2.230e-01
-2.148e-01
-2.065e-01
-1.981e-01
-1.895e-01
-1.807e-01
-1.718e-01
-1.627e-01
-1.535e-01
-1.442e-01
-1.346e-01
-1.338e-01
-2.644e-01
-2.639e-01
-2.564e-01
-2.493e-01
-2.419e-01
-2.343e-01
-2.264e-01
-2.183e-01
-2.100e-01
-2.016e-01
-1.930e-01
-1.844e-01
-1.757e-01
-1.668e-01
-1.578e-01
-1.487e-01
-1.396e-01
-1.303e-01
-1.210e-01
-1.114e-01
-1.106e-01
-2.467e-01
-2.460e-01
-2.379e-01
-2.300e-01
-2.219e-01
-2.136e-01
-2.051e-01
-1.966e-01
-1.879e-01
-1.792e-01
-1.703e-01
-1.614e-01
-1.524e-01
-1.434e-01
-1.344e-01
-1.253e-01
-1.162e-01
-1.070e-01
-9.759e-02
-8.802e-02
-8.731e-02
-2.270e-01
-2.262e-01
-2.175e-01
-2.090e-01
-2.003e-01
-1.916e-01
-1.828e-01
-1.739e-01
-1.649e-01
-1.559e-01
-1.469e-01
-1.378e-01
-1.288e-01
-1.198e-01
-1.107e-01
-1.017e-01
-9.265e-02
-8.354e-02
-7.428e-02
-6.483e-02
-6.419e-02
-2.055e-01
-2.047e-01
-1.957e-01
-1.868e-01
-1.778e-01
-1.687e-01
-1.595e-01
-1.504e-01
-1.413e-01
-1.321e-01
-1.230e-01
-1.139e-01
-1.048e-01
-9.575e-02
-8.677e-02
-7.785e-02
-6.902e-02
-6.017e-02
-5.115e-02
-4.210e-02
-4.164e-02
-1.831e-01
-1.822e-01
-1.729e-01
-1.636e-01
-1.543e-01
-1.450e-01
-1.357e-01
-1.265e-01
-1.172e-01
-1.080e-01
-9.874e-02
-8.960e-02
-8.049e-02
-7.147e-02
-6.258e-02
-5.383e-02
-4.543e-02
-3.698e-02
-2.804e-02
-2.022e-02
-2.011e-02
-1.596e-01
-1.588e-01
-1.493e-01
-1.398e-01
-1.304e-01
-1.210e-01
-1.115e-01
-1.021e-01
-9.279e-02
-8.347e-02
-7.420e-02
-6.504e-02
-5.596e-02
-4.700e-02
-3.814e-02
-2.926e-02
-2.150e-02
-1.341e-02
4.713e-05
1.844e-04
1.270e-04
-1.354e-01
-1.347e-01
-1.251e-01
-1.155e-01
-1.060e-01
-9.643e-02
-8.694e-02
-7.746e-02
-6.805e-02
-5.872e-02
-4.944e-02
-4.028e-02
-3.126e-02
-2.234e-02
-1.331e-02
4.992e-05
4.285e-04
8.709e-04
1.390e-03
1.930e-03
1.556e-03
-1.274e-01
-1.242e-01
-1.145e-01
-1.049e-01
-9.528e-02
-8.573e-02
-7.620e-02
-6.671e-02
-5.731e-02
-4.795e-02
-3.869e-02
-2.954e-02
-2.056e-02
-1.182e-02
-3.758e-03
1.197e-04
6.230e-04
1.490e-03
2.340e-03
3.218e-03
3.728e-03
-3.229e-01
-3.212e-01
-3.212e-01
-3.216e-01
-3.219e-01
-3.222e-01
-3.226e-01
-3.230e-01
-3.232e-01
-3.233e-01
-3.232e-01
-3.229e-01
-3.225e-01
-3.218e-01
-3.210e-01
-3.199e-01
-3.186e-01
-3.170e-01
-3.156e-01
-3.120e-01
-3.113e-01
-3.203e-01
-3.177e-01
-3.172e-01
-3.179e-01
-3.183e-01
-3.187e-01
-3.190e-01
-3.190e-01
-3.190e-01
-3.189e-01
-3.187e-01
-3.182e-01
-3.177e-01
-3.170e-01
-3.164e-01
-3.154e-01
-3.142e-01
-3.129e-01
-3.114e-01
-3.083e-01
-3.087e-01
-3.206e-01
-3.181e-01
-3.173e-01
-3.180e-01
-3.180e-01
-3.180e-01
-3.179e-01
-3.175e-01
-3.171e-01
-3.167e-01
-3.159e-01
-3.151e-01
-3.141e-01
-3.130e-01
-3.117e-01
-3.102e-01
-3.084e-01
-3.065e-01
-3.043e-01
-3.005e-01
-3.004e-01
-3.215e-01
-3.191e-01
-3.181e-01
-3.184e-01
-3.180e-01
-3.177e-01
-3.171e-01
-3.165e-01
-3.156e-01
-3.148e-01
-3.137e-01
-3.124e-01
-3.111e-01
-3.094e-01
-3.076e-01
-3.055e-01
-3.030e-01
-3.003e-01
-2.973e-01
-2.929e-01
-2.929e-01
-3.218e-01
-3.190e-01
-3.174e-01
-3.173e-01
-3.167e-01
-3.159e-01
-3.150e-01
-3.141e-01
-3.128e-01
-3.115e-01
-3.100e-01
-3.083e-01
-3.063e-01
-3.041e-01
-3.016e-01
-2.988e-01
-2.956e-01
-2.920e-01
-2.881e-01
-2.827e-01
-2.827e-01
-3.209e-01
-3.180e-01
-3.160e-01
-3.156e-01
-3.145e-01
-3.134e-01
-3.121e-01
-3.106e-01
-3.090e-01
-3.072e-01
-3.051e-01
-3.028e-01
-3.002e-01
-2.971e-01
-2.938e-01
-2.900e-01
-2.859e-01
-2.813e-01
-2.762e-01
-2.700e-01
-2.698e-01
-3.187e-01
-3.161e-01
-3.138e-01
-3.128e-01
-3.114e-01
-3.098e-01
-3.080e-01
-3.060e-01
-3.038e-01
-3.013e-01
-2.985e-01
-2.954e-01
-2.918e-01
-2.880e-01
-2.837e-01
-2.789e-01
-2.737e-01
-2.680e-01
-2.619e-01
-2.547e-01
-2.542e-01
-3.152e-01
-3.134e-01
-3.105e-01
-3.089e-01
-3.070e-01
-3.048e-01
-3.024e-01
-2.998e-01
-2.967e-01
-2.934e-01
-2.897e-01
-2.857e-01
-2.812e-01
-2.763e-01
-2.709e-01
-2.650e-01
-2.588e-01
-2.521e-01
-2.450e-01
-2.371e-01
-2.364e-01
-3.105e-01
-3.095e-01
-3.058e-01
-3.036e-01
-3.010e-01
-2.981e-01
-2.950e-01
-2.914e-01
-2.875e-01
-2.832e-01
-2.786e-01
-2.734e-01
-2.678e-01
-2.620e-01
-2.555e-01
-2.488e-01
-2.415e-01
-2.340e-01
-2.261e-01
-2.175e-01
-2.168e-01
-3.043e-01
-3.039e-01
-2.996e-01
-2.966e-01
-2.931e-01
-2.893e-01
-2.852e-01
-2.806e-01
-2.756e-01
-2.703e-01
-2.646e-01
-2.585e-01
-2.519e-01
-2.450e-01
-2.378e-01
-2.302e-01
-2.223e-01
-2.140e-01
-2.055e-01
-1.965e-01
-1.957e-01
-2.965e-01
-2.963e-01
-2.912e-01
-2.872e-01
-2.828e-01
-2.779e-01
-2.727e-01
-2.671e-01
-2.612e-01
-2.548e-01
-2.481e-01
-2.411e-01
-2.338e-01
-2.261e-01
-2.181e-01
-2.098e-01
-2.014e-01
-1.927e-01
-1.837e-01
-1.745e-01
-1.737e-01
-2.864e-01
-2.862e-01
-2.803e-01
-2.752e-01
-2.697e-01
-2.638e-01
-2.576e-01
-2.510e-01
-2.441e-01
-2.370e-01
-2.295e-01
-2.216e-01
-2.136e-01
-2.054e-01
-1.969e-01
-1.883e-01
-1.795e-01
-1.705e-01
-1.612e-01
-1.517e-01
-1.509e-01
-2.737e-01
-2.735e-01
-2.666e-01
-2.605e-01
-2.540e-01
-2.472e-01
-2.401e-01
-2.327e-01
-2.250e-01
-2.170e-01
-2.089e-01
-2.006e-01
-1.921e-01
-1.835e-01
-1.748e-01
-1.658e-01
-1.568e-01
-1.476e-01
-1.382e-01
-1.286e-01
-1.278e-01
-2.585e-01
-2.580e-01
-2.504e-01
-2.434e-01
-2.360e-01
-2.284e-01
-2.204e-01
-2.123e-01
-2.040e-01
-1.956e-01
-1.871e-01
-1.784e-01
-1.697e-01
-1.608e-01
-1.518e-01
-1.428e-01
-1.336e-01
-1.244e-01
-1.150e-01
-1.054e-01
-1.046e-01
-2.408e-01
-2.401e-01
-2.320e-01
-2.241e-01
-2.159e-01
-2.076e-01
-1.992e-01
-1.906e-01
-1.820e-01
-1.732e-01
-1.644e-01
-1.554e-01
-1.465e-01
-1.375e-01
-1.284e-01
-1.194e-01
-1.102e-01
-1.010e-01
-9.160e-02
-8.202e-02
-8.132e-02
-2.210e-01
-2.203e-01
-2.115e-01
-2.030e-01
-1.944e-01
-1.857e-01
-1.768e-01
-1.679e-01
-1.589e-01
-1.499e-01
-1.409e-01
-1.318e-01
-1.228e-01
-1.138e-01
-1.047e-01
-9.570e-02
-8.666e-02
-7.754e-02
-6.828e-02
-5.883e-02
-5.820e-02
-1.996e-01
-1.988e-01
-1.897e-01
-1.808e-01
-1.718e-01
-1.627e-01
-1.536e-01
-1.444e-01
-1.353e-01
-1.261e-01
-1.170e-01
-1.079e-01
-9.880e-02
-8.976e-02
-8.078e-02
-7.185e-02
-6.303e-02
-5.417e-02
-4.516e-02
-3.610e-02
-3.564e-02
-1.771e-01
-1.762e-01
-1.669e-01
-1.576e-01
-1.483e-01
-1.391e-01
-1.298e-01
-1.205e-01
-1.112e-01
-1.020e-01
-9.275e-02
-8.361e-02
-7.449e-02
-6.548e-02
-5.658e-02
-4.783e-02
-3.943e-02
-3.098e-02
-2.204e-02
-1.423e-02
-1.411e-02
-1.536e-01
-1.528e-01
-1.433e-01
-1.338e-01
-1.244e-01
-1.150e-01
-1.056e-01
-9.615e-02
-8.679e-02
-7.747e-02
-6.821e-02
-5.904e-02
-4.997e-02
-4.100e-02
-3.214e-02
-2.326e-02
-1.556e-02
-7.504e-03
5.774e-03
6.136e-03
6.046e-03
-1.295e-01
-1.287e-01
-1.191e-01
-1.095e-01
-9.997e-02
-9.044e-02
-8.095e-02
-7.147e-02
-6.205e-02
-5.273e-02
-4.345e-02
-3.429e-02
-2.526e-02
-1.634e-02
-7.310e-03
5.851e-03
6.398e-03
6.946e-03
7.568e-03
8.199e-03
7.791e-03
-1.214e-01
-1.182e-01
-1.085e-01
-9.889e-02
-8.929e-02
-7.974e-02
-7.020e-02
-6.072e-02
-5.131e-02
-4.195e-02
-3.269e-02
-2.355e-02
-1.456e-02
-5.822e-03
2.241e-03
6.228e-03
6.801e-03
7.720e-03
8.625e-03
9.578e-03
1.017e-02
-3.119e-01
-3.103e-01
-3.103e-01
-3.107e-01
-3.110e-01
-3.113e-01
-3.117e-01
-3.120e-01
-3.123e-01
-3.124e-01
-3.123e-01
-3.120e-01
-3.116e-01
-3.109e-01
-3.101e-01
-3.090e-01
-3.077e-01
-3.061e-01
-3.046e-01
-3.010e-01
-3.004e-01
-3.094e-01
-3.069e-01
-3.064e-01
-3.071e-01
-3.076e-01
-3.080e-01
-3.083e-01
-3.084e-01
-3.084e-01
-3.082e-01
-3.080e-01
-3.075e-01
-3.070e-01
-3.063e-01
-3.056e-01
-3.047e-01
-3.034e-01
-3.021e-01
-3.006e-01
-2.974e-01
-2.980e-01
-3.097e-01
-3.073e-01
-3.066e-01
-3.073e-01
-3.073e-01
-3.073e-01
-3.072e-01
-3.069e-01
-3.064e-01
-3.060e-01
-3.052e-01
-3.044e-01
-3.034e-01
-3.023e-01
-3.009e-01
-2.994e-01
-2.976e-01
-2.956e-01
-2.933e-01
-2.896e-01
-2.896e-01
-3.106e-01
-3.085e-01
-3.074e-01
-3.077e-01
-3.074e-01
-3.070e-01
-3.064e-01
-3.058e-01
-3.049e-01
-3.040e-01
-3.029e-01
-3.017e-01
-3.003e-01
-2.986e-01
-2.968e-01
-2.946e-01
-2.921e-01
-2.893e-01
-2.863e-01
-2.818e-01
-2.820e-01
-3.109e-01
-3.084e-01
-3.067e-01
-3.066e-01
-3.060e-01
-3.052e-01
-3.043e-01
-3.033e-01
-3.021e-01
-3.007e-01
-2.992e-01
-2.975e-01
-2.955e-01
-2.932e-01
-2.907e-01
-2.878e-01
-2.845e-01
-2.809e-01
-2.769e-01
-2.715e-01
-2.716e-01
-3.100e-01
-3.073e-01
-3.053e-01
-3.049e-01
-3.037e-01
-3.027e-01
-3.013e-01
-2.998e-01
-2.982e-01
-2.964e-01
-2.942e-01
-2.918e-01
-2.892e-01
-2.861e-01
-2.827e-01
-2.789e-01
-2.747e-01
-2.700e-01
-2.650e-01
-2.586e-01
-2.585e-01
-3.078e-01
-3.054e-01
-3.030e-01
-3.020e-01
-3.006e-01
-2.989e-01
-2.972e-01
-2.951e-01
-2.929e-01
-2.903e-01
-2.875e-01
-2.843e-01
-2.807e-01
-2.768e-01
-2.725e-01
-2.676e-01
-2.624e-01
-2.566e-01
-2.504e-01
-2.432e-01
-2.429e-01
-3.043e-01
-3.026e-01
-2.997e-01
-2.981e-01
-2.962e-01
-2.939e-01
-2.915e-01
-2.888e-01
-2.857e-01
-2.824e-01
-2.786e-01
-2.745e-01
-2.699e-01
-2.650e-01
-2.596e-01
-2.537e-01
-2.474e-01
-2.407e-01
-2.335e-01
-2.255e-01
-2.250e-01
-2.995e-01
-2.986e-01
-2.950e-01
-2.927e-01
-2.900e-01
-2.871e-01
-2.839e-01
-2.803e-01
-2.763e-01
-2.720e-01
-2.673e-01
-2.621e-01
-2.565e-01
-2.505e-01
-2.441e-01
-2.372e-01
-2.300e-01
-2.224e-01
-2.145e-01
-2.059e-01
-2.052e-01
-2.932e-01
-2.930e-01
-2.886e-01
-2.855e-01
-2.821e-01
-2.782e-01
-2.740e-01
-2.694e-01
-2.644e-01
-2.590e-01
-2.532e-01
-2.471e-01
-2.405e-01
-2.335e-01
-2.262e-01
-2.186e-01
-2.106e-01
-2.023e-01
-1.937e-01
-1.847e-01
-1.840e-01
-2.853e-01
-2.852e-01
-2.801e-01
-2.760e-01
-2.716e-01
-2.667e-01
-2.614e-01
-2.558e-01
-2.498e-01
-2.434e-01
-2.366e-01
-2.295e-01
-2.222e-01
-2.145e-01
-2.064e-01
-1.981e-01
-1.896e-01
-1.809e-01
-1.720e-01
-1.627e-01
-1.619e-01
-2.751e-01
-2.750e-01
-2.690e-01
-2.640e-01
-2.584e-01
-2.525e-01
-2.462e-01
-2.395e-01
-2.326e-01
-2.254e-01
-2.178e-01
-2.100e-01
-2.019e-01
-1.936e-01
-1.852e-01
-1.765e-01
-1.676e-01
-1.587e-01
-1.494e-01
-1.399e-01
-1.391e-01
-2.623e-01
-2.622e-01
-2.553e-01
-2.491e-01
-2.425e-01
-2.356e-01
-2.285e-01
-2.211e-01
-2.134e-01
-2.054e-01
-1.972e-01
-1.889e-01
-1.803e-01
-1.717e-01
-1.629e-01
-1.540e-01
-1.449e-01
-1.357e-01
-1.263e-01
-1.167e-01
-1.160e-01
-2.470e-01
-2.465e-01
-2.389e-01
-2.319e-01
-2.244e-01
-2.168e-01
-2.088e-01
-2.006e-01
-1.923e-01
-1.839e-01
-1.753e-01
-1.666e-01
-1.579e-01
-1.489e-01
-1.399e-01
-1.309e-01
-1.217e-01
-1.124e-01
-1.030e-01
-9.343e-02
-9.269e-02
-2.292e-01
-2.285e-01
-2.204e-01
-2.124e-01
-2.043e-01
-1.959e-01
-1.875e-01
-1.789e-01
-1.702e-01
-1.614e-01
-1.525e-01
-1.436e-01
-1.346e-01
-1.256e-01
-1.165e-01
-1.074e-01
-9.830e-02
-8.904e-02
-7.964e-02
-7.006e-02
-6.936e-02
-2.093e-01
-2.086e-01
-1.998e-01
-1.913e-01
-1.826e-01
-1.739e-01
-1.650e-01
-1.561e-01
-1.471e-01
-1.381e-01
-1.290e-01
-1.199e-01
-1.109e-01
-1.019e-01
-9.280e-02
-8.374e-02
-7.469e-02
-6.557e-02
-5.630e-02
-4.685e-02
-4.622e-02
-1.878e-01
-1.870e-01
-1.780e-01
-1.690e-01
-1.600e-01
-1.509e-01
-1.417e-01
-1.326e-01
-1.234e-01
-1.142e-01
-1.051e-01
-9.597e-02
-8.685e-02
-7.780e-02
-6.881e-02
-5.987e-02
-5.105e-02
-4.219e-02
-3.316e-02
-2.411e-02
-2.365e-02
-1.652e-01
-1.645e-01
-1.551e-01
-1.458e-01
-1.365e-01
-1.272e-01
-1.179e-01
-1.086e-01
-9.931e-02
-9.003e-02
-8.080e-02
-7.165e-02
-6.252e-02
-5.350e-02
-4.460e-02
-3.584e-02
-2.744e-02
-1.898e-02
-1.005e-02
-2.228e-03
-2.113e-03
-1.418e-01
-1.410e-01
-1.314e-01
-1.220e-01
-1.125e-01
-1.031e-01
-9.363e-02
-8.420e-02
-7.484e-02
-6.551e-02
-5.623e-02
-4.705e-02
-3.798e-02
-2.900e-02
-2.013e-02
-1.126e-02
-3.643e-03
4.384e-03
1.729e-02
1.805e-02
1.791e-02
-1.176e-01
-1.168e-01
-1.072e-01
-9.763e-02
-8.804e-02
-7.849e-02
-6.900e-02
-5.950e-02
-5.008e-02
-4.074e-02
-3.146e-02
-2.229e-02
-1.326e-02
-4.345e-03
4.687e-03
1.750e-02
1.834e-02
1.908e-02
1.990e-02
2.073e-02
2.026e-02
-1.095e-01
-1.063e-01
-9.661e-02
-8.698e-02
-7.737e-02
-6.780e-02
-5.825e-02
-4.875e-02
-3.934e-02
-2.997e-02
-2.070e-02
-1.155e-02
-2.560e-03
6.177e-03
1.424e-02
1.841e-02
1.915e-02
2.017e-02
2.119e-02
2.229e-02
2.304e-02
-2.972e-01
-2.958e-01
-2.957e-01
-2.961e-01
-2.964e-01
-2.968e-01
-2.972e-01
-2.976e-01
-2.978e-01
-2.980e-01
-2.979e-01
-2.976e-01
-2.972e-01
-2.965e-01
-2.957e-01
-2.945e-01
-2.931e-01
-2.915e-01
-2.899e-01
-2.863e-01
-2.859e-01
-2.949e-01
-2.927e-01
-2.922e-01
-2.930e-01
-2.935e-01
-2.939e-01
-2.942e-01
-2.943e-01
-2.944e-01
-2.942e-01
-2.940e-01
-2.935e-01
-2.930e-01
-2.922e-01
-2.915e-01
-2.904e-01
-2.891e-01
-2.877e-01
-2.861e-01
-2.828e-01
-2.837e-01
-2.952e-01
-2.932e-01
-2.924e-01
-2.932e-01
-2.933e-01
-2.933e-01
-2.932e-01
-2.929e-01
-2.924e-01
-2.919e-01
-2.911e-01
-2.903e-01
-2.892e-01
-2.880e-01
-2.866e-01
-2.850e-01
-2.831e-01
-2.810e-01
-2.786e-01
-2.747e-01
-2.750e-01
-2.961e-01
-2.944e-01
-2.933e-01
-2.937e-01
-2.934e-01
-2.930e-01
-2.924e-01
-2.918e-01
-2.908e-01
-2.899e-01
-2.887e-01
-2.874e-01
-2.859e-01
-2.841e-01
-2.822e-01
-2.799e-01
-2.773e-01
-2.744e-01
-2.712e-01
-2.666e-01
-2.670e-01
-2.965e-01
-2.944e-01
-2.927e-01
-2.926e-01
-2.920e-01
-2.911e-01
-2.902e-01
-2.891e-01
-2.878e-01
-2.864e-01
-2.848e-01
-2.829e-01
-2.808e-01
-2.785e-01
-2.758e-01
-2.728e-01
-2.693e-01
-2.656e-01
-2.614e-01
-2.559e-01
-2.562e-01
-2.957e-01
-2.933e-01
-2.913e-01
-2.908e-01
-2.896e-01
-2.885e-01
-2.870e-01
-2.854e-01
-2.837e-01
-2.818e-01
-2.795e-01
-2.770e-01
-2.742e-01
-2.710e-01
-2.675e-01
-2.635e-01
-2.592e-01
-2.543e-01
-2.491e-01
-2.426e-01
-2.427e-01
-2.934e-01
-2.913e-01
-2.888e-01
-2.878e-01
-2.863e-01
-2.845e-01
-2.827e-01
-2.805e-01
-2.781e-01
-2.755e-01
-2.725e-01
-2.691e-01
-2.654e-01
-2.614e-01
-2.569e-01
-2.518e-01
-2.464e-01
-2.405e-01
-2.342e-01
-2.268e-01
-2.266e-01
-2.897e-01
-2.884e-01
-2.853e-01
-2.836e-01
-2.816e-01
-2.792e-01
-2.767e-01
-2.738e-01
-2.706e-01
-2.671e-01
-2.632e-01
-2.589e-01
-2.542e-01
-2.491e-01
-2.435e-01
-2.375e-01
-2.310e-01
-2.241e-01
-2.168e-01
-2.088e-01
-2.083e-01
-2.847e-01
-2.841e-01
-2.803e-01
-2.780e-01
-2.752e-01
-2.721e-01
-2.687e-01
-2.650e-01
-2.609e-01
-2.564e-01
-2.515e-01
-2.461e-01
-2.403e-01
-2.342e-01
-2.276e-01
-2.207e-01
-2.133e-01
-2.056e-01
-1.975e-01
-1.888e-01
-1.882e-01
-2.782e-01
-2.781e-01
-2.737e-01
-2.704e-01
-2.668e-01
-2.628e-01
-2.584e-01
-2.537e-01
-2.485e-01
-2.429e-01
-2.370e-01
-2.307e-01
-2.239e-01
-2.169e-01
-2.095e-01
-2.017e-01
-1.936e-01
-1.852e-01
-1.765e-01
-1.675e-01
-1.668e-01
-2.698e-01
-2.700e-01
-2.647e-01
-2.605e-01
-2.559e-01
-2.508e-01
-2.454e-01
-2.396e-01
-2.335e-01
-2.269e-01
-2.200e-01
-2.128e-01
-2.053e-01
-1.975e-01
-1.894e-01
-1.810e-01
-1.724e-01
-1.636e-01
-1.545e-01
-1.452e-01
-1.445e-01
-2.593e-01
-2.595e-01
-2.533e-01
-2.481e-01
-2.423e-01
-2.363e-01
-2.298e-01
-2.231e-01
-2.160e-01
-2.086e-01
-2.010e-01
-1.930e-01
-1.848e-01
-1.764e-01
-1.679e-01
-1.591e-01
-1.502e-01
-1.411e-01
-1.318e-01
-1.222e-01
-1.215e-01
-2.461e-01
-2.462e-01
-2.391e-01
-2.328e-01
-2.261e-01
-2.191e-01
-2.118e-01
-2.043e-01
-1.964e-01
-1.883e-01
-1.800e-01
-1.716e-01
-1.630e-01
-1.543e-01
-1.455e-01
-1.364e-01
-1.273e-01
-1.180e-01
-1.086e-01
-9.896e-02
-9.821e-02
-2.304e-01
-2.301e-01
-2.225e-01
-2.152e-01
-2.077e-01
-1.999e-01
-1.918e-01
-1.836e-01
-1.751e-01
-1.666e-01
-1.579e-01
-1.492e-01
-1.403e-01
-1.314e-01
-1.223e-01
-1.132e-01
-1.040e-01
-9.464e-02
-8.520e-02
-7.557e-02
-7.484e-02
-2.123e-01
-2.118e-01
-2.036e-01
-1.955e-01
-1.872e-01
-1.788e-01
-1.702e-01
-1.616e-01
-1.528e-01
-1.439e-01
-1.350e-01
-1.259e-01
-1.169e-01
-1.078e-01
-9.873e-02
-8.961e-02
-8.044e-02
-7.115e-02
-6.172e-02
-5.213e-02
-5.144e-02
-1.922e-01
-1.916e-01
-1.828e-01
-1.741e-01
-1.654e-01
-1.565e-01
-1.476e-01
-1.386e-01
-1.295e-01
-1.204e-01
-1.113e-01
-1.022e-01
-9.309e-02
-8.403e-02
-7.493e-02
-6.584e-02
-5.676e-02
-4.762e-02
-3.834e-02
-2.888e-02
-2.825e-02
-1.705e-01
-1.698e-01
-1.607e-01
-1.516e-01
-1.426e-01
-1.334e-01
-1.241e-01
-1.149e-01
-1.057e-01
-9.646e-02
-8.728e-02
-7.812e-02
-6.896e-02
-5.988e-02
-5.087e-02
-4.192e-02
-3.307e-02
-2.420e-02
-1.517e-02
-6.115e-03
-5.654e-03
-1.478e-01
-1.470e-01
-1.376e-01
-1.282e-01
-1.189e-01
-1.095e-01
-1.001e-01
-9.079e-02
-8.149e-02
-7.216e-02
-6.290e-02
-5.372e-02
-4.457e-02
-3.553e-02
-2.662e-02
-1.785e-02
-9.442e-03
-9.853e-04
7.942e-03
1.577e-02
1.589e-02
-1.241e-01
-1.234e-01
-1.138e-01
-1.043e-01
-9.474e-02
-8.527e-02
-7.579e-02
-6.632e-02
-5.693e-02
-4.757e-02
-3.827e-02
-2.908e-02
-1.999e-02
-1.101e-02
-2.136e-03
6.727e-03
1.430e-02
2.227e-02
3.469e-02
3.595e-02
3.575e-02
-9.983e-02
-9.911e-02
-8.943e-02
-7.983e-02
-7.020e-02
-6.062e-02
-5.109e-02
-4.157e-02
-3.213e-02
-2.277e-02
-1.347e-02
-4.301e-03
4.735e-03
1.365e-02
2.268e-02
3.506e-02
3.628e-02
3.728e-02
3.837e-02
3.950e-02
3.894e-02
-9.177e-02
-8.856e-02
-7.884e-02
-6.916e-02
-5.951e-02
-4.991e-02
-4.033e-02
-3.081e-02
-2.137e-02
-1.199e-02
-2.708e-03
6.444e-03
1.544e-02
2.418e-02
3.224e-02
3.667e-02
3.765e-02
3.883e-02
4.001e-02
4.133e-02
4.231e-02
-2.806e-01
-2.793e-01
-2.792e-01
-2.796e-01
-2.799e-01
-2.803e-01
-2.807e-01
-2.812e-01
-2.815e-01
-2.817e-01
-2.817e-01
-2.815e-01
-2.810e-01
-2.803e-01
-2.794e-01
-2.781e-01
-2.766e-01
-2.748e-01
-2.731e-01
-2.692e-01
-2.691e-01
-2.784e-01
-2.766e-01
-2.761e-01
-2.769e-01
-2.776e-01
-2.780e-01
-2.785e-01
-2.786e-01
-2.787e-01
-2.786e-01
-2.784e-01
-2.779e-01
-2.772e-01
-2.764e-01
-2.755e-01
-2.743e-01
-2.728e-01
-2.712e-01
-2.693e-01
-2.659e-01
-2.670e-01
-2.787e-01
-2.772e-01
-2.765e-01
-2.773e-01
-2.775e-01
-2.775e-01
-2.775e-01
-2.772e-01
-2.767e-01
-2.762e-01
-2.753e-01
-2.743e-01
-2.732e-01
-2.718e-01
-2.702e-01
-2.684e-01
-2.663e-01
-2.639e-01
-2.613e-01
-2.571e-01
-2.577e-01
-2.797e-01
-2.787e-01
-2.776e-01
-2.780e-01
-2.777e-01
-2.773e-01
-2.767e-01
-2.760e-01
-2.750e-01
-2.739e-01
-2.726e-01
-2.711e-01
-2.694e-01
-2.674e-01
-2.652e-01
-2.627e-01
-2.598e-01
-2.566e-01
-2.531e-01
-2.482e-01
-2.489e-01
-2.803e-01
-2.788e-01
-2.770e-01
-2.769e-01
-2.762e-01
-2.752e-01
-2.743e-01
-2.731e-01
-2.716e-01
-2.700e-01
-2.682e-01
-2.661e-01
-2.638e-01
-2.611e-01
-2.582e-01
-2.548e-01
-2.511e-01
-2.470e-01
-2.424e-01
-2.366e-01
-2.372e-01
-2.795e-01
-2.777e-01
-2.755e-01
-2.749e-01
-2.736e-01
-2.723e-01
-2.707e-01
-2.689e-01
-2.670e-01
-2.648e-01
-2.623e-01
-2.595e-01
-2.564e-01
-2.529e-01
-2.491e-01
-2.447e-01
-2.400e-01
-2.348e-01
-2.292e-01
-2.225e-01
-2.228e-01
-2.771e-01
-2.754e-01
-2.728e-01
-2.716e-01
-2.699e-01
-2.679e-01
-2.658e-01
-2.634e-01
-2.608e-01
-2.578e-01
-2.545e-01
-2.509e-01
-2.468e-01
-2.424e-01
-2.375e-01
-2.321e-01
-2.264e-01
-2.201e-01
-2.135e-01
-2.059e-01
-2.059e-01
-2.731e-01
-2.720e-01
-2.688e-01
-2.669e-01
-2.646e-01
-2.620e-01
-2.592e-01
-2.560e-01
-2.525e-01
-2.487e-01
-2.444e-01
-2.398e-01
-2.347e-01
-2.293e-01
-2.233e-01
-2.169e-01
-2.102e-01
-2.030e-01
-1.954e-01
-1.872e-01
-1.868e-01
-2.676e-01
-2.673e-01
-2.633e-01
-2.606e-01
-2.575e-01
-2.541e-01
-2.504e-01
-2.463e-01
-2.419e-01
-2.371e-01
-2.318e-01
-2.261e-01
-2.200e-01
-2.135e-01
-2.066e-01
-1.994e-01
-1.917e-01
-1.837e-01
-1.755e-01
-1.666e-01
-1.661e-01
-2.603e-01
-2.606e-01
-2.559e-01
-2.523e-01
-2.483e-01
-2.440e-01
-2.393e-01
-2.342e-01
-2.287e-01
-2.228e-01
-2.165e-01
-2.098e-01
-2.028e-01
-1.954e-01
-1.877e-01
-1.797e-01
-1.714e-01
-1.628e-01
-1.540e-01
-1.447e-01
-1.441e-01
-2.512e-01
-2.517e-01
-2.461e-01
-2.416e-01
-2.366e-01
-2.312e-01
-2.254e-01
-2.193e-01
-2.128e-01
-2.059e-01
-1.987e-01
-1.913e-01
-1.835e-01
-1.755e-01
-1.671e-01
-1.585e-01
-1.497e-01
-1.407e-01
-1.315e-01
-1.221e-01
-1.214e-01
-2.398e-01
-2.402e-01
-2.338e-01
-2.282e-01
-2.221e-01
-2.157e-01
-2.090e-01
-2.019e-01
-1.945e-01
-1.869e-01
-1.790e-01
-1.708e-01
-1.624e-01
-1.538e-01
-1.451e-01
-1.362e-01
-1.271e-01
-1.179e-01
-1.085e-01
-9.881e-02
-9.808e-02
-2.258e-01
-2.261e-01
-2.188e-01
-2.121e-01
-2.051e-01
-1.978e-01
-1.903e-01
-1.825e-01
-1.744e-01
-1.661e-01
-1.576e-01
-1.489e-01
-1.402e-01
-1.313e-01
-1.223e-01
-1.132e-01
-1.039e-01
-9.450e-02
-8.498e-02
-7.530e-02
-7.456e-02
-2.094e-01
-2.093e-01
-2.013e-01
-1.938e-01
-1.860e-01
-1.780e-01
-1.697e-01
-1.612e-01
-1.526e-01
-1.439e-01
-1.350e-01
-1.261e-01
-1.171e-01
-1.080e-01
-9.883e-02
-8.961e-02
-8.031e-02
-7.091e-02
-6.141e-02
-5.174e-02
-5.102e-02
-1.906e-01
-1.902e-01
-1.818e-01
-1.735e-01
-1.650e-01
-1.564e-01
-1.476e-01
-1.387e-01
-1.298e-01
-1.208e-01
-1.117e-01
-1.026e-01
-9.341e-02
-8.424e-02
-7.505e-02
-6.585e-02
-5.662e-02
-4.728e-02
-3.781e-02
-2.819e-02
-2.750e-02
-1.700e-01
-1.694e-01
-1.604e-01
-1.516e-01
-1.427e-01
-1.336e-01
-1.246e-01
-1.154e-01
-1.062e-01
-9.698e-02
-8.777e-02
-7.856e-02
-6.937e-02
-6.023e-02
-5.108e-02
-4.195e-02
-3.283e-02
-2.366e-02
-1.436e-02
-4.888e-03
-4.258e-03
-1.478e-01
-1.471e-01
-1.379e-01
-1.287e-01
-1.195e-01
-1.101e-01
-1.008e-01
-9.143e-02
-8.210e-02
-7.279e-02
-6.353e-02
-5.430e-02
-4.509e-02
-3.597e-02
-2.692e-02
-1.795e-02
-9.087e-03
-2.078e-04
8.822e-03
1.788e-02
1.834e-02
-1.247e-01
-1.239e-01
-1.144e-01
-1.049e-01
-9.546e-02
-8.598e-02
-7.651e-02
-6.709e-02
-5.771e-02
-4.832e-02
-3.901e-02
-2.979e-02
-2.061e-02
-1.155e-02
-2.624e-03
6.142e-03
1.455e-02
2.301e-02
3.193e-02
3.977e-02
3.988e-02
-1.007e-01
-9.999e-02
-9.031e-02
-8.068e-02
-7.108e-02
-6.152e-02
-5.198e-02
-4.246e-02
-3.302e-02
-2.362e-02
-1.430e-02
-5.092e-03
4.004e-03
1.299e-02
2.186e-02
3.071e-02
3.825e-02
4.615e-02
5.799e-02
5.983e-02
5.958e-02
-7.626e-02
-7.552e-02
-6.577e-02
-5.610e-02
-4.640e-02
-3.676e-02
-2.718e-02
-1.763e-02
-8.155e-03
1.217e-03
1.052e-02
1.969e-02
2.873e-02
3.765e-02
4.667e-02
5.854e-02
6.020e-02
6.154e-02
6.299e-02
6.449e-02
6.384e-02
-6.813e-02
-6.489e-02
-5.512e-02
-4.537e-02
-3.565e-02
-2.600e-02
-1.638e-02
-6.834e-03
2.621e-03
1.200e-02
2.129e-02
3.044e-02
3.944e-02
4.818e-02
5.625e-02
6.098e-02
6.227e-02
6.366e-02
6.507e-02
6.667e-02
6.794e-02
-2.635e-01
-2.622e-01
-2.621e-01
-2.625e-01
-2.628e-01
-2.632e-01
-2.638e-01
-2.643e-01
-2.648e-01
-2.651e-01
-2.652e-01
-2.650e-01
-2.645e-01
-2.637e-01
-2.627e-01
-2.612e-01
-2.594e-01
-2.573e-01
-2.552e-01
-2.510e-01
-2.511e-01
-2.613e-01
-2.598e-01
-2.594e-01
-2.603e-01
-2.612e-01
-2.618e-01
-2.624e-01
-2.627e-01
-2.629e-01
-2.628e-01
-2.625e-01
-2.620e-01
-2.612e-01
-2.602e-01
-2.590e-01
-2.576e-01
-2.557e-01
-2.537e-01
-2.514e-01
-2.476e-01
-2.488e-01
-2.616e-01
-2.607e-01
-2.600e-01
-2.610e-01
-2.614e-01
-2.615e-01
-2.615e-01
-2.613e-01
-2.608e-01
-2.601e-01
-2.591e-01
-2.579e-01
-2.565e-01
-2.549e-01
-2.529e-01
-2.507e-01
-2.482e-01
-2.453e-01
-2.421e-01
-2.375e-01
-2.383e-01
-2.628e-01
-2.626e-01
-2.615e-01
-2.620e-01
-2.618e-01
-2.613e-01
-2.607e-01
-2.598e-01
-2.587e-01
-2.574e-01
-2.558e-01
-2.539e-01
-2.519e-01
-2.495e-01
-2.468e-01
-2.438e-01
-2.403e-01
-2.366e-01
-2.324e-01
-2.271e-01
-2.280e-01
-2.637e-01
-2.630e-01
-2.612e-01
-2.610e-01
-2.602e-01
-2.591e-01
-2.579e-01
-2.564e-01
-2.546e-01
-2.527e-01
-2.505e-01
-2.480e-01
-2.451e-01
-2.420e-01
-2.384e-01
-2.345e-01
-2.302e-01
-2.255e-01
-2.203e-01
-2.140e-01
-2.147e-01
-2.630e-01
-2.618e-01
-2.593e-01
-2.586e-01
-2.570e-01
-2.555e-01
-2.536e-01
-2.514e-01
-2.491e-01
-2.464e-01
-2.434e-01
-2.401e-01
-2.364e-01
-2.323e-01
-2.278e-01
-2.229e-01
-2.176e-01
-2.117e-01
-2.055e-01
-1.984e-01
-1.988e-01
-2.603e-01
-2.591e-01
-2.561e-01
-2.546e-01
-2.525e-01
-2.502e-01
-2.477e-01
-2.448e-01
-2.416e-01
-2.381e-01
-2.342e-01
-2.300e-01
-2.253e-01
-2.202e-01
-2.148e-01
-2.088e-01
-2.024e-01
-1.956e-01
-1.883e-01
-1.804e-01
-1.804e-01
-2.557e-01
-2.549e-01
-2.512e-01
-2.489e-01
-2.462e-01
-2.431e-01
-2.397e-01
-2.360e-01
-2.319e-01
-2.275e-01
-2.226e-01
-2.173e-01
-2.116e-01
-2.055e-01
-1.990e-01
-1.921e-01
-1.848e-01
-1.771e-01
-1.690e-01
-1.604e-01
-1.601e-01
-2.491e-01
-2.490e-01
-2.446e-01
-2.414e-01
-2.378e-01
-2.338e-01
-2.295e-01
-2.248e-01
-2.197e-01
-2.143e-01
-2.084e-01
-2.021e-01
-1.954e-01
-1.884e-01
-1.809e-01
-1.732e-01
-1.651e-01
-1.567e-01
-1.481e-01
-1.390e-01
-1.385e-01
-2.406e-01
-2.410e-01
-2.358e-01
-2.316e-01
-2.271e-01
-2.221e-01
-2.168e-01
-2.111e-01
-2.050e-01
-1.985e-01
-1.916e-01
-1.844e-01
-1.769e-01
-1.690e-01
-1.609e-01
-1.525e-01
-1.439e-01
-1.349e-01
-1.258e-01
-1.163e-01
-1.157e-01
-2.300e-01
-2.306e-01
-2.246e-01
-2.194e-01
-2.138e-01
-2.078e-01
-2.014e-01
-1.947e-01
-1.877e-01
-1.803e-01
-1.726e-01
-1.647e-01
-1.565e-01
-1.481e-01
-1.393e-01
-1.304e-01
-1.214e-01
-1.121e-01
-1.027e-01
-9.309e-02
-9.237e-02
-2.170e-01
-2.176e-01
-2.107e-01
-2.045e-01
-1.979e-01
-1.909e-01
-1.836e-01
-1.760e-01
-1.682e-01
-1.601e-01
-1.518e-01
-1.433e-01
-1.345e-01
-1.256e-01
-1.166e-01
-1.075e-01
-9.816e-02
-8.877e-02
-7.915e-02
-6.939e-02
-6.864e-02
-2.016e-01
-2.019e-01
-1.943e-01
-1.870e-01
-1.795e-01
-1.717e-01
-1.637e-01
-1.555e-01
-1.470e-01
-1.384e-01
-1.295e-01
-1.206e-01
-1.116e-01
-1.024e-01
-9.324e-02
-8.394e-02
-7.449e-02
-6.496e-02
-5.533e-02
-4.557e-02
-4.481e-02
-1.838e-01
-1.838e-01
-1.755e-01
-1.675e-01
-1.592e-01
-1.508e-01
-1.422e-01
-1.333e-01
-1.244e-01
-1.154e-01
-1.063e-01
-9.718e-02
-8.801e-02
-7.870e-02
-6.937e-02
-6.002e-02
-5.061e-02
-4.112e-02
-3.155e-02
-2.183e-02
-2.110e-02
-1.639e-01
-1.636e-01
-1.548e-01
-1.462e-01
-1.373e-01
-1.284e-01
-1.193e-01
-1.102e-01
-1.010e-01
-9.177e-02
-8.250e-02
-7.318e-02
-6.388e-02
-5.458e-02
-4.530e-02
-3.602e-02
-2.673e-02
-1.734e-02
-7.842e-03
1.795e-03
2.490e-03
-1.424e-01
-1.419e-01
-1.326e-01
-1.235e-01
-1.143e-01
-1.050e-01
-9.566e-02
-8.634e-02
-7.692e-02
-6.753e-02
-5.818e-02
-4.886e-02
-3.958e-02
-3.036e-02
-2.116e-02
-1.199e-02
-2.851e-03
6.329e-03
1.563e-02
2.511e-02
2.574e-02
-1.194e-01
-1.188e-01
-1.093e-01
-9.989e-02
-9.046e-02
-8.093e-02
-7.141e-02
-6.192e-02
-5.246e-02
-4.304e-02
-3.370e-02
-2.440e-02
-1.515e-02
-5.993e-03
3.066e-03
1.204e-02
2.091e-02
2.979e-02
3.882e-02
4.788e-02
4.834e-02
-9.573e-02
-9.501e-02
-8.536e-02
-7.567e-02
-6.602e-02
-5.640e-02
-4.682e-02
-3.729e-02
-2.784e-02
-1.840e-02
-9.047e-03
1.975e-04
9.380e-03
1.844e-02
2.737e-02
3.614e-02
4.455e-02
5.301e-02
6.190e-02
6.977e-02
6.988e-02
-7.137e-02
-7.061e-02
-6.080e-02
-5.105e-02
-4.133e-02
-3.169e-02
-2.208e-02
-1.251e-02
-3.035e-03
6.366e-03
1.569e-02
2.490e-02
3.400e-02
4.298e-02
5.186e-02
6.069e-02
6.819e-02
7.601e-02
8.721e-02
8.971e-02
8.940e-02
-4.663e-02
-4.586e-02
-3.602e-02
-2.626e-02
-1.649e-02
-6.806e-03
2.801e-03
1.236e-02
2.184e-02
3.121e-02
4.051e-02
4.969e-02
5.873e-02
6.765e-02
7.665e-02
8.796e-02
9.013e-02
9.186e-02
9.373e-02
9.567e-02
9.493e-02
-3.839e-02
-3.511e-02
-2.528e-02
-1.546e-02
-5.697e-03
3.979e-03
1.360e-02
2.316e-02
3.262e-02
4.200e-02
5.128e-02
6.044e-02
6.943e-02
7.817e-02
8.626e-02
9.133e-02
9.300e-02
9.465e-02
9.633e-02
9.828e-02
9.989e-02
-2.496e-01
-2.483e-01
-2.481e-01
-2.484e-01
-2.488e-01
-2.493e-01
-2.499e-01
-2.506e-01
-2.512e-01
-2.517e-01
-2.519e-01
-2.517e-01
-2.512e-01
-2.503e-01
-2.490e-01
-2.473e-01
-2.451e-01
-2.425e-01
-2.397e-01
-2.351e-01
-2.351e-01
-2.472e-01
-2.459e-01
-2.456e-01
-2.466e-01
-2.477e-01
-2.486e-01
-2.494e-01
-2.499e-01
-2.502e-01
-2.501e-01
-2.499e-01
-2.492e-01
-2.482e-01
-2.469e-01
-2.454e-01
-2.435e-01
-2.411e-01
-2.385e-01
-2.355e-01
-2.311e-01
-2.325e-01
-2.475e-01
-2.471e-01
-2.464e-01
-2.476e-01
-2.483e-01
-2.485e-01
-2.487e-01
-2.485e-01
-2.479e-01
-2.471e-01
-2.459e-01
-2.444e-01
-2.426e-01
-2.405e-01
-2.381e-01
-2.352e-01
-2.321e-01
-2.285e-01
-2.246e-01
-2.194e-01
-2.203e-01
-2.490e-01
-2.496e-01
-2.485e-01
-2.491e-01
-2.490e-01
-2.485e-01
-2.478e-01
-2.467e-01
-2.453e-01
-2.436e-01
-2.416e-01
-2.393e-01
-2.367e-01
-2.337e-01
-2.304e-01
-2.266e-01
-2.224e-01
-2.178e-01
-2.129e-01
-2.069e-01
-2.078e-01
-2.503e-01
-2.504e-01
-2.484e-01
-2.481e-01
-2.472e-01
-2.458e-01
-2.443e-01
-2.425e-01
-2.403e-01
-2.378e-01
-2.350e-01
-2.318e-01
-2.283e-01
-2.245e-01
-2.201e-01
-2.154e-01
-2.102e-01
-2.047e-01
-1.987e-01
-1.918e-01
-1.925e-01
-2.496e-01
-2.490e-01
-2.462e-01
-2.451e-01
-2.433e-01
-2.413e-01
-2.389e-01
-2.362e-01
-2.333e-01
-2.300e-01
-2.263e-01
-2.221e-01
-2.177e-01
-2.128e-01
-2.075e-01
-2.017e-01
-1.956e-01
-1.890e-01
-1.820e-01
-1.743e-01
-1.747e-01
-2.465e-01
-2.456e-01
-2.422e-01
-2.402e-01
-2.376e-01
-2.347e-01
-2.315e-01
-2.279e-01
-2.240e-01
-2.197e-01
-2.151e-01
-2.100e-01
-2.045e-01
-1.986e-01
-1.924e-01
-1.856e-01
-1.785e-01
-1.710e-01
-1.631e-01
-1.547e-01
-1.547e-01
-2.408e-01
-2.402e-01
-2.360e-01
-2.331e-01
-2.297e-01
-2.259e-01
-2.217e-01
-2.172e-01
-2.123e-01
-2.071e-01
-2.014e-01
-1.953e-01
-1.889e-01
-1.820e-01
-1.748e-01
-1.672e-01
-1.592e-01
-1.509e-01
-1.424e-01
-1.334e-01
-1.331e-01
-2.328e-01
-2.328e-01
-2.278e-01
-2.238e-01
-2.194e-01
-2.146e-01
-2.095e-01
-2.040e-01
-1.981e-01
-1.919e-01
-1.853e-01
-1.782e-01
-1.708e-01
-1.631e-01
-1.551e-01
-1.468e-01
-1.382e-01
-1.294e-01
-1.203e-01
-1.110e-01
-1.104e-01
-2.224e-01
-2.229e-01
-2.171e-01
-2.120e-01
-2.067e-01
-2.009e-01
-1.948e-01
-1.883e-01
-1.814e-01
-1.742e-01
-1.667e-01
-1.589e-01
-1.508e-01
-1.424e-01
-1.338e-01
-1.249e-01
-1.159e-01
-1.066e-01
-9.717e-02
-8.755e-02
-8.687e-02
-2.098e-01
-2.105e-01
-2.038e-01
-1.978e-01
-1.914e-01
-1.846e-01
-1.775e-01
-1.701e-01
-1.624e-01
-1.544e-01
-1.462e-01
-1.378e-01
-1.291e-01
-1.203e-01
-1.112e-01
-1.020e-01
-9.263e-02
-8.313e-02
-7.349e-02
-6.374e-02
-6.298e-02
-1.948e-01
-1.955e-01
-1.880e-01
-1.810e-01
-1.736e-01
-1.660e-01
-1.581e-01
-1.499e-01
-1.416e-01
-1.330e-01
-1.243e-01
-1.154e-01
-1.063e-01
-9.706e-02
-8.776e-02
-7.836e-02
-6.886e-02
-5.930e-02
-4.954e-02
-3.968e-02
-3.890e-02
-1.776e-01
-1.779e-01
-1.697e-01
-1.618e-01
-1.537e-01
-1.454e-01
-1.368e-01
-1.281e-01
-1.193e-01
-1.103e-01
-1.011e-01
-9.190e-02
-8.261e-02
-7.325e-02
-6.385e-02
-5.439e-02
-4.481e-02
-3.518e-02
-2.546e-02
-1.565e-02
-1.488e-02
-1.582e-01
-1.581e-01
-1.494e-01
-1.409e-01
-1.321e-01
-1.233e-01
-1.143e-01
-1.051e-01
-9.586e-02
-8.658e-02
-7.724e-02
-6.789e-02
-5.854e-02
-4.908e-02
-3.963e-02
-3.018e-02
-2.071e-02
-1.117e-02
-1.567e-03
8.158e-03
8.892e-03
-1.370e-01
-1.367e-01
-1.275e-01
-1.185e-01
-1.093e-01
-9.996e-02
-9.061e-02
-8.122e-02
-7.179e-02
-6.239e-02
-5.295e-02
-4.350e-02
-3.409e-02
-2.471e-02
-1.537e-02
-6.049e-03
3.259e-03
1.265e-02
2.215e-02
3.179e-02
3.249e-02
-1.145e-01
-1.139e-01
-1.044e-01
-9.493e-02
-8.543e-02
-7.590e-02
-6.638e-02
-5.688e-02
-4.731e-02
-3.780e-02
-2.835e-02
-1.895e-02
-9.623e-03
-3.795e-04
8.831e-03
1.800e-02
2.714e-02
3.632e-02
4.563e-02
5.510e-02
5.573e-02
-9.076e-02
-9.009e-02
-8.038e-02
-7.071e-02
-6.108e-02
-5.139e-02
-4.173e-02
-3.213e-02
-2.258e-02
-1.311e-02
-3.721e-03
5.584e-03
1.484e-02
2.400e-02
3.306e-02
4.204e-02
5.090e-02
5.979e-02
6.881e-02
7.788e-02
7.834e-02
-6.647e-02
-6.570e-02
-5.590e-02
-4.606e-02
-3.628e-02
-2.656e-02
-1.691e-02
-7.335e-03
2.143e-03
1.159e-02
2.094e-02
3.019e-02
3.938e-02
4.844e-02
5.737e-02
6.613e-02
7.455e-02
8.300e-02
9.187e-02
9.976e-02
9.989e-02
-4.171e-02
-4.091e-02
-3.101e-02
-2.117e-02
-1.139e-02
-1.712e-03
7.907e-03
1.748e-02
2.696e-02
3.636e-02
4.569e-02
5.490e-02
6.400e-02
7.298e-02
8.186e-02
9.066e-02
9.814e-02
1.059e-01
1.165e-01
1.196e-01
1.193e-01
-1.675e-02
-1.596e-02
-6.076e-03
3.722e-03
1.349e-02
2.318e-02
3.279e-02
4.236e-02
5.183e-02
6.121e-02
7.051e-02
7.969e-02
8.873e-02
9.764e-02
1.066e-01
1.175e-01
1.201e-01
1.222e-01
1.244e-01
1.268e-01
1.260e-01
-8.449e-03
-5.154e-03
4.705e-03
1.453e-02
2.429e-02
3.397e-02
4.360e-02
5.315e-02
6.261e-02
7.199e-02
8.128e-02
9.044e-02
9.943e-02
1.082e-01
1.163e-01
1.216e-01
1.237e-01
1.256e-01
1.275e-01
1.298e-01
1.317e-01
-2.276e-01
-2.261e-01
-2.258e-01
-2.259e-01
-2.264e-01
-2.270e-01
-2.279e-01
-2.289e-01
-2.299e-01
-2.307e-01
-2.312e-01
-2.310e-01
-2.303e-01
-2.290e-01
-2.269e-01
-2.242e-01
-2.206e-01
-2.165e-01
-2.118e-01
-2.056e-01
-2.050e-01
-2.248e-01
-2.238e-01
-2.234e-01
-2.250e-01
-2.266e-01
-2.283e-01
-2.298e-01
-2.310e-01
-2.318e-01
-2.319e-01
-2.315e-01
-2.305e-01
-2.287e-01
-2.264e-01
-2.235e-01
-2.200e-01
-2.159e-01
-2.113e-01
-2.061e-01
-1.998e-01
-2.007e-01
-2.248e-01
-2.255e-01
-2.251e-01
-2.269e-01
-2.282e-01
-2.292e-01
-2.297e-01
-2.297e-01
-2.290e-01
-2.278e-01
-2.258e-01
-2.233e-01
-2.202e-01
-2.165e-01
-2.122e-01
-2.074e-01
-2.021e-01
-1.964e-01
-1.901e-01
-1.828e-01
-1.832e-01
-2.269e-01
-2.298e-01
-2.288e-01
-2.299e-01
-2.301e-01
-2.296e-01
-2.286e-01
-2.269e-01
-2.246e-01
-2.217e-01
-2.183e-01
-2.143e-01
-2.098e-01
-2.048e-01
-1.992e-01
-1.932e-01
-1.867e-01
-1.797e-01
-1.725e-01
-1.646e-01
-1.649e-01
-2.291e-01
-2.319e-01
-2.297e-01
-2.292e-01
-2.278e-01
-2.257e-01
-2.231e-01
-2.199e-01
-2.161e-01
-2.118e-01
-2.071e-01
-2.018e-01
-1.961e-01
-1.899e-01
-1.832e-01
-1.761e-01
-1.687e-01
-1.610e-01
-1.529e-01
-1.444e-01
-1.444e-01
-2.285e-01
-2.302e-01
-2.266e-01
-2.244e-01
-2.214e-01
-2.180e-01
-2.139e-01
-2.093e-01
-2.043e-01
-1.988e-01
-1.928e-01
-1.864e-01
-1.795e-01
-1.723e-01
-1.649e-01
-1.570e-01
-1.489e-01
-1.405e-01
-1.318e-01
-1.228e-01
-1.225e-01
-2.239e-01
-2.244e-01
-2.197e-01
-2.159e-01
-2.116e-01
-2.067e-01
-2.014e-01
-1.956e-01
-1.894e-01
-1.827e-01
-1.758e-01
-1.684e-01
-1.608e-01
-1.529e-01
-1.447e-01
-1.362e-01
-1.275e-01
-1.185e-01
-1.094e-01
-9.996e-02
-9.944e-02
-2.149e-01
-2.150e-01
-2.091e-01
-2.040e-01
-1.984e-01
-1.924e-01
-1.859e-01
-1.791e-01
-1.719e-01
-1.644e-01
-1.566e-01
-1.486e-01
-1.403e-01
-1.318e-01
-1.230e-01
-1.140e-01
-1.049e-01
-9.554e-02
-8.606e-02
-7.640e-02
-7.568e-02
-2.021e-01
-2.022e-01
-1.954e-01
-1.892e-01
-1.823e-01
-1.753e-01
-1.679e-01
-1.603e-01
-1.524e-01
-1.442e-01
-1.358e-01
-1.272e-01
-1.184e-01
-1.094e-01
-1.002e-01
-9.091e-02
-8.147e-02
-7.188e-02
-6.221e-02
-5.240e-02
-5.162e-02
-1.863e-01
-1.866e-01
-1.789e-01
-1.715e-01
-1.640e-01
-1.561e-01
-1.480e-01
-1.397e-01
-1.312e-01
-1.225e-01
-1.136e-01
-1.045e-01
-9.535e-02
-8.606e-02
-7.665e-02
-6.714e-02
-5.759e-02
-4.781e-02
-3.796e-02
-2.806e-02
-2.726e-02
-1.681e-01
-1.684e-01
-1.600e-01
-1.520e-01
-1.437e-01
-1.352e-01
-1.265e-01
-1.177e-01
-1.087e-01
-9.957e-02
-9.035e-02
-8.104e-02
-7.162e-02
-6.218e-02
-5.263e-02
-4.296e-02
-3.326e-02
-2.351e-02
-1.369e-02
-3.825e-03
-3.037e-03
-1.482e-01
-1.482e-01
-1.394e-01
-1.307e-01
-1.219e-01
-1.129e-01
-1.038e-01
-9.455e-02
-8.525e-02
-7.587e-02
-6.645e-02
-5.703e-02
-4.744e-02
-3.785e-02
-2.825e-02
-1.864e-02
-8.995e-03
6.598e-04
1.043e-02
2.029e-02
2.107e-02
-1.268e-01
-1.265e-01
-1.173e-01
-1.081e-01
-9.886e-02
-8.952e-02
-8.012e-02
-7.065e-02
-6.121e-02
-5.166e-02
-4.208e-02
-3.253e-02
-2.298e-02
-1.345e-02
-3.934e-03
5.576e-03
1.516e-02
2.480e-02
3.451e-02
4.432e-02
4.509e-02
-1.041e-01
-1.036e-01
-9.405e-02
-8.457e-02
-7.502e-02
-6.547e-02
-5.594e-02
-4.627e-02
-3.664e-02
-2.706e-02
-1.751e-02
-8.015e-03
1.420e-03
1.088e-02
2.034e-02
2.979e-02
3.927e-02
4.881e-02
5.842e-02
6.815e-02
6.888e-02
-8.048e-02
-7.978e-02
-7.005e-02
-6.043e-02
-5.067e-02
-4.092e-02
-3.123e-02
-2.158e-02
-1.198e-02
-2.461e-03
7.011e-03
1.647e-02
2.588e-02
3.526e-02
4.461e-02
5.393e-02
6.325e-02
7.264e-02
8.214e-02
9.178e-02
9.248e-02
-5.627e-02
-5.547e-02
-4.555e-02
-3.570e-02
-2.591e-02
-1.617e-02
-6.500e-03
3.079e-03
1.265e-02
2.217e-02
3.162e-02
4.102e-02
5.035e-02
5.961e-02
6.882e-02
7.799e-02
8.713e-02
9.632e-02
1.056e-01
1.151e-01
1.157e-01
-3.144e-02
-3.065e-02
-2.074e-02
-1.089e-02
-1.141e-03
8.566e-03
1.824e-02
2.784e-02
3.739e-02
4.687e-02
5.626e-02
6.557e-02
7.483e-02
8.399e-02
9.305e-02
1.020e-01
1.109e-01
1.198e-01
1.288e-01
1.379e-01
1.383e-01
-6.597e-03
-5.801e-03
4.057e-03
1.390e-02
2.369e-02
3.341e-02
4.306e-02
5.264e-02
6.213e-02
7.157e-02
8.093e-02
9.018e-02
9.936e-02
1.084e-01
1.174e-01
1.261e-01
1.345e-01
1.430e-01
1.518e-01
1.598e-01
1.599e-01
1.825e-02
1.906e-02
2.896e-02
3.880e-02
4.858e-02
5.827e-02
6.789e-02
7.746e-02
8.694e-02
9.635e-02
1.057e-01
1.149e-01
1.240e-01
1.330e-01
1.418e-01
1.506e-01
1.580e-01
1.657e-01
1.754e-01
1.795e-01
1.791e-01
4.320e-02
4.401e-02
5.390e-02
6.371e-02
7.348e-02
8.317e-02
9.278e-02
1.023e-01
1.118e-01
1.212e-01
1.305e-01
1.397e-01
1.487e-01
1.576e-01
1.666e-01
1.766e-01
1.800e-01
1.828e-01
1.857e-01
1.889e-01
1.880e-01
5.152e-02
5.482e-02
6.469e-02
7.451e-02
8.428e-02
9.396e-02
1.036e-01
1.131e-01
1.226e-01
1.320e-01
1.413e-01
1.504e-01
1.594e-01
1.682e-01
1.763e-01
1.822e-01
1.849e-01
1.873e-01
1.898e-01
1.927e-01
1.951e-01
-2.122e-01
-2.102e-01
-2.094e-01
-2.092e-01
-2.095e-01
-2.102e-01
-2.114e-01
-2.128e-01
-2.142e-01
-2.154e-01
-2.159e-01
-2.154e-01
-2.140e-01
-2.115e-01
-2.077e-01
-2.028e-01
-1.968e-01
-1.899e-01
-1.821e-01
-1.736e-01
-1.712e-01
-2.084e-01
-2.069e-01
-2.061e-01
-2.081e-01
-2.105e-01
-2.132e-01
-2.157e-01
-2.178e-01
-2.193e-01
-2.196e-01
-2.188e-01
-2.168e-01
-2.136e-01
-2.091e-01
-2.036e-01
-1.971e-01
-1.898e-01
-1.818e-01
-1.732e-01
-1.640e-01
-1.635e-01
-2.075e-01
-2.087e-01
-2.083e-01
-2.108e-01
-2.133e-01
-2.152e-01
-2.164e-01
-2.166e-01
-2.156e-01
-2.133e-01
-2.098e-01
-2.051e-01
-1.995e-01
-1.928e-01
-1.854e-01
-1.772e-01
-1.685e-01
-1.594e-01
-1.500e-01
-1.401e-01
-1.393e-01
-2.100e-01
-2.150e-01
-2.144e-01
-2.159e-01
-2.166e-01
-2.161e-01
-2.144e-01
-2.115e-01
-2.074e-01
-2.022e-01
-1.960e-01
-1.890e-01
-1.812e-01
-1.728e-01
-1.638e-01
-1.546e-01
-1.451e-01
-1.352e-01
-1.253e-01
-1.154e-01
-1.146e-01
-2.129e-01
-2.189e-01
-2.165e-01
-2.154e-01
-2.130e-01
-2.094e-01
-2.047e-01
-1.990e-01
-1.923e-01
-1.849e-01
-1.768e-01
-1.681e-01
-1.591e-01
-1.498e-01
-1.401e-01
-1.302e-01
-1.204e-01
-1.105e-01
-1.006e-01
-9.062e-02
-8.982e-02
-2.115e-01
-2.161e-01
-2.114e-01
-2.071e-01
-2.018e-01
-1.956e-01
-1.885e-01
-1.807e-01
-1.723e-01
-1.634e-01
-1.542e-01
-1.447e-01
-1.350e-01
-1.252e-01
-1.154e-01
-1.056e-01
-9.569e-02
-8.580e-02
-7.587e-02
-6.591e-02
-6.510e-02
-2.034e-01
-2.056e-01
-1.988e-01
-1.920e-01
-1.845e-01
-1.763e-01
-1.676e-01
-1.586e-01
-1.493e-01
-1.396e-01
-1.298e-01
-1.201e-01
-1.103e-01
-1.005e-01
-9.071e-02
-8.088e-02
-7.103e-02
-6.114e-02
-5.121e-02
-4.125e-02
-4.044e-02
-1.884e-01
-1.888e-01
-1.804e-01
-1.719e-01
-1.629e-01
-1.537e-01
-1.442e-01
-1.344e-01
-1.247e-01
-1.149e-01
-1.052e-01
-9.540e-02
-8.563e-02
-7.585e-02
-6.606e-02
-5.625e-02
-4.641e-02
-3.655e-02
-2.667e-02
-1.675e-02
-1.593e-02
-1.682e-01
-1.677e-01
-1.583e-01
-1.490e-01
-1.391e-01
-1.293e-01
-1.195e-01
-1.097e-01
-9.997e-02
-9.021e-02
-8.046e-02
-7.071e-02
-6.097e-02
-5.122e-02
-4.146e-02
-3.170e-02
-2.193e-02
-1.211e-02
-2.302e-03
7.552e-03
8.346e-03
-1.449e-01
-1.441e-01
-1.342e-01
-1.243e-01
-1.144e-01
-1.046e-01
-9.480e-02
-8.501e-02
-7.525e-02
-6.550e-02
-5.577e-02
-4.606e-02
-3.635e-02
-2.667e-02
-1.698e-02
-7.294e-03
2.359e-03
1.215e-02
2.200e-02
3.191e-02
3.271e-02
-1.202e-01
-1.194e-01
-1.095e-01
-9.956e-02
-8.968e-02
-7.985e-02
-7.004e-02
-6.026e-02
-5.052e-02
-4.081e-02
-3.114e-02
-2.149e-02
-1.185e-02
-2.271e-03
7.324e-03
1.700e-02
2.670e-02
3.646e-02
4.628e-02
5.615e-02
5.694e-02
-9.543e-02
-9.463e-02
-8.468e-02
-7.477e-02
-6.489e-02
-5.506e-02
-4.527e-02
-3.553e-02
-2.585e-02
-1.619e-02
-6.598e-03
2.918e-03
1.252e-02
2.211e-02
3.171e-02
4.133e-02
5.098e-02
6.065e-02
7.042e-02
8.028e-02
8.106e-02
-7.060e-02
-6.981e-02
-5.986e-02
-4.995e-02
-4.009e-02
-3.030e-02
-2.056e-02
-1.087e-02
-1.289e-03
8.289e-03
1.788e-02
2.744e-02
3.699e-02
4.652e-02
5.604e-02
6.556e-02
7.514e-02
8.478e-02
9.449e-02
1.043e-01
1.051e-01
-4.575e-02
-4.497e-02
-3.503e-02
-2.516e-02
-1.534e-02
-5.613e-03
4.013e-03
1.369e-02
2.332e-02
3.291e-02
4.246e-02
5.196e-02
6.141e-02
7.087e-02
8.032e-02
8.977e-02
9.925e-02
1.088e-01
1.184e-01
1.281e-01
1.289e-01
-2.099e-02
-2.017e-02
-1.027e-02
-4.982e-04
9.279e-03
1.903e-02
2.873e-02
3.839e-02
4.799e-02
5.752e-02
6.700e-02
7.646e-02
8.587e-02
9.525e-02
1.046e-01
1.139e-01
1.232e-01
1.326e-01
1.421e-01
1.518e-01
1.525e-01
3.672e-03
4.482e-03
1.440e-02
2.426e-02
3.406e-02
4.380e-02
5.347e-02
6.307e-02
7.264e-02
8.215e-02
9.161e-02
1.010e-01
1.103e-01
1.196e-01
1.288e-01
1.380e-01
1.471e-01
1.563e-01
1.656e-01
1.751e-01
1.757e-01
2.851e-02
2.932e-02
3.923e-02
4.908e-02
5.884e-02
6.855e-02
7.822e-02
8.782e-02
9.737e-02
1.068e-01
1.162e-01
1.256e-01
1.348e-01
1.440e-01
1.530e-01
1.620e-01
1.709e-01
1.798e-01
1.888e-01
1.979e-01
1.984e-01
5.337e-02
5.417e-02
6.404e-02
7.389e-02
8.367e-02
9.339e-02
1.030e-01
1.126e-01
1.221e-01
1.316e-01
1.409e-01
1.502e-01
1.594e-01
1.684e-01
1.774e-01
1.861e-01
1.945e-01
2.030e-01
2.117e-01
2.198e-01
2.199e-01
7.823e-02
7.904e-02
8.894e-02
9.878e-02
1.086e-01
1.183e-01
1.279e-01
1.374e-01
1.469e-01
1.563e-01
1.657e-01
1.749e-01
1.840e-01
1.930e-01
2.018e-01
2.105e-01
2.180e-01
2.255e-01
2.346e-01
2.395e-01
2.391e-01
1.032e-01
1.040e-01
1.139e-01
1.237e-01
1.335e-01
1.432e-01
1.528e-01
1.623e-01
1.718e-01
1.812e-01
1.905e-01
1.997e-01
2.087e-01
2.176e-01
2.265e-01
2.360e-01
2.401e-01
2.434e-01
2.470e-01
2.507e-01
2.499e-01
1.115e-01
1.148e-01
1.247e-01
1.345e-01
1.443e-01
1.539e-01
1.636e-01
1.731e-01
1.826e-01
1.920e-01
2.013e-01
2.104e-01
2.194e-01
2.282e-01
2.363e-01
2.426e-01
2.459e-01
2.488e-01
2.518e-01
2.553e-01
2.582e-01
-1.911e-01
-1.906e-01
-1.848e-01
-1.782e-01
-1.706e-01
-1.623e-01
-1.535e-01
-1.441e-01
-1.343e-01
-1.245e-01
-1.147e-01
-1.048e-01
-9.497e-02
-8.509e-02
-7.519e-02
-6.528e-02
-5.535e-02
-4.540e-02
-3.544e-02
-2.546e-02
-2.221e-02
-1.844e-01
-1.858e-01
-1.781e-01
-1.701e-01
-1.614e-01
-1.525e-01
-1.431e-01
-1.333e-01
-1.236e-01
-1.137e-01
-1.039e-01
-9.404e-02
-8.418e-02
-7.430e-02
-6.441e-02
-5.451e-02
-4.459e-02
-3.468e-02
-2.477e-02
-1.481e-02
-1.401e-02
-1.661e-01
-1.658e-01
-1.567e-01
-1.475e-01
-1.378e-01
-1.280e-01
-1.182e-01
-1.084e-01
-9.859e-02
-8.876e-02
-7.892e-02
-6.907e-02
-5.921e-02
-4.934e-02
-3.946e-02
-2.960e-02
-1.975e-02
-9.897e-03
-1.257e-04
9.791e-03
1.060e-02
-1.434e-01
-1.426e-01
-1.327e-01
-1.229e-01
-1.130e-01
-1.032e-01
-9.332e-02
-8.349e-02
-7.365e-02
-6.381e-02
-5.397e-02
-4.413e-02
-3.432e-02
-2.452e-02
-1.469e-02
-4.910e-03
4.823e-03
1.469e-02
2.460e-02
3.455e-02
3.537e-02
-1.187e-01
-1.179e-01
-1.080e-01
-9.805e-02
-8.816e-02
-7.828e-02
-6.842e-02
-5.858e-02
-4.874e-02
-3.892e-02
-2.913e-02
-1.936e-02
-9.609e-03
3.208e-05
9.836e-03
1.967e-02
2.952e-02
3.941e-02
4.933e-02
5.928e-02
6.011e-02
-9.388e-02
-9.310e-02
-8.314e-02
-7.320e-02
-6.329e-02
-5.340e-02
-4.355e-02
-3.374e-02
-2.397e-02
-1.419e-02
-4.487e-03
5.161e-03
1.493e-02
2.471e-02
3.452e-02
4.436e-02
5.422e-02
6.410e-02
7.403e-02
8.398e-02
8.481e-02
-6.902e-02
-6.825e-02
-5.828e-02
-4.835e-02
-3.844e-02
-2.860e-02
-1.881e-02
-9.064e-03
5.528e-04
1.031e-02
2.007e-02
2.983e-02
3.961e-02
4.939e-02
5.919e-02
6.902e-02
7.887e-02
8.875e-02
9.866e-02
1.086e-01
1.094e-01
-4.417e-02
-4.342e-02
-3.348e-02
-2.360e-02
-1.374e-02
-3.985e-03
5.698e-03
1.547e-02
2.523e-02
3.500e-02
4.476e-02
5.451e-02
6.427e-02
7.405e-02
8.383e-02
9.363e-02
1.035e-01
1.133e-01
1.232e-01
1.331e-01
1.340e-01
-1.951e-02
-1.871e-02
-8.817e-03
9.146e-04
1.076e-02
2.059e-02
3.038e-02
4.017e-02
4.994e-02
5.969e-02
6.944e-02
7.918e-02
8.892e-02
9.866e-02
1.084e-01
1.182e-01
1.280e-01
1.378e-01
1.476e-01
1.575e-01
1.583e-01
4.965e-03
5.780e-03
1.572e-02
2.561e-02
3.547e-02
4.531e-02
5.511e-02
6.489e-02
7.465e-02
8.439e-02
9.411e-02
1.038e-01
1.135e-01
1.232e-01
1.329e-01
1.426e-01
1.523e-01
1.621e-01
1.720e-01
1.819e-01
1.827e-01
2.969e-02
3.051e-02
4.045e-02
5.035e-02
6.022e-02
7.005e-02
7.985e-02
8.962e-02
9.935e-02
1.091e-01
1.187e-01
1.284e-01
1.380e-01
1.477e-01
1.573e-01
1.670e-01
1.767e-01
1.864e-01
1.962e-01
2.061e-01
2.069e-01
5.446e-02
5.528e-02
6.523e-02
7.513e-02
8.499e-02
9.482e-02
1.046e-01
1.143e-01
1.240e-01
1.337e-01
1.433e-01
1.529e-01
1.625e-01
1.721e-01
1.817e-01
1.913e-01
2.009e-01
2.106e-01
2.204e-01
2.302e-01
2.310e-01
7.926e-02
8.008e-02
9.003e-02
9.993e-02
1.098e-01
1.196e-01
1.293e-01
1.390e-01
1.486e-01
1.582e-01
1.678e-01
1.774e-01
1.869e-01
1.965e-01
2.060e-01
2.155e-01
2.251e-01
2.347e-01
2.445e-01
2.543e-01
2.550e-01
1.041e-01
1.049e-01
1.148e-01
1.247e-01
1.345e-01
1.443e-01
1.540e-01
1.636e-01
1.733e-01
1.829e-01
1.924e-01
2.019e-01
2.114e-01
2.208e-01
2.303e-01
2.397e-01
2.492e-01
2.588e-01
2.684e-01
2.781e-01
2.789e-01
1.289e-01
1.297e-01
1.396e-01
1.494e-01
1.592e-01
1.690e-01
1.787e-01
1.883e-01
1.979e-01
2.075e-01
2.170e-01
2.264e-01
2.358e-01
2.452e-01
2.546e-01
2.639e-01
2.732e-01
2.826e-01
2.921e-01
3.018e-01
3.025e-01
1.536e-01
1.544e-01
1.644e-01
1.742e-01
1.840e-01
1.937e-01
2.034e-01
2.130e-01
2.226e-01
2.321e-01
2.416e-01
2.510e-01
2.603e-01
2.696e-01
2.788e-01
2.880e-01
2.971e-01
3.063e-01
3.156e-01
3.251e-01
3.257e-01
1.785e-01
1.793e-01
1.892e-01
1.990e-01
2.088e-01
2.185e-01
2.282e-01
2.378e-01
2.473e-01
2.568e-01
2.662e-01
2.755e-01
2.848e-01
2.940e-01
3.030e-01
3.120e-01
3.209e-01
3.298e-01
3.388e-01
3.479e-01
3.484e-01
2.033e-01
2.041e-01
2.140e-01
2.238e-01
2.336e-01
2.433e-01
2.530e-01
2.626e-01
2.721e-01
2.815e-01
2.909e-01
3.002e-01
3.093e-01
3.184e-01
3.273e-01
3.361e-01
3.445e-01
3.529e-01
3.616e-01
3.699e-01
3.701e-01
2.282e-01
2.290e-01
2.389e-01
2.487e-01
2.585e-01
2.682e-01
2.778e-01
2.874e-01
2.969e-01
3.063e-01
3.156e-01
3.249e-01
3.340e-01
3.429e-01
3.518e-01
3.603e-01
3.679e-01
3.754e-01
3.836e-01
3.899e-01
3.896e-01
2.531e-01
2.539e-01
2.638e-01
2.737e-01
2.834e-01
2.931e-01
3.027e-01
3.123e-01
3.218e-01
3.312e-01
3.405e-01
3.497e-01
3.587e-01
3.676e-01
3.764e-01
3.850e-01
3.903e-01
3.949e-01
3.996e-01
4.047e-01
4.039e-01
2.614e-01
2.648e-01
2.746e-01
2.845e-01
2.942e-01
3.039e-01
3.135e-01
3.231e-01
3.326e-01
3.420e-01
3.512e-01
3.604e-01
3.694e-01
3.782e-01
3.864e-01
3.933e-01
3.979e-01
4.019e-01
4.061e-01
4.108e-01
4.146e-01
-5.912e-02
-5.258e-02
-4.262e-02
-3.273e-02
-2.298e-02
-1.340e-02
-3.863e-03
5.729e-03
1.551e-02
2.533e-02
3.516e-02
4.501e-02
5.486e-02
6.473e-02
7.461e-02
8.451e-02
9.442e-02
1.043e-01
1.143e-01
1.243e-01
1.276e-01
-4.260e-02
-4.189e-02
-3.200e-02
-2.218e-02
-1.240e-02
-2.796e-03
6.788e-03
1.653e-02
2.633e-02
3.615e-02
4.599e-02
5.583e-02
6.569e-02
7.555e-02
8.543e-02
9.532e-02
1.052e-01
1.151e-01
1.251e-01
1.350e-01
1.358e-01
-1.798e-02
-1.717e-02
-7.358e-03
2.265e-03
1.208e-02
2.188e-02
3.166e-02
4.147e-02
5.128e-02
6.111e-02
7.095e-02
8.079e-02
9.063e-02
1.005e-01
1.104e-01
1.202e-01
1.301e-01
1.400e-01
1.498e-01
1.597e-01
1.606e-01
6.388e-03
7.205e-03
1.713e-02
2.701e-02
3.688e-02
4.672e-02
5.655e-02
6.638e-02
7.621e-02
8.603e-02
9.586e-02
1.057e-01
1.155e-01
1.253e-01
1.352e-01
1.450e-01
1.548e-01
1.647e-01
1.746e-01
1.845e-01
1.853e-01
3.114e-02
3.196e-02
4.191e-02
5.182e-02
6.171e-02
7.158e-02
8.143e-02
9.126e-02
1.011e-01
1.109e-01
1.207e-01
1.305e-01
1.403e-01
1.500e-01
1.598e-01
1.696e-01
1.795e-01
1.894e-01
1.993e-01
2.092e-01
2.101e-01
5.594e-02
5.677e-02
6.673e-02
7.665e-02
8.655e-02
9.643e-02
1.063e-01
1.161e-01
1.259e-01
1.357e-01
1.454e-01
1.551e-01
1.649e-01
1.747e-01
1.845e-01
1.943e-01
2.042e-01
2.141e-01
2.240e-01
2.339e-01
2.347e-01
8.077e-02
8.159e-02
9.155e-02
1.015e-01
1.114e-01
1.212e-01
1.310e-01
1.408e-01
1.505e-01
1.603e-01
1.700e-01
1.798e-01
1.896e-01
1.993e-01
2.091e-01
2.190e-01
2.288e-01
2.387e-01
2.486e-01
2.585e-01
2.594e-01
1.056e-01
1.064e-01
1.163e-01
1.262e-01
1.361e-01
1.459e-01
1.557e-01
1.654e-01
1.752e-01
1.850e-01
1.947e-01
2.045e-01
2.142e-01
2.240e-01
2.338e-01
2.436e-01
2.534e-01
2.633e-01
2.731e-01
2.831e-01
2.839e-01
1.303e-01
1.311e-01
1.411e-01
1.509e-01
1.607e-01
1.705e-01
1.803e-01
1.901e-01
1.999e-01
2.096e-01
2.194e-01
2.291e-01
2.389e-01
2.486e-01
2.583e-01
2.681e-01
2.779e-01
2.877e-01
2.976e-01
3.075e-01
3.083e-01
1.549e-01
1.557e-01
1.657e-01
1.756e-01
1.854e-01
1.953e-01
2.051e-01
2.148e-01
2.246e-01
2.343e-01
2.440e-01
2.538e-01
2.634e-01
2.731e-01
2.828e-01
2.926e-01
3.023e-01
3.121e-01
3.219e-01
3.318e-01
3.326e-01
1.796e-01
1.805e-01
1.904e-01
2.003e-01
2.102e-01
2.200e-01
2.298e-01
2.396e-01
2.493e-01
2.590e-01
2.687e-01
2.783e-01
2.880e-01
2.976e-01
3.072e-01
3.169e-01
3.266e-01
3.364e-01
3.462e-01
3.561e-01
3.569e-01
2.044e-01
2.052e-01
2.152e-01
2.251e-01
2.349e-01
2.448e-01
2.545e-01
2.643e-01
2.740e-01
2.836e-01
2.932e-01
3.028e-01
3.124e-01
3.220e-01
3.316e-01
3.412e-01
3.509e-01
3.606e-01
3.704e-01
3.802e-01
3.810e-01
2.292e-01
2.300e-01
2.400e-01
2.499e-01
2.597e-01
2.695e-01
2.792e-01
2.889e-01
2.986e-01
3.082e-01
3.178e-01
3.274e-01
3.369e-01
3.464e-01
3.560e-01
3.655e-01
3.751e-01
3.847e-01
3.944e-01
4.042e-01
4.050e-01
2.540e-01
2.548e-01
2.648e-01
2.746e-01
2.845e-01
2.942e-01
3.039e-01
3.136e-01
3.232e-01
3.328e-01
3.424e-01
3.519e-01
3.613e-01
3.708e-01
3.803e-01
3.897e-01
3.992e-01
4.087e-01
4.184e-01
4.281e-01
4.288e-01
2.788e-01
2.796e-01
2.895e-01
2.994e-01
3.092e-01
3.189e-01
3.286e-01
3.383e-01
3.479e-01
3.574e-01
3.669e-01
3.764e-01
3.858e-01
3.952e-01
4.045e-01
4.139e-01
4.232e-01
4.326e-01
4.421e-01
4.518e-01
4.525e-01
3.036e-01
3.044e-01
3.143e-01
3.242e-01
3.340e-01
3.437e-01
3.534e-01
3.630e-01
3.726e-01
3.821e-01
3.915e-01
4.009e-01
4.103e-01
4.195e-01
4.288e-01
4.379e-01
4.471e-01
4.563e-01
4.656e-01
4.751e-01
4.758e-01
3.284e-01
3.292e-01
3.391e-01
3.490e-01
3.588e-01
3.685e-01
3.781e-01
3.877e-01
3.973e-01
4.068e-01
4.162e-01
4.255e-01
4.348e-01
4.439e-01
4.530e-01
4.620e-01
4.709e-01
4.798e-01
4.888e-01
4.980e-01
4.985e-01
3.533e-01
3.541e-01
3.640e-01
3.738e-01
3.836e-01
3.933e-01
4.030e-01
4.125e-01
4.221e-01
4.315e-01
4.409e-01
4.501e-01
4.593e-01
4.684e-01
4.773e-01
4.861e-01
4.945e-01
5.030e-01
5.116e-01
5.201e-01
5.203e-01
3.782e-01
3.790e-01
3.889e-01
3.987e-01
4.085e-01
4.182e-01
4.278e-01
4.374e-01
4.469e-01
4.563e-01
4.656e-01
4.748e-01
4.839e-01
4.929e-01
5.017e-01
5.102e-01
5.179e-01
5.254e-01
5.333e-01
5.405e-01
5.403e-01
4.031e-01
4.039e-01
4.138e-01
4.236e-01
4.334e-01
4.431e-01
4.527e-01
4.623e-01
4.718e-01
4.812e-01
4.905e-01
4.996e-01
5.087e-01
5.176e-01
5.263e-01
5.345e-01
5.406e-01
5.461e-01
5.518e-01
5.580e-01
5.574e-01
4.114e-01
4.147e-01
4.246e-01
4.344e-01
4.442e-01
4.539e-01
4.635e-01
4.731e-01
4.825e-01
4.919e-01
5.012e-01
5.104e-01
5.194e-01
5.282e-01
5.365e-01
5.438e-01
5.493e-01
5.543e-01
5.595e-01
5.653e-01
5.697e-01
2.401e-01
2.467e-01
2.567e-01
2.666e-01
2.764e-01
2.862e-01
2.959e-01
3.056e-01
3.154e-01
3.252e-01
3.351e-01
3.449e-01
3.547e-01
3.646e-01
3.745e-01
3.844e-01
3.943e-01
4.042e-01
4.141e-01
4.241e-01
4.274e-01
2.567e-01
2.575e-01
2.675e-01
2.773e-01
2.872e-01
2.969e-01
3.067e-01
3.164e-01
3.262e-01
3.360e-01
3.459e-01
3.557e-01
3.656e-01
3.754e-01
3.853e-01
3.952e-01
4.051e-01
4.150e-01
4.249e-01
4.348e-01
4.357e-01
2.815e-01
2.824e-01
2.923e-01
3.021e-01
3.119e-01
3.217e-01
3.315e-01
3.413e-01
3.512e-01
3.610e-01
3.708e-01
3.806e-01
3.905e-01
4.003e-01
4.102e-01
4.201e-01
4.299e-01
4.398e-01
4.497e-01
4.596e-01
4.605e-01
3.063e-01
3.071e-01
3.170e-01
3.269e-01
3.367e-01
3.466e-01
3.564e-01
3.662e-01
3.761e-01
3.859e-01
3.957e-01
4.055e-01
4.153e-01
4.252e-01
4.350e-01
4.448e-01
4.547e-01
4.646e-01
4.745e-01
4.844e-01
4.852e-01
3.310e-01
3.318e-01
3.418e-01
3.517e-01
3.616e-01
3.714e-01
3.813e-01
3.911e-01
4.009e-01
4.107e-01
4.205e-01
4.303e-01
4.401e-01
4.499e-01
4.597e-01
4.695e-01
4.794e-01
4.893e-01
4.992e-01
5.091e-01
5.100e-01
3.558e-01
3.566e-01
3.666e-01
3.765e-01
3.864e-01
3.963e-01
4.061e-01
4.159e-01
4.257e-01
4.355e-01
4.453e-01
4.550e-01
4.648e-01
4.746e-01
4.844e-01
4.942e-01
5.041e-01
5.140e-01
5.239e-01
5.338e-01
5.346e-01
3.806e-01
3.814e-01
3.914e-01
4.013e-01
4.112e-01
4.210e-01
4.309e-01
4.407e-01
4.504e-01
4.602e-01
4.699e-01
4.797e-01
4.895e-01
4.993e-01
5.091e-01
5.189e-01
5.287e-01
5.386e-01
5.485e-01
5.584e-01
5.592e-01
4.054e-01
4.062e-01
4.162e-01
4.261e-01
4.359e-01
4.458e-01
4.556e-01
4.653e-01
4.751e-01
4.849e-01
4.946e-01
5.044e-01
5.141e-01
5.239e-01
5.337e-01
5.435e-01
5.533e-01
5.631e-01
5.730e-01
5.830e-01
5.838e-01
4.302e-01
4.310e-01
4.409e-01
4.508e-01
4.606e-01
4.705e-01
4.803e-01
4.900e-01
4.998e-01
5.095e-01
5.193e-01
5.290e-01
5.388e-01
5.485e-01
5.582e-01
5.680e-01
5.778e-01
5.876e-01
5.975e-01
6.074e-01
6.082e-01
4.548e-01
4.556e-01
4.656e-01
4.755e-01
4.853e-01
4.952e-01
5.050e-01
5.147e-01
5.245e-01
5.342e-01
5.439e-01
5.536e-01
5.633e-01
5.730e-01
5.827e-01
5.924e-01
6.022e-01
6.120e-01
6.218e-01
6.317e-01
6.325e-01
4.796e-01
4.804e-01
4.903e-01
5.002e-01
5.101e-01
5.199e-01
5.297e-01
5.395e-01
5.492e-01
5.589e-01
5.686e-01
5.782e-01
5.879e-01
5.975e-01
6.072e-01
6.168e-01
6.265e-01
6.363e-01
6.461e-01
6.560e-01
6.568e-01
5.043e-01
5.051e-01
5.151e-01
5.250e-01
5.348e-01
5.446e-01
5.544e-01
5.642e-01
5.738e-01
5.835e-01
5.931e-01
6.027e-01
6.123e-01
6.219e-01
6.315e-01
6.412e-01
6.508e-01
6.605e-01
6.703e-01
6.802e-01
6.809e-01
5.291e-01
5.299e-01
5.399e-01
5.498e-01
5.596e-01
5.694e-01
5.791e-01
5.888e-01
5.985e-01
6.081e-01
6.177e-01
6.273e-01
6.368e-01
6.464e-01
6.559e-01
6.654e-01
6.750e-01
6.847e-01
6.944e-01
7.042e-01
7.050e-01
5.539e-01
5.547e-01
5.646e-01
5.745e-01
5.843e-01
5.941e-01
6.038e-01
6.135e-01
6.231e-01
6.327e-01
6.423e-01
6.518e-01
6.613e-01
6.707e-01
6.802e-01
6.897e-01
6.991e-01
7.087e-01
7.183e-01
7.281e-01
7.288e-01
5.787e-01
5.795e-01
5.894e-01
5.993e-01
6.091e-01
6.188e-01
6.286e-01
6.382e-01
6.478e-01
6.574e-01
6.669e-01
6.763e-01
6.857e-01
6.951e-01
7.045e-01
7.138e-01
7.232e-01
7.326e-01
7.421e-01
7.518e-01
7.525e-01
6.035e-01
6.043e-01
6.142e-01
6.241e-01
6.339e-01
6.436e-01
6.533e-01
6.629e-01
6.725e-01
6.820e-01
6.915e-01
7.009e-01
7.102e-01
7.195e-01
7.287e-01
7.379e-01
7.471e-01
7.563e-01
7.657e-01
7.752e-01
7.759e-01
6.283e-01
6.291e-01
6.390e-01
6.489e-01
6.587e-01
6.684e-01
6.781e-01
6.877e-01
6.972e-01
7.067e-01
7.161e-01
7.255e-01
7.347e-01
7.439e-01
7.530e-01
7.620e-01
7.709e-01
7.799e-01
7.890e-01
7.982e-01
7.988e-01
6.532e-01
6.540e-01
6.639e-01
6.737e-01
6.835e-01
6.932e-01
7.029e-01
7.125e-01
7.220e-01
7.314e-01
7.408e-01
7.501e-01
7.593e-01
7.684e-01
7.773e-01
7.861e-01
7.946e-01
8.031e-01
8.118e-01
8.206e-01
8.210e-01
6.781e-01
6.789e-01
6.888e-01
6.986e-01
7.084e-01
7.181e-01
7.277e-01
7.373e-01
7.468e-01
7.562e-01
7.656e-01
7.748e-01
7.839e-01
7.929e-01
8.017e-01
8.102e-01
8.181e-01
8.260e-01
8.340e-01
8.421e-01
8.422e-01
7.030e-01
7.038e-01
7.137e-01
7.236e-01
7.333e-01
7.430e-01
7.527e-01
7.622e-01
7.717e-01
7.811e-01
7.904e-01
7.996e-01
8.087e-01
8.176e-01
8.262e-01
8.344e-01
8.415e-01
8.483e-01
8.552e-01
8.627e-01
8.625e-01
7.113e-01
7.146e-01
7.245e-01
7.344e-01
7.441e-01
7.538e-01
7.635e-01
7.730e-01
7.825e-01
7.919e-01
8.012e-01
8.104e-01
8.194e-01
8.282e-01
8.367e-01
8.445e-01
8.513e-01
8.577e-01
8.643e-01
8.715e-01
8.767e-01
5.398e-01
5.465e-01
5.564e-01
5.663e-01
5.762e-01
5.860e-01
5.957e-01
6.055e-01
6.153e-01
6.251e-01
6.350e-01
6.448e-01
6.546e-01
6.645e-01
6.744e-01
6.842e-01
6.941e-01
7.040e-01
7.140e-01
7.239e-01
7.272e-01
5.565e-01
5.573e-01
5.672e-01
5.771e-01
5.869e-01
5.967e-01
6.065e-01
6.163e-01
6.261e-01
6.359e-01
6.458e-01
6.556e-01
6.654e-01
6.753e-01
6.852e-01
6.950e-01
7.049e-01
7.148e-01
7.248e-01
7.347e-01
7.355e-01
5.813e-01
5.821e-01
5.921e-01
6.019e-01
6.118e-01
6.216e-01
6.314e-01
6.412e-01
6.511e-01
6.609e-01
6.707e-01
6.805e-01
6.904e-01
7.002e-01
7.101e-01
7.199e-01
7.298e-01
7.397e-01
7.496e-01
7.595e-01
7.604e-01
6.061e-01
6.069e-01
6.169e-01
6.268e-01
6.366e-01
6.465e-01
6.563e-01
6.661e-01
6.759e-01
6.858e-01
6.956e-01
7.054e-01
7.152e-01
7.250e-01
7.349e-01
7.447e-01
7.546e-01
7.645e-01
7.744e-01
7.843e-01
7.851e-01
6.309e-01
6.317e-01
6.417e-01
6.516e-01
6.615e-01
6.713e-01
6.812e-01
6.910e-01
7.008e-01
7.106e-01
7.204e-01
7.302e-01
7.400e-01
7.498e-01
7.596e-01
7.694e-01
7.793e-01
7.892e-01
7.991e-01
8.091e-01
8.099e-01
6.557e-01
6.565e-01
6.665e-01
6.764e-01
6.863e-01
6.961e-01
7.060e-01
7.158e-01
7.256e-01
7.354e-01
7.451e-01
7.549e-01
7.647e-01
7.745e-01
7.843e-01
7.941e-01
8.040e-01
8.139e-01
8.238e-01
8.337e-01
8.345e-01
6.805e-01
6.813e-01
6.913e-01
7.012e-01
7.111e-01
7.209e-01
7.307e-01
7.405e-01
7.503e-01
7.601e-01
7.698e-01
7.796e-01
7.894e-01
7.992e-01
8.090e-01
8.188e-01
8.286e-01
8.385e-01
8.484e-01
8.583e-01
8.591e-01
7.053e-01
7.061e-01
7.160e-01
7.259e-01
7.358e-01
7.456e-01
7.555e-01
7.652e-01
7.750e-01
7.848e-01
7.945e-01
8.043e-01
8.140e-01
8.238e-01
8.336e-01
8.434e-01
8.532e-01
8.630e-01
8.729e-01
8.829e-01
8.837e-01
7.300e-01
7.308e-01
7.408e-01
7.507e-01
7.605e-01
7.704e-01
7.802e-01
7.899e-01
7.997e-01
8.095e-01
8.192e-01
8.289e-01
8.387e-01
8.484e-01
8.581e-01
8.679e-01
8.777e-01
8.875e-01
8.974e-01
9.073e-01
9.081e-01
7.547e-01
7.556e-01
7.655e-01
7.754e-01
7.853e-01
7.951e-01
8.049e-01
8.147e-01
8.244e-01
8.341e-01
8.438e-01
8.535e-01
8.632e-01
8.729e-01
8.826e-01
8.924e-01
9.021e-01
9.119e-01
9.218e-01
9.317e-01
9.325e-01
7.795e-01
7.803e-01
7.902e-01
8.001e-01
8.100e-01
8.198e-01
8.296e-01
8.394e-01
8.491e-01
8.588e-01
8.685e-01
8.781e-01
8.878e-01
8.974e-01
9.071e-01
9.168e-01
9.265e-01
9.362e-01
9.460e-01
9.559e-01
9.567e-01
8.042e-01
8.051e-01
8.150e-01
8.249e-01
8.347e-01
8.445e-01
8.543e-01
8.641e-01
8.737e-01
8.834e-01
8.931e-01
9.027e-01
9.123e-01
9.219e-01
9.315e-01
9.411e-01
9.508e-01
9.605e-01
9.702e-01
9.801e-01
9.809e-01
8.290e-01
8.298e-01
8.398e-01
8.497e-01
8.595e-01
8.693e-01
8.790e-01
8.887e-01
8.984e-01
9.080e-01
9.176e-01
9.272e-01
9.368e-01
9.463e-01
9.558e-01
9.654e-01
9.750e-01
9.846e-01
9.943e-01
1.004e+00
1.005e+00
8.538e-01
8.546e-01
8.646e-01
8.744e-01
8.842e-01
8.940e-01
9.037e-01
9.134e-01
9.231e-01
9.327e-01
9.422e-01
9.517e-01
9.612e-01
9.707e-01
9.801e-01
9.896e-01
9.991e-01
1.009e+00
1.018e+00
1.028e+00
1.029e+00
8.786e-01
8.794e-01
8.893e-01
8.992e-01
9.090e-01
9.188e-01
9.285e-01
9.381e-01
9.477e-01
9.573e-01
9.668e-01
9.763e-01
9.857e-01
9.951e-01
1.004e+00
1.014e+00
1.023e+00
1.033e+00
1.042e+00
1.052e+00
1.053e+00
9.034e-01
9.042e-01
9.141e-01
9.240e-01
9.338e-01
9.435e-01
9.532e-01
9.629e-01
9.724e-01
9.820e-01
9.914e-01
1.001e+00
1.010e+00
1.019e+00
1.029e+00
1.038e+00
1.047e+00
1.056e+00
1.066e+00
1.075e+00
1.076e+00
9.283e-01
9.291e-01
9.390e-01
9.488e-01
9.586e-01
9.683e-01
9.780e-01
9.876e-01
9.972e-01
1.007e+00
1.016e+00
1.025e+00
1.035e+00
1.044e+00
1.053e+00
1.062e+00
1.071e+00
1.080e+00
1.089e+00
1.099e+00
1.099e+00
9.531e-01
9.539e-01
9.638e-01
9.737e-01
9.835e-01
9.932e-01
1.003e+00
1.012e+00
1.022e+00
1.031e+00
1.041e+00
1.050e+00
1.059e+00
1.068e+00
1.077e+00
1.086e+00
1.095e+00
1.103e+00
1.112e+00
1.121e+00
1.122e+00
9.780e-01
9.788e-01
9.887e-01
9.986e-01
1.008e+00
1.018e+00
1.028e+00
1.037e+00
1.047e+00
1.056e+00
1.066e+00
1.075e+00
1.084e+00
1.093e+00
1.102e+00
1.110e+00
1.119e+00
1.127e+00
1.135e+00
1.144e+00
1.144e+00
1.003e+00
1.004e+00
1.014e+00
1.023e+00
1.033e+00
1.043e+00
1.053e+00
1.062e+00
1.072e+00
1.081e+00
1.090e+00
1.100e+00
1.109e+00
1.118e+00
1.126e+00
1.135e+00
1.142e+00
1.150e+00
1.158e+00
1.166e+00
1.166e+00
1.011e+00
1.015e+00
1.024e+00
1.034e+00
1.044e+00
1.054e+00
1.063e+00
1.073e+00
1.082e+00
1.092e+00
1.101e+00
1.110e+00
1.119e+00
1.128e+00
1.137e+00
1.145e+00
1.153e+00
1.160e+00
1.168e+00
1.176e+00
1.181e+00
1.139e+00
1.146e+00
1.156e+00
1.166e+00
1.176e+00
1.186e+00
1.196e+00
1.205e+00
1.215e+00
1.225e+00
1.235e+00
1.245e+00
1.254e+00
1.264e+00
1.274e+00
1.284e+00
1.294e+00
1.304e+00
1.314e+00
1.324e+00
1.327e+00
1.156e+00
1.157e+00
1.167e+00
1.177e+00
1.187e+00
1.196e+00
1.206e+00
1.216e+00
1.226e+00
1.236e+00
1.246e+00
1.255e+00
1.265e+00
1.275e+00
1.285e+00
1.295e+00
1.305e+00
1.315e+00
1.325e+00
1.335e+00
1.335e+00
1.181e+00
1.182e+00
1.192e+00
1.202e+00
1.212e+00
1.221e+00
1.231e+00
1.241e+00
1.251e+00
1.261e+00
1.271e+00
1.280e+00
1.290e+00
1.300e+00
1.310e+00
1.320e+00
1.330e+00
1.339e+00
1.349e+00
1.359e+00
1.360e+00
1.206e+00
1.207e+00
1.217e+00
1.227e+00
1.236e+00
1.246e+00
1.256e+00
1.266e+00
1.276e+00
1.286e+00
1.295e+00
1.305e+00
1.315e+00
1.325e+00
1.335e+00
1.345e+00
1.354e+00
1.364e+00
1.374e+00
1.384e+00
1.385e+00
1.231e+00
1.232e+00
1.241e+00
1.251e+00
1.261e+00
1.271e+00
1.281e+00
1.291e+00
1.301e+00
1.310e+00
1.320e+00
1.330e+00
1.340e+00
1.350e+00
1.359e+00
1.369e+00
1.379e+00
1.389e+00
1.399e+00
1.409e+00
1.410e+00
1.255e+00
1.256e+00
1.266e+00
1.276e+00
1.286e+00
1.296e+00
1.306e+00
1.316e+00
1.325e+00
1.335e+00
1.345e+00
1.355e+00
1.365e+00
1.374e+00
1.384e+00
1.394e+00
1.404e+00
1.414e+00
1.424e+00
1.434e+00
1.434e+00
1.280e+00
1.281e+00
1.291e+00
1.301e+00
1.311e+00
1.321e+00
1.331e+00
1.340e+00
1.350e+00
1.360e+00
1.370e+00
1.379e+00
1.389e+00
1.399e+00
1.409e+00
1.419e+00
1.428e+00
1.438e+00
1.448e+00
1.458e+00
1.459e+00
1.305e+00
1.306e+00
1.316e+00
1.326e+00
1.336e+00
1.345e+00
1.355e+00
1.365e+00
1.375e+00
1.385e+00
1.394e+00
1.404e+00
1.414e+00
1.424e+00
1.433e+00
1.443e+00
1.453e+00
1.463e+00
1.473e+00
1.483e+00
1.484e+00
1.330e+00
1.331e+00
1.341e+00
1.350e+00
1.360e+00
1.370e+00
1.380e+00
1.390e+00
1.400e+00
1.409e+00
1.419e+00
1.429e+00
1.439e+00
1.448e+00
1.458e+00
1.468e+00
1.478e+00
1.487e+00
1.497e+00
1.507e+00
1.508e+00
1.355e+00
1.355e+00
1.365e+00
1.375e+00
1.385e+00
1.395e+00
1.405e+00
1.415e+00
1.424e+00
1.434e+00
1.444e+00
1.453e+00
1.463e+00
1.473e+00
1.482e+00
1.492e+00
1.502e+00
1.512e+00
1.522e+00
1.532e+00
1.532e+00
1.379e+00
1.380e+00
1.390e+00
1.400e+00
1.410e+00
1.420e+00
1.429e+00
1.439e+00
1.449e+00
1.459e+00
1.468e+00
1.478e+00
1.488e+00
1.497e+00
1.507e+00
1.517e+00
1.526e+00
1.536e+00
1.546e+00
1.556e+00
1.557e+00
1.404e+00
1.405e+00
1.415e+00
1.425e+00
1.435e+00
1.444e+00
1.454e+00
1.464e+00
1.474e+00
1.483e+00
1.493e+00
1.503e+00
1.512e+00
1.522e+00
1.531e+00
1.541e+00
1.551e+00
1.560e+00
1.570e+00
1.580e+00
1.581e+00
1.429e+00
1.430e+00
1.440e+00
1.450e+00
1.459e+00
1.469e+00
1.479e+00
1.489e+00
1.498e+00
1.508e+00
1.518e+00
1.527e+00
1.537e+00
1.546e+00
1.556e+00
1.565e+00
1.575e+00
1.585e+00
1.594e+00
1.604e+00
1.605e+00
1.454e+00
1.454e+00
1.464e+00
1.474e+00
1.484e+00
1.494e+00
1.504e+00
1.513e+00
1.523e+00
1.533e+00
1.542e+00
1.552e+00
1.561e+00
1.571e+00
1.580e+00
1.590e+00
1.599e+00
1.609e+00
1.618e+00
1.628e+00
1.629e+00
1.478e+00
1.479e+00
1.489e+00
1.499e+00
1.509e+00
1.519e+00
1.528e+00
1.538e+00
1.548e+00
1.557e+00
1.567e+00
1.576e+00
1.586e+00
1.595e+00
1.604e+00
1.614e+00
1.623e+00
1.633e+00
1.642e+00
1.652e+00
1.653e+00
1.503e+00
1.504e+00
1.514e+00
1.524e+00
1.534e+00
1.543e+00
1.553e+00
1.563e+00
1.572e+00
1.582e+00
1.591e+00
1.601e+00
1.610e+00
1.619e+00
1.629e+00
1.638e+00
1.647e+00
1.657e+00
1.666e+00
1.676e+00
1.676e+00
1.528e+00
1.529e+00
1.539e+00
1.549e+00
1.558e+00
1.568e+00
1.578e+00
1.588e+00
1.597e+00
1.607e+00
1.616e+00
1.625e+00
1.635e+00
1.644e+00
1.653e+00
1.662e+00
1.671e+00
1.680e+00
1.690e+00
1.699e+00
1.700e+00
1.553e+00
1.554e+00
1.564e+00
1.574e+00
1.583e+00
1.593e+00
1.603e+00
1.612e+00
1.622e+00
1.631e+00
1.641e+00
1.650e+00
1.659e+00
1.668e+00
1.677e+00
1.686e+00
1.695e+00
1.704e+00
1.713e+00
1.723e+00
1.723e+00
1.578e+00
1.579e+00
1.589e+00
1.598e+00
1.608e+00
1.618e+00
1.628e+00
1.637e+00
1.647e+00
1.656e+00
1.665e+00
1.675e+00
1.684e+00
1.693e+00
1.702e+00
1.711e+00
1.719e+00
1.728e+00
1.737e+00
1.746e+00
1.747e+00
1.603e+00
1.604e+00
1.614e+00
1.623e+00
1.633e+00
1.643e+00
1.653e+00
1.662e+00
1.672e+00
1.681e+00
1.690e+00
1.700e+00
1.709e+00
1.718e+00
1.727e+00
1.735e+00
1.744e+00
1.752e+00
1.761e+00
1.770e+00
1.770e+00
1.611e+00
1.614e+00
1.624e+00
1.634e+00
1.644e+00
1.654e+00
1.663e+00
1.673e+00
1.682e+00
1.692e+00
1.701e+00
1.710e+00
1.719e+00
1.728e+00
1.737e+00
1.746e+00
1.754e+00
1.763e+00
1.771e+00
1.780e+00
1.786e+00
1.739e+00
1.746e+00
1.756e+00
1.766e+00
1.776e+00
1.786e+00
1.795e+00
1.805e+00
1.815e+00
1.825e+00
1.835e+00
1.844e+00
1.854e+00
1.864e+00
1.874e+00
1.884e+00
1.894e+00
1.904e+00
1.914e+00
1.924e+00
1.927e+00
1.756e+00
1.757e+00
1.767e+00
1.777e+00
1.786e+00
1.796e+00
1.806e+00
1.816e+00
1.826e+00
1.836e+00
1.845e+00
1.855e+00
1.865e+00
1.875e+00
1.885e+00
1.895e+00
1.905e+00
1.914e+00
1.924e+00
1.934e+00
1.935e+00
1.781e+00
1.782e+00
1.792e+00
1.802e+00
1.811e+00
1.821e+00
1.831e+00
1.841e+00
1.851e+00
1.861e+00
1.870e+00
1.880e+00
1.890e+00
1.900e+00
1.910e+00
1.920e+00
1.929e+00
1.939e+00
1.949e+00
1.959e+00
1.960e+00
1.806e+00
1.807e+00
1.816e+00
1.826e+00
1.836e+00
1.846e+00
1.856e+00
1.866e+00
1.876e+00
1.885e+00
1.895e+00
1.905e+00
1.915e+00
1.925e+00
1.935e+00
1.944e+00
1.954e+00
1.964e+00
1.974e+00
1.984e+00
1.985e+00
1.831e+00
1.831e+00
1.841e+00
1.851e+00
1.861e+00
1.871e+00
1.881e+00
1.891e+00
1.900e+00
1.910e+00
1.920e+00
1.930e+00
1.940e+00
1.950e+00
1.959e+00
1.969e+00
1.979e+00
1.989e+00
1.999e+00
2.009e+00
2.010e+00
1.855e+00
1.856e+00
1.866e+00
1.876e+00
1.886e+00
1.896e+00
1.906e+00
1.915e+00
1.925e+00
1.935e+00
1.945e+00
1.955e+00
1.964e+00
1.974e+00
1.984e+00
1.994e+00
2.004e+00
2.014e+00
2.024e+00
2.033e+00
2.034e+00
1.880e+00
1.881e+00
1.891e+00
1.901e+00
1.911e+00
1.921e+00
1.930e+00
1.940e+00
1.950e+00
1.960e+00
1.970e+00
1.979e+00
1.989e+00
1.999e+00
2.009e+00
2.019e+00
2.028e+00
2.038e+00
2.048e+00
2.058e+00
2.059e+00
1.905e+00
1.906e+00
1.916e+00
1.926e+00
1.935e+00
1.945e+00
1.955e+00
1.965e+00
1.975e+00
1.985e+00
1.994e+00
2.004e+00
2.014e+00
2.024e+00
2.033e+00
2.043e+00
2.053e+00
2.063e+00
2.073e+00
2.083e+00
2.083e+00
1.930e+00
1.931e+00
1.940e+00
1.950e+00
1.960e+00
1.970e+00
1.980e+00
1.990e+00
1.999e+00
2.009e+00
2.019e+00
2.029e+00
2.038e+00
2.048e+00
2.058e+00
2.068e+00
2.077e+00
2.087e+00
2.097e+00
2.107e+00
2.108e+00
1.954e+00
1.955e+00
1.965e+00
1.975e+00
1.985e+00
1.995e+00
2.005e+00
2.014e+00
2.024e+00
2.034e+00
2.044e+00
2.053e+00
2.063e+00
2.073e+00
2.082e+00
2.092e+00
2.102e+00
2.112e+00
2.122e+00
2.131e+00
2.132e+00
1.979e+00
1.980e+00
1.990e+00
2.000e+00
2.010e+00
2.020e+00
2.029e+00
2.039e+00
2.049e+00
2.059e+00
2.068e+00
2.078e+00
2.088e+00
2.097e+00
2.107e+00
2.117e+00
2.126e+00
2.136e+00
2.146e+00
2.156e+00
2.157e+00
2.004e+00
2.005e+00
2.015e+00
2.025e+00
2.034e+00
2.044e+00
2.054e+00
2.064e+00
2.074e+00
2.083e+00
2.093e+00
2.102e+00
2.112e+00
2.122e+00
2.131e+00
2.141e+00
2.151e+00
2.160e+00
2.170e+00
2.180e+00
2.181e+00
2.029e+00
2.030e+00
2.040e+00
2.049e+00
2.059e+00
2.069e+00
2.079e+00
2.088e+00
2.098e+00
2.108e+00
2.117e+00
2.127e+00
2.137e+00
2.146e+00
2.156e+00
2.165e+00
2.175e+00
2.185e+00
2.194e+00
2.204e+00
2.205e+00
2.054e+00
2.054e+00
2.064e+00
2.074e+00
2.084e+00
2.094e+00
2.104e+00
2.113e+00
2.123e+00
2.132e+00
2.142e+00
2.152e+00
2.161e+00
2.171e+00
2.180e+00
2.190e+00
2.199e+00
2.209e+00
2.218e+00
2.228e+00
2.229e+00
2.078e+00
2.079e+00
2.089e+00
2.099e+00
2.109e+00
2.119e+00
2.128e+00
2.138e+00
2.148e+00
2.157e+00
2.167e+00
2.176e+00
2.186e+00
2.195e+00
2.204e+00
2.214e+00
2.223e+00
2.233e+00
2.242e+00
2.252e+00
2.253e+00
2.103e+00
2.104e+00
2.114e+00
2.124e+00
2.134e+00
2.143e+00
2.153e+00
2.163e+00
2.172e+00
2.182e+00
2.191e+00
2.201e+00
2.210e+00
2.219e+00
2.229e+00
2.238e+00
2.247e+00
2.257e+00
2.266e+00
2.276e+00
2.277e+00
2.128e+00
2.129e+00
2.139e+00
2.149e+00
2.158e+00
2.168e+00
2.178e+00
2.187e+00
2.197e+00
2.207e+00
2.216e+00
2.225e+00
2.235e+00
2.244e+00
2.253e+00
2.262e+00
2.271e+00
2.281e+00
2.290e+00
2.300e+00
2.300e+00
2.153e+00
2.154e+00
2.164e+00
2.173e+00
2.183e+00
2.193e+00
2.203e+00
2.212e+00
2.222e+00
2.231e+00
2.241e+00
2.250e+00
2.259e+00
2.268e+00
2.278e+00
2.287e+00
2.296e+00
2.305e+00
2.314e+00
2.324e+00
2.324e+00
2.178e+00
2.179e+00
2.189e+00
2.198e+00
2.208e+00
2.218e+00
2.228e+00
2.237e+00
2.247e+00
2.256e+00
2.265e+00
2.275e+00
2.284e+00
2.293e+00
2.302e+00
2.311e+00
2.320e+00
2.329e+00
2.338e+00
2.348e+00
2.348e+00
2.203e+00
2.204e+00
2.213e+00
2.223e+00
2.233e+00
2.243e+00
2.252e+00
2.262e+00
2.272e+00
2.281e+00
2.290e+00
2.300e+00
2.309e+00
2.318e+00
2.327e+00
2.336e+00
2.344e+00
2.353e+00
2.362e+00
2.372e+00
2.372e+00
2.211e+00
2.214e+00
2.224e+00
2.234e+00
2.244e+00
2.254e+00
2.263e+00
2.273e+00
2.282e+00
2.292e+00
2.301e+00
2.310e+00
2.320e+00
2.329e+00
2.337e+00
2.346e+00
2.355e+00
2.364e+00
2.373e+00
2.382e+00
2.389e+00
2.399e+00
2.406e+00
2.416e+00
2.426e+00
2.436e+00
2.445e+00
2.455e+00
2.465e+00
2.475e+00
2.485e+00
2.495e+00
2.504e+00
2.514e+00
2.524e+00
2.534e+00
2.544e+00
2.554e+00
2.564e+00
2.574e+00
2.584e+00
2.587e+00
2.416e+00
2.417e+00
2.427e+00
2.437e+00
2.446e+00
2.456e+00
2.466e+00
2.476e+00
2.486e+00
2.496e+00
2.505e+00
2.515e+00
2.525e+00
2.535e+00
2.545e+00
2.555e+00
2.565e+00
2.574e+00
2.584e+00
2.594e+00
2.595e+00
2.441e+00
2.442e+00
2.452e+00
2.461e+00
2.471e+00
2.481e+00
2.491e+00
2.501e+00
2.511e+00
2.521e+00
2.530e+00
2.540e+00
2.550e+00
2.560e+00
2.570e+00
2.580e+00
2.589e+00
2.599e+00
2.609e+00
2.619e+00
2.620e+00
2.466e+00
2.466e+00
2.476e+00
2.486e+00
2.496e+00
2.506e+00
2.516e+00
2.526e+00
2.536e+00
2.545e+00
2.555e+00
2.565e+00
2.575e+00
2.585e+00
2.595e+00
2.604e+00
2.614e+00
2.624e+00
2.634e+00
2.644e+00
2.645e+00
2.490e+00
2.491e+00
2.501e+00
2.511e+00
2.521e+00
2.531e+00
2.541e+00
2.551e+00
2.560e+00
2.570e+00
2.580e+00
2.590e+00
2.600e+00
2.609e+00
2.619e+00
2.629e+00
2.639e+00
2.649e+00
2.659e+00
2.669e+00
2.670e+00
2.515e+00
2.516e+00
2.526e+00
2.536e+00
2.546e+00
2.556e+00
2.566e+00
2.575e+00
2.585e+00
2.595e+00
2.605e+00
2.615e+00
2.624e+00
2.634e+00
2.644e+00
2.654e+00
2.664e+00
2.674e+00
2.683e+00
2.693e+00
2.694e+00
2.540e+00
2.541e+00
2.551e+00
2.561e+00
2.571e+00
2.581e+00
2.590e+00
2.600e+00
2.610e+00
2.620e+00
2.630e+00
2.639e+00
2.649e+00
2.659e+00
2.669e+00
2.678e+00
2.688e+00
2.698e+00
2.708e+00
2.718e+00
2.719e+00
2.565e+00
2.566e+00
2.576e+00
2.586e+00
2.595e+00
2.605e+00
2.615e+00
2.625e+00
2.635e+00
2.644e+00
2.654e+00
2.664e+00
2.674e+00
2.683e+00
2.693e+00
2.703e+00
2.713e+00
2.723e+00
2.733e+00
2.743e+00
2.743e+00
2.590e+00
2.590e+00
2.600e+00
2.610e+00
2.620e+00
2.630e+00
2.640e+00
2.650e+00
2.659e+00
2.669e+00
2.679e+00
2.689e+00
2.698e+00
2.708e+00
2.718e+00
2.728e+00
2.737e+00
2.747e+00
2.757e+00
2.767e+00
2.768e+00
2.614e+00
2.615e+00
2.625e+00
2.635e+00
2.645e+00
2.655e+00
2.665e+00
2.674e+00
2.684e+00
2.694e+00
2.704e+00
2.713e+00
2.723e+00
2.733e+00
2.742e+00
2.752e+00
2.762e+00
2.772e+00
2.781e+00
2.791e+00
2.792e+00
2.639e+00
2.640e+00
2.650e+00
2.660e+00
2.670e+00
2.680e+00
2.689e+00
2.699e+00
2.709e+00
2.718e+00
2.728e+00
2.738e+00
2.747e+00
2.757e+00
2.767e+00
2.776e+00
2.786e+00
2.796e+00
2.806e+00
2.816e+00
2.817e+00
2.664e+00
2.665e+00
2.675e+00
2.685e+00
2.694e+00
2.704e+00
2.714e+00
2.724e+00
2.733e+00
2.743e+00
2.753e+00
2.762e+00
2.772e+00
2.782e+00
2.791e+00
2.801e+00
2.811e+00
2.820e+00
2.830e+00
2.840e+00
2.841e+00
2.689e+00
2.690e+00
2.699e+00
2.709e+00
2.719e+00
2.729e+00
2.739e+00
2.748e+00
2.758e+00
2.768e+00
2.777e+00
2.787e+00
2.796e+00
2.806e+00
2.816e+00
2.825e+00
2.835e+00
2.844e+00
2.854e+00
2.864e+00
2.865e+00
2.714e+00
2.714e+00
2.724e+00
2.734e+00
2.744e+00
2.754e+00
2.763e+00
2.773e+00
2.783e+00
2.792e+00
2.802e+00
2.811e+00
2.821e+00
2.830e+00
2.840e+00
2.849e+00
2.859e+00
2.869e+00
2.878e+00
2.888e+00
2.889e+00
2.738e+00
2.739e+00
2.749e+00
2.759e+00
2.769e+00
2.779e+00
2.788e+00
2.798e+00
2.807e+00
2.817e+00
2.827e+00
2.836e+00
2.845e+00
2.855e+00
2.864e+00
2.874e+00
2.883e+00
2.893e+00
2.902e+00
2.912e+00
2.913e+00
2.763e+00
2.764e+00
2.774e+00
2.784e+00
2.794e+00
2.803e+00
2.813e+00
2.823e+00
2.832e+00
2.842e+00
2.851e+00
2.861e+00
2.870e+00
2.879e+00
2.889e+00
2.898e+00
2.907e+00
2.917e+00
2.926e+00
2.936e+00
2.937e+00
2.788e+00
2.789e+00
2.799e+00
2.809e+00
2.818e+00
2.828e+00
2.838e+00
2.847e+00
2.857e+00
2.866e+00
2.876e+00
2.885e+00
2.895e+00
2.904e+00
2.913e+00
2.922e+00
2.932e+00
2.941e+00
2.950e+00
2.960e+00
2.961e+00
2.813e+00
2.814e+00
2.824e+00
2.833e+00
2.843e+00
2.853e+00
2.863e+00
2.872e+00
2.882e+00
2.891e+00
2.901e+00
2.910e+00
2.919e+00
2.928e+00
2.938e+00
2.947e+00
2.956e+00
2.965e+00
2.974e+00
2.984e+00
2.985e+00
2.838e+00
2.839e+00
2.849e+00
2.858e+00
2.868e+00
2.878e+00
2.888e+00
2.897e+00
2.907e+00
2.916e+00
2.925e+00
2.935e+00
2.944e+00
2.953e+00
2.962e+00
2.971e+00
2.980e+00
2.989e+00
2.998e+00
3.008e+00
3.009e+00
2.863e+00
2.864e+00
2.873e+00
2.883e+00
2.893e+00
2.903e+00
2.912e+00
2.922e+00
2.932e+00
2.941e+00
2.950e+00
2.960e+00
2.969e+00
2.978e+00
2.987e+00
2.996e+00
3.005e+00
3.014e+00
3.023e+00
3.032e+00
3.033e+00
2.871e+00
2.874e+00
2.884e+00
2.894e+00
2.904e+00
2.914e+00
2.923e+00
2.933e+00
2.942e+00
2.952e+00
2.961e+00
2.970e+00
2.980e+00
2.989e+00
2.998e+00
3.006e+00
3.015e+00
3.024e+00
3.034e+00
3.043e+00
3.049e+00
