examplesTmp/Luca/my_first_project/prepro/dem
north:     0
south:        4000.00000000
east:      0
west:        10000.00000000
rows:     50
cols:     20
[rows 0 to 41 of 50, columns 0 to 19 of 20]
0.100006240000E+01 0.100006240000E+01 0.100006240000E+01 0.100006240000E+01 0.100006240000E+01 0.100006240000E+01 0.100006240000E+01 0.100006240000E+01 0.100006240000E+01 0.100006240000E+01 0.100006240000E+01 0.100006240000E+01 0.100006240000E+01 0.100006240000E+01 0.100006240000E+01 0.100006240000E+01 0.100006240000E+01 0.100006240000E+01 0.100006240000E+01 0.100006240000E+01
0.100006110000E+01 0.100006110000E+01 0.100006110000E+01 0.100006110000E+01 0.100006110000E+01 0.100006110000E+01 0.100006110000E+01 0.100006110000E+01 0.100006110000E+01 0.100006110000E+01 0.100006110000E+01 0.100006110000E+01 0.100006110000E+01 0.100006110000E+01 0.100006110000E+01 0.100006110000E+01 0.100006110000E+01 0.100006110000E+01 0.100006110000E+01 0.100006110000E+01
0.100005980000E+01 0.100005980000E+01 0.100005980000E+01 0.100005980000E+01 0.100005980000E+01 0.100005980000E+01 0.100005980000E+01 0.100005980000E+01 0.100005980000E+01 0.100005980000E+01 0.100005980000E+01 0.100005980000E+01 0.100005980000E+01 0.100005980000E+01 0.100005980000E+01 0.100005980000E+01 0.100005980000E+01 0.100005980000E+01 0.100005980000E+01 0.100005980000E+01
0.100005850000E+01 0.100005850000E+01 0.100005850000E+01 0.100005850000E+01 0.100005850000E+01 0.100005850000E+01 0.100005850000E+01 0.100005850000E+01 0.100005850000E+01 0.100005850000E+01 0.100005850000E+01 0.100005850000E+01 0.100005850000E+01 0.100005850000E+01 0.100005850000E+01 0.100005850000E+01 0.100005850000E+01 0.100005850000E+01 0.100005850000E+01 0.100005850000E+01
0.100005720000E+01 0.100005720000E+01 0.100005720000E+01 0.100005720000E+01 0.100005720000E+01 0.100005720000E+01 0.100005720000E+01 0.100005720000E+01 0.100005720000E+01 0.100005720000E+01 0.100005720000E+01 0.100005720000E+01 0.100005720000E+01 0.100005720000E+01 0.100005720000E+01 0.100005720000E+01 0.100005720000E+01 0.100005720000E+01 0.100005720000E+01 0.100005720000E+01
0.100005590000E+01 0.100005590000E+01 0.100005590000E+01 0.100005590000E+01 0.100005590000E+01 0.100005590000E+01 0.100005590000E+01 0.100005590000E+01 0.100005590000E+01 0.100005590000E+01 0.100005590000E+01 0.100005590000E+01 0.100005590000E+01 0.100005590000E+01 0.100005590000E+01 0.100005590000E+01 0.100005590000E+01 0.100005590000E+01 0.100005590000E+01 0.100005590000E+01
0.100005460000E+01 0.100005460000E+01 0.100005460000E+01 0.100005460000E+01 0.100005460000E+01 0.100005460000E+01 0.100005460000E+01 0.100005460000E+01 0.100005460000E+01 0.100005460000E+01 0.100005460000E+01 0.100005460000E+01 0.100005460000E+01 0.100005460000E+01 0.100005460000E+01 0.100005460000E+01 0.100005460000E+01 0.100005460000E+01 0.100005460000E+01 0.100005460000E+01
0.100005330000E+01 0.100005330000E+01 0.100005330000E+01 0.100005330000E+01 0.100005330000E+01 0.100005330000E+01 0.100005330000E+01 0.100005330000E+01 0.100005330000E+01 0.100005330000E+01 0.100005330000E+01 0.100005330000E+01 0.100005330000E+01 0.100005330000E+01 0.100005330000E+01 0.100005330000E+01 0.100005330000E+01 0.100005330000E+01 0.100005330000E+01 0.100005330000E+01
0.100005200000E+01 0.100005200000E+01 0.100005200000E+01 0.100005200000E+01 0.100005200000E+01 0.100005200000E+01 0.100005200000E+01 0.100005200000E+01 0.100005200000E+01 0.100005200000E+01 0.100005200000E+01 0.100005200000E+01 0.100005200000E+01 0.100005200000E+01 0.100005200000E+01 0.100005200000E+01 0.100005200000E+01 0.100005200000E+01 0.100005200000E+01 0.100005200000E+01
0.100005070000E+01 0.100005070000E+01 0.100005070000E+01 0.100005070000E+01 0.100005070000E+01 0.100005070000E+01 0.100005070000E+01 0.100005070000E+01 0.100005070000E+01 0.100005070000E+01 0.100005070000E+01 0.100005070000E+01 0.100005070000E+01 0.100005070000E+01 0.100005070000E+01 0.100005070000E+01 0.100005070000E+01 0.100005070000E+01 0.100005070000E+01 0.100005070000E+01
0.100004940000E+01 0.100004940000E+01 0.100004940000E+01 0.100004940000E+01 0.100004940000E+01 0.100004940000E+01 0.100004940000E+01 0.100004940000E+01 0.100004940000E+01 0.100004940000E+01 0.100004940000E+01 0.100004940000E+01 0.100004940000E+01 0.100004940000E+01 0.100004940000E+01 0.100004940000E+01 0.100004940000E+01 0.100004940000E+01 0.100004940000E+01 0.100004940000E+01
0.100004810000E+01 0.100004810000E+01 0.100004810000E+01 0.100004810000E+01 0.100004810000E+01 0.100004810000E+01 0.100004810000E+01 0.100004810000E+01 0.100004810000E+01 0.100004810000E+01 0.100004810000E+01 0.100004810000E+01 0.100004810000E+01 0.100004810000E+01 0.100004810000E+01 0.100004810000E+01 0.100004810000E+01 0.100004810000E+01 0.100004810000E+01 0.100004810000E+01
0.100004680000E+01 0.100004680000E+01 0.100004680000E+01 0.100004680000E+01 0.100004680000E+01 0.100004680000E+01 0.100004680000E+01 0.100004680000E+01 0.100004680000E+01 0.100004680000E+01 0.100004680000E+01 0.100004680000E+01 0.100004680000E+01 0.100004680000E+01 0.100004680000E+01 0.100004680000E+01 0.100004680000E+01 0.100004680000E+01 0.100004680000E+01 0.100004680000E+01
0.100004550000E+01 0.100004550000E+01 0.100004550000E+01 0.100004550000E+01 0.100004550000E+01 0.100004550000E+01 0.100004550000E+01 0.100004550000E+01 0.100004550000E+01 0.100004550000E+01 0.100004550000E+01 0.100004550000E+01 0.100004550000E+01 0.100004550000E+01 0.100004550000E+01 0.100004550000E+01 0.100004550000E+01 0.100004550000E+01 0.100004550000E+01 0.100004550000E+01
0.100004420000E+01 0.100004420000E+01 0.100004420000E+01 0.100004420000E+01 0.100004420000E+01 0.100004420000E+01 0.100004420000E+01 0.100004420000E+01 0.100004420000E+01 0.100004420000E+01 0.100004420000E+01 0.100004420000E+01 0.100004420000E+01 0.100004420000E+01 0.100004420000E+01 0.100004420000E+01 0.100004420000E+01 0.100004420000E+01 0.100004420000E+01 0.100004420000E+01
0.100004290000E+01 0.100004290000E+01 0.100004290000E+01 0.100004290000E+01 0.100004290000E+01 0.100004290000E+01 0.100004290000E+01 0.100004290000E+01 0.100004290000E+01 0.100004290000E+01 0.100004290000E+01 0.100004290000E+01 0.100004290000E+01 0.100004290000E+01 0.100004290000E+01 0.100004290000E+01 0.100004290000E+01 0.100004290000E+01 0.100004290000E+01 0.100004290000E+01
0.100004160000E+01 0.100004160000E+01 0.100004160000E+01 0.100004160000E+01 0.100004160000E+01 0.100004160000E+01 0.100004160000E+01 0.100004160000E+01 0.100004160000E+01 0.100004160000E+01 0.100004160000E+01 0.100004160000E+01 0.100004160000E+01 0.100004160000E+01 0.100004160000E+01 0.100004160000E+01 0.100004160000E+01 0.100004160000E+01 0.100004160000E+01 0.100004160000E+01
0.100004030000E+01 0.100004030000E+01 0.100004030000E+01 0.100004030000E+01 0.100004030000E+01 0.100004030000E+01 0.100004030000E+01 0.100004030000E+01 0.100004030000E+01 0.100004030000E+01 0.100004030000E+01 0.100004030000E+01 0.100004030000E+01 0.100004030000E+01 0.100004030000E+01 0.100004030000E+01 0.100004030000E+01 0.100004030000E+01 0.100004030000E+01 0.100004030000E+01
0.100003900000E+01 0.100003900000E+01 0.100003900000E+01 0.100003900000E+01 0.100003900000E+01 0.100003900000E+01 0.100003900000E+01 0.100003900000E+01 0.100003900000E+01 0.100003900000E+01 0.100003900000E+01 0.100003900000E+01 0.100003900000E+01 0.100003900000E+01 0.100003900000E+01 0.100003900000E+01 0.100003900000E+01 0.100003900000E+01 0.100003900000E+01 0.100003900000E+01
0.100003770000E+01 0.100003770000E+01 0.100003770000E+01 0.100003770000E+01 0.100003770000E+01 0.100003770000E+01 0.100003770000E+01 0.100003770000E+01 0.100003770000E+01 0.100003770000E+01 0.100003770000E+01 0.100003770000E+01 0.100003770000E+01 0.100003770000E+01 0.100003770000E+01 0.100003770000E+01 0.100003770000E+01 0.100003770000E+01 0.100003770000E+01 0.100003770000E+01
0.100003640000E+01 0.100003640000E+01 0.100003640000E+01 0.100003640000E+01 0.100003640000E+01 0.100003640000E+01 0.100003640000E+01 0.100003640000E+01 0.100003640000E+01 0.100003640000E+01 0.100003640000E+01 0.100003640000E+01 0.100003640000E+01 0.100003640000E+01 0.100003640000E+01 0.100003640000E+01 0.100003640000E+01 0.100003640000E+01 0.100003640000E+01 0.100003640000E+01
0.100003510000E+01 0.100003510000E+01 0.100003510000E+01 0.100003510000E+01 0.100003510000E+01 0.100003510000E+01 0.100003510000E+01 0.100003510000E+01 0.100003510000E+01 0.100003510000E+01 0.100003510000E+01 0.100003510000E+01 0.100003510000E+01 0.100003510000E+01 0.100003510000E+01 0.100003510000E+01 0.100003510000E+01 0.100003510000E+01 0.100003510000E+01 0.100003510000E+01
0.100003380000E+01 0.100003380000E+01 0.100003380000E+01 0.100003380000E+01 0.100003380000E+01 0.100003380000E+01 0.100003380000E+01 0.100003380000E+01 0.100003380000E+01 0.100003380000E+01 0.100003380000E+01 0.100003380000E+01 0.100003380000E+01 0.100003380000E+01 0.100003380000E+01 0.100003380000E+01 0.100003380000E+01 0.100003380000E+01 0.100003380000E+01 0.100003380000E+01
0.100003250000E+01 0.100003250000E+01 0.100003250000E+01 0.100003250000E+01 0.100003250000E+01 0.100003250000E+01 0.100003250000E+01 0.100003250000E+01 0.100003250000E+01 0.100003250000E+01 0.100003250000E+01 0.100003250000E+01 0.100003250000E+01 0.100003250000E+01 0.100003250000E+01 0.100003250000E+01 0.100003250000E+01 0.100003250000E+01 0.100003250000E+01 0.100003250000E+01
0.100003120000E+01 0.100003120000E+01 0.100003120000E+01 0.100003120000E+01 0.100003120000E+01 0.100003120000E+01 0.100003120000E+01 0.100003120000E+01 0.100003120000E+01 0.100003120000E+01 0.100003120000E+01 0.100003120000E+01 0.100003120000E+01 0.100003120000E+01 0.100003120000E+01 0.100003120000E+01 0.100003120000E+01 0.100003120000E+01 0.100003120000E+01 0.100003120000E+01
0.100002990000E+01 0.100002990000E+01 0.100002990000E+01 0.100002990000E+01 0.100002990000E+01 0.100002990000E+01 0.100002990000E+01 0.100002990000E+01 0.100002990000E+01 0.100002990000E+01 0.100002990000E+01 0.100002990000E+01 0.100002990000E+01 0.100002990000E+01 0.100002990000E+01 0.100002990000E+01 0.100002990000E+01 0.100002990000E+01 0.100002990000E+01 0.100002990000E+01
0.100002860000E+01 0.100002860000E+01 0.100002860000E+01 0.100002860000E+01 0.100002860000E+01 0.100002860000E+01 0.100002860000E+01 0.100002860000E+01 0.100002860000E+01 0.100002860000E+01 0.100002860000E+01 0.100002860000E+01 0.100002860000E+01 0.100002860000E+01 0.100002860000E+01 0.100002860000E+01 0.100002860000E+01 0.100002860000E+01 0.100002860000E+01 0.100002860000E+01
0.100002730000E+01 0.100002730000E+01 0.100002730000E+01 0.100002730000E+01 0.100002730000E+01 0.100002730000E+01 0.100002730000E+01 0.100002730000E+01 0.100002730000E+01 0.100002730000E+01 0.100002730000E+01 0.100002730000E+01 0.100002730000E+01 0.100002730000E+01 0.100002730000E+01 0.100002730000E+01 0.100002730000E+01 0.100002730000E+01 0.100002730000E+01 0.100002730000E+01
0.100002600000E+01 0.100002600000E+01 0.100002600000E+01 0.100002600000E+01 0.100002600000E+01 0.100002600000E+01 0.100002600000E+01 0.100002600000E+01 0.100002600000E+01 0.100002600000E+01 0.100002600000E+01 0.100002600000E+01 0.100002600000E+01 0.100002600000E+01 0.100002600000E+01 0.100002600000E+01 0.100002600000E+01 0.100002600000E+01 0.100002600000E+01 0.100002600000E+01
0.100002470000E+01 0.100002470000E+01 0.100002470000E+01 0.100002470000E+01 0.100002470000E+01 0.100002470000E+01 0.100002470000E+01 0.100002470000E+01 0.100002470000E+01 0.100002470000E+01 0.100002470000E+01 0.100002470000E+01 0.100002470000E+01 0.100002470000E+01 0.100002470000E+01 0.100002470000E+01 0.100002470000E+01 0.100002470000E+01 0.100002470000E+01 0.100002470000E+01
0.100002340000E+01 0.100002340000E+01 0.100002340000E+01 0.100002340000E+01 0.100002340000E+01 0.100002340000E+01 0.100002340000E+01 0.100002340000E+01 0.100002340000E+01 0.100002340000E+01 0.100002340000E+01 0.100002340000E+01 0.100002340000E+01 0.100002340000E+01 0.100002340000E+01 0.100002340000E+01 0.100002340000E+01 0.100002340000E+01 0.100002340000E+01 0.100002340000E+01
0.100002340000E+01 0.100002210000E+01 0.100002210000E+01 0.100002210000E+01 0.100002210000E+01 0.100002210000E+01 0.100002210000E+01 0.100002210000E+01 0.100002210000E+01 0.100002210000E+01 0.100002210000E+01 0.100002210000E+01 0.100002210000E+01 0.100002210000E+01 0.100002210000E+01 0.100002210000E+01 0.100002210000E+01 0.100002210000E+01 0.100002210000E+01 0.100002210000E+01
0.100002340000E+01 0.100002210000E+01 0.100002080000E+01 0.100002080000E+01 0.100002080000E+01 0.100002080000E+01 0.100002080000E+01 0.100002080000E+01 0.100002080000E+01 0.100002080000E+01 0.100002080000E+01 0.100002080000E+01 0.100002080000E+01 0.100002080000E+01 0.100002080000E+01 0.100002080000E+01 0.100002080000E+01 0.100002080000E+01 0.100002080000E+01 0.100002080000E+01
0.100002340000E+01 0.100002210000E+01 0.100002080000E+01 0.100001950000E+01 0.100001950000E+01 0.100001950000E+01 0.100001950000E+01 0.100001950000E+01 0.100001950000E+01 0.100001950000E+01 0.100001950000E+01 0.100001950000E+01 0.100001950000E+01 0.100001950000E+01 0.100001950000E+01 0.100001950000E+01 0.100001950000E+01 0.100001950000E+01 0.100001950000E+01 0.100001950000E+01
0.100002340000E+01 0.100002210000E+01 0.100002080000E+01 0.100001950000E+01 0.100001820000E+01 0.100001820000E+01 0.100001820000E+01 0.100001820000E+01 0.100001820000E+01 0.100001820000E+01 0.100001820000E+01 0.100001820000E+01 0.100001820000E+01 0.100001820000E+01 0.100001820000E+01 0.100001820000E+01 0.100001820000E+01 0.100001820000E+01 0.100001820000E+01 0.100001820000E+01
0.100002340000E+01 0.100002210000E+01 0.100002080000E+01 0.100001950000E+01 0.100001820000E+01 0.100001690000E+01 0.100001690000E+01 0.100001690000E+01 0.100001690000E+01 0.100001690000E+01 0.100001690000E+01 0.100001690000E+01 0.100001690000E+01 0.100001690000E+01 0.100001690000E+01 0.100001690000E+01 0.100001690000E+01 0.100001690000E+01 0.100001690000E+01 0.100001690000E+01
0.100002340000E+01 0.100002210000E+01 0.100002080000E+01 0.100001950000E+01 0.100001820000E+01 0.100001690000E+01 0.100001560000E+01 0.100001560000E+01 0.100001560000E+01 0.100001560000E+01 0.100001560000E+01 0.100001560000E+01 0.100001560000E+01 0.100001560000E+01 0.100001560000E+01 0.100001560000E+01 0.100001560000E+01 0.100001560000E+01 0.100001560000E+01 0.100001560000E+01
0.100002340000E+01 0.100002210000E+01 0.100002080000E+01 0.100001950000E+01 0.100001820000E+01 0.100001690000E+01 0.100001560000E+01 0.100001430000E+01 0.100001430000E+01 0.100001430000E+01 0.100001430000E+01 0.100001430000E+01 0.100001430000E+01 0.100001430000E+01 0.100001430000E+01 0.100001430000E+01 0.100001430000E+01 0.100001430000E+01 0.100001430000E+01 0.100001430000E+01
0.100002340000E+01 0.100002210000E+01 0.100002080000E+01 0.100001950000E+01 0.100001820000E+01 0.100001690000E+01 0.100001560000E+01 0.100001430000E+01 0.100001300000E+01 0.100001300000E+01 0.100001300000E+01 0.100001300000E+01 0.100001300000E+01 0.100001300000E+01 0.100001300000E+01 0.100001300000E+01 0.100001300000E+01 0.100001300000E+01 0.100001300000E+01 0.100001300000E+01
0.100002340000E+01 0.100002210000E+01 0.100002080000E+01 0.100001950000E+01 0.100001820000E+01 0.100001690000E+01 0.100001560000E+01 0.100001430000E+01 0.100001300000E+01 0.100001170000E+01 0.100001170000E+01 0.100001170000E+01 0.100001170000E+01 0.100001170000E+01 0.100001170000E+01 0.100001170000E+01 0.100001170000E+01 0.100001170000E+01 0.100001170000E+01 0.100001170000E+01
0.100002340000E+01 0.100002210000E+01 0.100002080000E+01 0.100001950000E+01 0.100001820000E+01 0.100001690000E+01 0.100001560000E+01 0.100001430000E+01 0.100001300000E+01 0.100001170000E+01 0.100001040000E+01 0.100001040000E+01 0.100001040000E+01 0.100001040000E+01 0.100001040000E+01 0.100001040000E+01 0.100001040000E+01 0.100001040000E+01 0.100001040000E+01 0.100001040000E+01
0.100002340000E+01 0.100002210000E+01 0.100002080000E+01 0.100001950000E+01 0.100001820000E+01 0.100001690000E+01 0.100001560000E+01 0.100001430000E+01 0.100001300000E+01 0.100001170000E+01 0.100001040000E+01 0.100000910000E+01 0.100000910000E+01 0.100000910000E+01 0.100000910000E+01 0.100000910000E+01 0.100000910000E+01 0.100000910000E+01 0.100000910000E+01 0.100000910000E+01
