examplesTmp/Luca/my_first_project/prepro/dtm_A_inflow
north:     0
south:        4000.00000000
east:      0
west:        10000.00000000
rows:     50
cols:     20
          0.00          0.00          0.00          0.00          0.00          0.00          0.00          0.00          0.00          0.00          0.00          0.00          0.00          0.00          0.00          0.00          0.00          0.00          0.00          0.00
        100.00        100.00        100.00        100.00        100.00        100.00        100.00        100.00        100.00        100.00        100.00        100.00        100.00        100.00        100.00        100.00        100.00        100.00        100.00        100.00
        200.00        200.00        200.00        200.00        200.00        200.00        200.00        200.00        200.00        200.00        200.00        200.00        200.00        200.00        200.00        200.00        200.00        200.00        200.00        200.00
        300.00        300.00        300.00        300.00        300.00        300.00        300.00        300.00        300.00        300.00        300.00        300.00        300.00        300.00        300.00        300.00        300.00        300.00        300.00        300.00
        400.00        400.00        400.00        400.00        400.00        400.00        400.00        400.00        400.00        400.00        400.00        400.00        400.00        400.00        400.00        400.00        400.00        400.00        400.00        400.00
        500.00        500.00        500.00        500.00        500.00        500.00        500.00        500.00        500.00        500.00        500.00        500.00        500.00        500.00        500.00        500.00        500.00        500.00        500.00        500.00
        600.00        600.00        600.00        600.00        600.00        600.00        600.00        600.00        600.00        600.00        600.00        600.00        600.00        600.00        600.00        600.00        600.00        600.00        600.00        600.00
        700.00        700.00        700.00        700.00        700.00        700.00        700.00        700.00        700.00        700.00        700.00        700.00        700.00        700.00        700.00        700.00        700.00        700.00        700.00        700.00
        800.00        800.00        800.00        800.00        800.00        800.00        800.00        800.00        800.00        800.00        800.00        800.00        800.00        800.00        800.00        800.00        800.00        800.00        800.00        800.00
        900.00        900.00        900.00        900.00        900.00        900.00        900.00        900.00        900.00        900.00        900.00        900.00        900.00        900.00        900.00        900.00        900.00        900.00        900.00        900.00
       1000.00       1000.00       1000.00       1000.00       1000.00       1000.00       1000.00       1000.00       1000.00       1000.00       1000.00       1000.00       1000.00       1000.00       1000.00       1000.00       1000.00       1000.00       1000.00       1000.00
       1100.00       1100.00       1100.00       1100.00       1100.00       1100.00       1100.00       1100.00       1100.00       1100.00       1100.00       1100.00       1100.00       1100.00       1100.00       1100.00       1100.00       1100.00       1100.00       1100.00
       1200.00       1200.00       1200.00       1200.00       1200.00       1200.00       1200.00       1200.00       1200.00       1200.00       1200.00       1200.00       1200.00       1200.00       1200.00       1200.00       1200.00       1200.00       1200.00       1200.00
       1300.00       1300.00       1300.00       1300.00       1300.00       1300.00       1300.00       1300.00       1300.00       1300.00       1300.00       1300.00       1300.00       1300.00       1300.00       1300.00       1300.00       1300.00       1300.00       1300.00
       1400.00       1400.00       1400.00       1400.00       1400.00       1400.00       1400.00       1400.00       1400.00       1400.00       1400.00       1400.00       1400.00       1400.00       1400.00       1400.00       1400.00       1400.00       1400.00       1400.00
       1500.00       1500.00       1500.00       1500.00       1500.00       1500.00       1500.00       1500.00       1500.00       1500.00       1500.00       1500.00       1500.00       1500.00       1500.00       1500.00       1500.00       1500.00       1500.00       1500.00
       1600.00       1600.00       1600.00       1600.00       1600.00       1600.00       1600.00       1600.00       1600.00       1600.00       1600.00       1600.00       1600.00       1600.00       1600.00       1600.00       1600.00       1600.00       1600.00       1600.00
       1700.00       1700.00       1700.00       1700.00       1700.00       1700.00       1700.00       1700.00       1700.00       1700.00       1700.00       1700.00       1700.00       1700.00       1700.00       1700.00       1700.00       1700.00       1700.00       1700.00
       1800.00       1800.00       1800.00       1800.00       1800.00       1800.00       1800.00       1800.00       1800.00       1800.00       1800.00       1800.00       1800.00       1800.00       1800.00       1800.00       1800.00       1800.00       1800.00       1800.00
       1900.00       1900.00       1900.00       1900.00       1900.00       1900.00       1900.00       1900.00       1900.00       1900.00       1900.00       1900.00       1900.00       1900.00       1900.00       1900.00       1900.00       1900.00       1900.00       1900.00
       2000.00       2000.00       2000.00       2000.00       2000.00       2000.00       2000.00       2000.00       2000.00       2000.00       2000.00       2000.00       2000.00       2000.00       2000.00       2000.00       2000.00       2000.00       2000.00       2000.00
       2100.00       2100.00       2100.00       2100.00       2100.00       2100.00       2100.00       2100.00       2100.00       2100.00       2100.00       2100.00       2100.00       2100.00       2100.00       2100.00       2100.00       2100.00       2100.00       2100.00
       2200.00       2200.00       2200.00       2200.00       2200.00       2200.00       2200.00       2200.00       2200.00       2200.00       2200.00       2200.00       2200.00       2200.00       2200.00       2200.00       2200.00       2200.00       2200.00       2200.00
       2300.00       2300.00       2300.00       2300.00       2300.00       2300.00       2300.00       2300.00       2300.00       2300.00       2300.00       2300.00       2300.00       2300.00       2300.00       2300.00       2300.00       2300.00       2300.00       2300.00
       2400.00       2400.00       2400.00       2400.00       2400.00       2400.00       2400.00       2400.00       2400.00       2400.00       2400.00       2400.00       2400.00       2400.00       2400.00       2400.00       2400.00       2400.00       2400.00       2400.00
       2500.00       2500.00       2500.00       2500.00       2500.00       2500.00       2500.00       2500.00       2500.00       2500.00       2500.00       2500.00       2500.00       2500.00       2500.00       2500.00       2500.00       2500.00       2500.00       2500.00
       2600.00       2600.00       2600.00       2600.00       2600.00       2600.00       2600.00       2600.00       2600.00       2600.00       2600.00       2600.00       2600.00       2600.00       2600.00       2600.00       2600.00       2600.00       2600.00       2600.00
       2700.00       2700.00       2700.00       2700.00       2700.00       2700.00       2700.00       2700.00       2700.00       2700.00       2700.00       2700.00       2700.00       2700.00       2700.00       2700.00       2700.00       2700.00       2700.00       2700.00
       2800.00       2800.00       2800.00       2800.00       2800.00       2800.00       2800.00       2800.00       2800.00       2800.00       2800.00       2800.00       2800.00       2800.00       2800.00       2800.00       2800.00       2800.00       2800.00       2800.00
       2900.00       2900.00       2900.00       2900.00       2900.00       2900.00       2900.00       2900.00       2900.00       2900.00       2900.00       2900.00       2900.00       2900.00       2900.00       2900.00       2900.00       2900.00       2900.00       2900.00
       3000.00       3000.00       3000.00       3000.00       3000.00       3000.00       3000.00       3000.00       3000.00       3000.00       3000.00       3000.00       3000.00       3000.00       3000.00       3000.00       3000.00       3000.00       3000.00       3000.00
          0.00       6300.00       3100.00       3100.00       3100.00       3100.00       3100.00       3100.00       3100.00       3100.00       3100.00       3100.00       3100.00       3100.00       3100.00       3100.00       3100.00       3100.00       3100.00       3100.00
          0.00        100.00       9800.00       3200.00       3200.00       3200.00       3200.00       3200.00       3200.00       3200.00       3200.00       3200.00       3200.00       3200.00       3200.00       3200.00       3200.00       3200.00       3200.00       3200.00
          0.00        100.00        200.00      13500.00       3300.00       3300.00       3300.00       3300.00       3300.00       3300.00       3300.00       3300.00       3300.00       3300.00       3300.00       3300.00       3300.00       3300.00       3300.00       3300.00
          0.00        100.00        200.00        300.00      17400.00       3400.00       3400.00       3400.00       3400.00       3400.00       3400.00       3400.00       3400.00       3400.00       3400.00       3400.00       3400.00       3400.00       3400.00       3400.00
          0.00        100.00        200.00        300.00        400.00      21500.00       3500.00       3500.00       3500.00       3500.00       3500.00       3500.00       3500.00       3500.00       3500.00       3500.00       3500.00       3500.00       3500.00       3500.00
          0.00        100.00        200.00        300.00        400.00        500.00      25800.00       3600.00       3600.00       3600.00       3600.00       3600.00       3600.00       3600.00       3600.00       3600.00       3600.00       3600.00       3600.00       3600.00
          0.00        100.00        200.00        300.00        400.00        500.00        600.00      30300.00       3700.00       3700.00       3700.00       3700.00       3700.00       3700.00       3700.00       3700.00       3700.00       3700.00       3700.00       3700.00
          0.00        100.00        200.00        300.00        400.00        500.00        600.00        700.00      35000.00       3800.00       3800.00       3800.00       3800.00       3800.00       3800.00       3800.00       3800.00       3800.00       3800.00       3800.00
          0.00        100.00        200.00        300.00        400.00        500.00        600.00        700.00        800.00      39900.00       3900.00       3900.00       3900.00       3900.00       3900.00       3900.00       3900.00       3900.00       3900.00       3900.00
          0.00        100.00        200.00        300.00        400.00        500.00        600.00        700.00        800.00        900.00      45000.00       4000.00       4000.00       4000.00       4000.00       4000.00       4000.00       4000.00       4000.00       4000.00
          0.00        100.00        200.00        300.00        400.00        500.00        600.00        700.00        800.00        900.00       1000.00      50300.00       4100.00       4100.00       4100.00       4100.00       4100.00       4100.00       4100.00       4100.00
          0.00        100.00        200.00        300.00        400.00        500.00        600.00        700.00        800.00        900.00       1000.00       1100.00      55800.00       4200.00       4200.00       4200.00       4200.00       4200.00       4200.00       4200.00
          0.00        100.00        200.00        300.00        400.00        500.00        600.00        700.00        800.00        900.00       1000.00       1100.00       1200.00      61500.00       4300.00       4300.00       4300.00       4300.00       4300.00       4300.00
          0.00        100.00        200.00        300.00        400.00        500.00        600.00        700.00        800.00        900.00       1000.00       1100.00       1200.00       1300.00      67400.00       4400.00       4400.00       4400.00       4400.00       4400.00
          0.00        100.00        200.00        300.00        400.00        500.00        600.00        700.00        800.00        900.00       1000.00       1100.00       1200.00       1300.00       1400.00      73500.00       4500.00       4500.00       4500.00       4500.00
          0.00        100.00        200.00        300.00        400.00        500.00        600.00        700.00        800.00        900.00       1000.00       1100.00       1200.00       1300.00       1400.00       1500.00      79800.00       4600.00       4600.00       4600.00
          0.00        100.00        200.00        300.00        400.00        500.00        600.00        700.00        800.00        900.00       1000.00       1100.00       1200.00       1300.00       1400.00       1500.00       1600.00      86300.00       4700.00       4700.00
          0.00        100.00        200.00        300.00        400.00        500.00        600.00        700.00        800.00        900.00       1000.00       1100.00       1200.00       1300.00       1400.00       1500.00       1600.00       1700.00      93000.00       4800.00
          0.00        100.00        200.00        300.00        400.00        500.00        600.00        700.00        800.00        900.00       1000.00       1100.00       1200.00       1300.00       1400.00       1500.00       1600.00       1700.00       1800.00      99900.00
