examplesTmp/Luca/my_first_project4/prepro/dem
north:     0
south:           0.00000000
east:      0
west:            0.00000000
rows:     40
cols:     20
   0.100000247000E+01   0.100000247000E+01   0.100000247000E+01   0.100000247000E+01   0.100000247000E+01   0.100000247000E+01   0.100000247000E+01   0.100000247000E+01   0.100000247000E+01   0.100000247000E+01   0.100000247000E+01   0.100000247000E+01   0.100000247000E+01   0.100000247000E+01   0.100000247000E+01   0.100000247000E+01   0.100000247000E+01   0.100000247000E+01   0.100000247000E+01   0.100000247000E+01
   0.100000240500E+01   0.100000240500E+01   0.100000240500E+01   0.100000240500E+01   0.100000240500E+01   0.100000240500E+01   0.100000240500E+01   0.100000240500E+01   0.100000240500E+01   0.100000240500E+01   0.100000240500E+01   0.100000240500E+01   0.100000240500E+01   0.100000240500E+01   0.100000240500E+01   0.100000240500E+01   0.100000240500E+01   0.100000240500E+01   0.100000240500E+01   0.100000240500E+01
   0.100000234000E+01   0.100000234000E+01   0.100000234000E+01   0.100000234000E+01   0.100000234000E+01   0.100000234000E+01   0.100000234000E+01   0.100000234000E+01   0.100000234000E+01   0.100000234000E+01   0.100000234000E+01   0.100000234000E+01   0.100000234000E+01   0.100000234000E+01   0.100000234000E+01   0.100000234000E+01   0.100000234000E+01   0.100000234000E+01   0.100000234000E+01   0.100000234000E+01
   0.100000227500E+01   0.100000227500E+01   0.100000227500E+01   0.100000227500E+01   0.100000227500E+01   0.100000227500E+01   0.100000227500E+01   0.100000227500E+01   0.100000227500E+01   0.100000227500E+01   0.100000227500E+01   0.100000227500E+01   0.100000227500E+01   0.100000227500E+01   0.100000227500E+01   0.100000227500E+01   0.100000227500E+01   0.100000227500E+01   0.100000227500E+01   0.100000227500E+01
   0.100000221000E+01   0.100000221000E+01   0.100000221000E+01   0.100000221000E+01   0.100000221000E+01   0.100000221000E+01   0.100000221000E+01   0.100000221000E+01   0.100000221000E+01   0.100000221000E+01   0.100000221000E+01   0.100000221000E+01   0.100000221000E+01   0.100000221000E+01   0.100000221000E+01   0.100000221000E+01   0.100000221000E+01   0.100000221000E+01   0.100000221000E+01   0.100000221000E+01
   0.100000214500E+01   0.100000214500E+01   0.100000214500E+01   0.100000214500E+01   0.100000214500E+01   0.100000214500E+01   0.100000214500E+01   0.100000214500E+01   0.100000214500E+01   0.100000214500E+01   0.100000214500E+01   0.100000214500E+01   0.100000214500E+01   0.100000214500E+01   0.100000214500E+01   0.100000214500E+01   0.100000214500E+01   0.100000214500E+01   0.100000214500E+01   0.100000214500E+01
   0.100000208000E+01   0.100000208000E+01   0.100000208000E+01   0.100000208000E+01   0.100000208000E+01   0.100000208000E+01   0.100000208000E+01   0.100000208000E+01   0.100000208000E+01   0.100000208000E+01   0.100000208000E+01   0.100000208000E+01   0.100000208000E+01   0.100000208000E+01   0.100000208000E+01   0.100000208000E+01   0.100000208000E+01   0.100000208000E+01   0.100000208000E+01   0.100000208000E+01
   0.100000201500E+01   0.100000201500E+01   0.100000201500E+01   0.100000201500E+01   0.100000201500E+01   0.100000201500E+01   0.100000201500E+01   0.100000201500E+01   0.100000201500E+01   0.100000201500E+01   0.100000201500E+01   0.100000201500E+01   0.100000201500E+01   0.100000201500E+01   0.100000201500E+01   0.100000201500E+01   0.100000201500E+01   0.100000201500E+01   0.100000201500E+01   0.100000201500E+01
   0.100000195000E+01   0.100000195000E+01   0.100000195000E+01   0.100000195000E+01   0.100000195000E+01   0.100000195000E+01   0.100000195000E+01   0.100000195000E+01   0.100000195000E+01   0.100000195000E+01   0.100000195000E+01   0.100000195000E+01   0.100000195000E+01   0.100000195000E+01   0.100000195000E+01   0.100000195000E+01   0.100000195000E+01   0.100000195000E+01   0.100000195000E+01   0.100000195000E+01
   0.100000188500E+01   0.100000188500E+01   0.100000188500E+01   0.100000188500E+01   0.100000188500E+01   0.100000188500E+01   0.100000188500E+01   0.100000188500E+01   0.100000188500E+01   0.100000188500E+01   0.100000188500E+01   0.100000188500E+01   0.100000188500E+01   0.100000188500E+01   0.100000188500E+01   0.100000188500E+01   0.100000188500E+01   0.100000188500E+01   0.100000188500E+01   0.100000188500E+01
   0.100000182000E+01   0.100000182000E+01   0.100000182000E+01   0.100000182000E+01   0.100000182000E+01   0.100000182000E+01   0.100000182000E+01   0.100000182000E+01   0.100000182000E+01   0.100000182000E+01   0.100000182000E+01   0.100000182000E+01   0.100000182000E+01   0.100000182000E+01   0.100000182000E+01   0.100000182000E+01   0.100000182000E+01   0.100000182000E+01   0.100000182000E+01   0.100000182000E+01
   0.100000175500E+01   0.100000175500E+01   0.100000175500E+01   0.100000175500E+01   0.100000175500E+01   0.100000175500E+01   0.100000175500E+01   0.100000175500E+01   0.100000175500E+01   0.100000175500E+01   0.100000175500E+01   0.100000175500E+01   0.100000175500E+01   0.100000175500E+01   0.100000175500E+01   0.100000175500E+01   0.100000175500E+01   0.100000175500E+01   0.100000175500E+01   0.100000175500E+01
   0.100000169000E+01   0.100000169000E+01   0.100000169000E+01   0.100000169000E+01   0.100000169000E+01   0.100000169000E+01   0.100000169000E+01   0.100000169000E+01   0.100000169000E+01   0.100000169000E+01   0.100000169000E+01   0.100000169000E+01   0.100000169000E+01   0.100000169000E+01   0.100000169000E+01   0.100000169000E+01   0.100000169000E+01   0.100000169000E+01   0.100000169000E+01   0.100000169000E+01
   0.100000162500E+01   0.100000162500E+01   0.100000162500E+01   0.100000162500E+01   0.100000162500E+01   0.100000162500E+01   0.100000162500E+01   0.100000162500E+01   0.100000162500E+01   0.100000162500E+01   0.100000162500E+01   0.100000162500E+01   0.100000162500E+01   0.100000162500E+01   0.100000162500E+01   0.100000162500E+01   0.100000162500E+01   0.100000162500E+01   0.100000162500E+01   0.100000162500E+01
   0.100000156000E+01   0.100000156000E+01   0.100000156000E+01   0.100000156000E+01   0.100000156000E+01   0.100000156000E+01   0.100000156000E+01   0.100000156000E+01   0.100000156000E+01   0.100000156000E+01   0.100000156000E+01   0.100000156000E+01   0.100000156000E+01   0.100000156000E+01   0.100000156000E+01   0.100000156000E+01   0.100000156000E+01   0.100000156000E+01   0.100000156000E+01   0.100000156000E+01
   0.100000149500E+01   0.100000149500E+01   0.100000149500E+01   0.100000149500E+01   0.100000149500E+01   0.100000149500E+01   0.100000149500E+01   0.100000149500E+01   0.100000149500E+01   0.100000149500E+01   0.100000149500E+01   0.100000149500E+01   0.100000149500E+01   0.100000149500E+01   0.100000149500E+01   0.100000149500E+01   0.100000149500E+01   0.100000149500E+01   0.100000149500E+01   0.100000149500E+01
   0.100000143000E+01   0.100000143000E+01   0.100000143000E+01   0.100000143000E+01   0.100000143000E+01   0.100000143000E+01   0.100000143000E+01   0.100000143000E+01   0.100000143000E+01   0.100000143000E+01   0.100000143000E+01   0.100000143000E+01   0.100000143000E+01   0.100000143000E+01   0.100000143000E+01   0.100000143000E+01   0.100000143000E+01   0.100000143000E+01   0.100000143000E+01   0.100000143000E+01
   0.100000136500E+01   0.100000136500E+01   0.100000136500E+01   0.100000136500E+01   0.100000136500E+01   0.100000136500E+01   0.100000136500E+01   0.100000136500E+01   0.100000136500E+01   0.100000136500E+01   0.100000136500E+01   0.100000136500E+01   0.100000136500E+01   0.100000136500E+01   0.100000136500E+01   0.100000136500E+01   0.100000136500E+01   0.100000136500E+01   0.100000136500E+01   0.100000136500E+01
   0.100000130000E+01   0.100000130000E+01   0.100000130000E+01   0.100000130000E+01   0.100000130000E+01   0.100000130000E+01   0.100000130000E+01   0.100000130000E+01   0.100000130000E+01   0.100000130000E+01   0.100000130000E+01   0.100000130000E+01   0.100000130000E+01   0.100000130000E+01   0.100000130000E+01   0.100000130000E+01   0.100000130000E+01   0.100000130000E+01   0.100000130000E+01   0.100000130000E+01
   0.100000123500E+01   0.100000123500E+01   0.100000123500E+01   0.100000123500E+01   0.100000123500E+01   0.100000123500E+01   0.100000123500E+01   0.100000123500E+01   0.100000123500E+01   0.100000123500E+01   0.100000123500E+01   0.100000123500E+01   0.100000123500E+01   0.100000123500E+01   0.100000123500E+01   0.100000123500E+01   0.100000123500E+01   0.100000123500E+01   0.100000123500E+01   0.100000123500E+01
   0.100000117000E+01   0.100000117000E+01   0.100000117000E+01   0.100000117000E+01   0.100000117000E+01   0.100000117000E+01   0.100000117000E+01   0.100000117000E+01   0.100000117000E+01   0.100000117000E+01   0.100000117000E+01   0.100000117000E+01   0.100000117000E+01   0.100000117000E+01   0.100000117000E+01   0.100000117000E+01   0.100000117000E+01   0.100000117000E+01   0.100000117000E+01   0.100000117000E+01
   0.100000117000E+01   0.100000110500E+01   0.100000110500E+01   0.100000110500E+01   0.100000110500E+01   0.100000110500E+01   0.100000110500E+01   0.100000110500E+01   0.100000110500E+01   0.100000110500E+01   0.100000110500E+01   0.100000110500E+01   0.100000110500E+01   0.100000110500E+01   0.100000110500E+01   0.100000110500E+01   0.100000110500E+01   0.100000110500E+01   0.100000110500E+01   0.100000110500E+01
   0.100000117000E+01   0.100000110500E+01   0.100000104000E+01   0.100000104000E+01   0.100000104000E+01   0.100000104000E+01   0.100000104000E+01   0.100000104000E+01   0.100000104000E+01   0.100000104000E+01   0.100000104000E+01   0.100000104000E+01   0.100000104000E+01   0.100000104000E+01   0.100000104000E+01   0.100000104000E+01   0.100000104000E+01   0.100000104000E+01   0.100000104000E+01   0.100000104000E+01
   0.100000117000E+01   0.100000110500E+01   0.100000104000E+01   0.100000097500E+01   0.100000097500E+01   0.100000097500E+01   0.100000097500E+01   0.100000097500E+01   0.100000097500E+01   0.100000097500E+01   0.100000097500E+01   0.100000097500E+01   0.100000097500E+01   0.100000097500E+01   0.100000097500E+01   0.100000097500E+01   0.100000097500E+01   0.100000097500E+01   0.100000097500E+01   0.100000097500E+01
   0.100000117000E+01   0.100000110500E+01   0.100000104000E+01   0.100000097500E+01   0.100000091000E+01   0.100000091000E+01   0.100000091000E+01   0.100000091000E+01   0.100000091000E+01   0.100000091000E+01   0.100000091000E+01   0.100000091000E+01   0.100000091000E+01   0.100000091000E+01   0.100000091000E+01   0.100000091000E+01   0.100000091000E+01   0.100000091000E+01   0.100000091000E+01   0.100000091000E+01
   0.100000117000E+01   0.100000110500E+01   0.100000104000E+01   0.100000097500E+01   0.100000091000E+01   0.100000084500E+01   0.100000084500E+01   0.100000084500E+01   0.100000084500E+01   0.100000084500E+01   0.100000084500E+01   0.100000084500E+01   0.100000084500E+01   0.100000084500E+01   0.100000084500E+01   0.100000084500E+01   0.100000084500E+01   0.100000084500E+01   0.100000084500E+01   0.100000084500E+01
   0.100000117000E+01   0.100000110500E+01   0.100000104000E+01   0.100000097500E+01   0.100000091000E+01   0.100000084500E+01   0.100000078000E+01   0.100000078000E+01   0.100000078000E+01   0.100000078000E+01   0.100000078000E+01   0.100000078000E+01   0.100000078000E+01   0.100000078000E+01   0.100000078000E+01   0.100000078000E+01   0.100000078000E+01   0.100000078000E+01   0.100000078000E+01   0.100000078000E+01
   0.100000117000E+01   0.100000110500E+01   0.100000104000E+01   0.100000097500E+01   0.100000091000E+01   0.100000084500E+01   0.100000078000E+01   0.100000071500E+01   0.100000071500E+01   0.100000071500E+01   0.100000071500E+01   0.100000071500E+01   0.100000071500E+01   0.100000071500E+01   0.100000071500E+01   0.100000071500E+01   0.100000071500E+01   0.100000071500E+01   0.100000071500E+01   0.100000071500E+01
   0.100000117000E+01   0.100000110500E+01   0.100000104000E+01   0.100000097500E+01   0.100000091000E+01   0.100000084500E+01   0.100000078000E+01   0.100000071500E+01   0.100000065000E+01   0.100000065000E+01   0.100000065000E+01   0.100000065000E+01   0.100000065000E+01   0.100000065000E+01   0.100000065000E+01   0.100000065000E+01   0.100000065000E+01   0.100000065000E+01   0.100000065000E+01   0.100000065000E+01
   0.100000117000E+01   0.100000110500E+01   0.100000104000E+01   0.100000097500E+01   0.100000091000E+01   0.100000084500E+01   0.100000078000E+01   0.100000071500E+01   0.100000065000E+01   0.100000058500E+01   0.100000058500E+01   0.100000058500E+01   0.100000058500E+01   0.100000058500E+01   0.100000058500E+01   0.100000058500E+01   0.100000058500E+01   0.100000058500E+01   0.100000058500E+01   0.100000058500E+01
   0.100000117000E+01   0.100000110500E+01   0.100000104000E+01   0.100000097500E+01   0.100000091000E+01   0.100000084500E+01   0.100000078000E+01   0.100000071500E+01   0.100000065000E+01   0.100000058500E+01   0.100000052000E+01   0.100000052000E+01   0.100000052000E+01   0.100000052000E+01   0.100000052000E+01   0.100000052000E+01   0.100000052000E+01   0.100000052000E+01   0.100000052000E+01   0.100000052000E+01
   0.100000117000E+01   0.100000110500E+01   0.100000104000E+01   0.100000097500E+01   0.100000091000E+01   0.100000084500E+01   0.100000078000E+01   0.100000071500E+01   0.100000065000E+01   0.100000058500E+01   0.100000052000E+01   0.100000045500E+01   0.100000045500E+01   0.100000045500E+01   0.100000045500E+01   0.100000045500E+01   0.100000045500E+01   0.100000045500E+01   0.100000045500E+01   0.100000045500E+01
   0.100000117000E+01   0.100000110500E+01   0.100000104000E+01   0.100000097500E+01   0.100000091000E+01   0.100000084500E+01   0.100000078000E+01   0.100000071500E+01   0.100000065000E+01   0.100000058500E+01   0.100000052000E+01   0.100000045500E+01   0.100000039000E+01   0.100000039000E+01   0.100000039000E+01   0.100000039000E+01   0.100000039000E+01   0.100000039000E+01   0.100000039000E+01   0.100000039000E+01
   0.100000117000E+01   0.100000110500E+01   0.100000104000E+01   0.100000097500E+01   0.100000091000E+01   0.100000084500E+01   0.100000078000E+01   0.100000071500E+01   0.100000065000E+01   0.100000058500E+01   0.100000052000E+01   0.100000045500E+01   0.100000039000E+01   0.100000032500E+01   0.100000032500E+01   0.100000032500E+01   0.100000032500E+01   0.100000032500E+01   0.100000032500E+01   0.100000032500E+01
   0.100000117000E+01   0.100000110500E+01   0.100000104000E+01   0.100000097500E+01   0.100000091000E+01   0.100000084500E+01   0.100000078000E+01   0.100000071500E+01   0.100000065000E+01   0.100000058500E+01   0.100000052000E+01   0.100000045500E+01   0.100000039000E+01   0.100000032500E+01   0.100000026000E+01   0.100000026000E+01   0.100000026000E+01   0.100000026000E+01   0.100000026000E+01   0.100000026000E+01
   0.100000117000E+01   0.100000110500E+01   0.100000104000E+01   0.100000097500E+01   0.100000091000E+01   0.100000084500E+01   0.100000078000E+01   0.100000071500E+01   0.100000065000E+01   0.100000058500E+01   0.100000052000E+01   0.100000045500E+01   0.100000039000E+01   0.100000032500E+01   0.100000026000E+01   0.100000019500E+01   0.100000019500E+01   0.100000019500E+01   0.100000019500E+01   0.100000019500E+01
   0.100000117000E+01   0.100000110500E+01   0.100000104000E+01   0.100000097500E+01   0.100000091000E+01   0.100000084500E+01   0.100000078000E+01   0.100000071500E+01   0.100000065000E+01   0.100000058500E+01   0.100000052000E+01   0.100000045500E+01   0.100000039000E+01   0.100000032500E+01   0.100000026000E+01   0.100000019500E+01   0.100000013000E+01   0.100000013000E+01   0.100000013000E+01   0.100000013000E+01
   0.100000117000E+01   0.100000110500E+01   0.100000104000E+01   0.100000097500E+01   0.100000091000E+01   0.100000084500E+01   0.100000078000E+01   0.100000071500E+01   0.100000065000E+01   0.100000058500E+01   0.100000052000E+01   0.100000045500E+01   0.100000039000E+01   0.100000032500E+01   0.100000026000E+01   0.100000019500E+01   0.100000013000E+01   0.100000006500E+01   0.100000006500E+01   0.100000006500E+01
   0.100000117000E+01   0.100000110500E+01   0.100000104000E+01   0.100000097500E+01   0.100000091000E+01   0.100000084500E+01   0.100000078000E+01   0.100000071500E+01   0.100000065000E+01   0.100000058500E+01   0.100000052000E+01   0.100000045500E+01   0.100000039000E+01   0.100000032500E+01   0.100000026000E+01   0.100000019500E+01   0.100000013000E+01   0.100000006500E+01   0.100000000000E+01   0.100000000000E+01
   0.100000117000E+01   0.100000110500E+01   0.100000104000E+01   0.100000097500E+01   0.100000091000E+01   0.100000084500E+01   0.100000078000E+01   0.100000071500E+01   0.100000065000E+01   0.100000058500E+01   0.100000052000E+01   0.100000045500E+01   0.100000039000E+01   0.100000032500E+01   0.100000026000E+01   0.100000019500E+01   0.100000013000E+01   0.100000006500E+01   0.100000000000E+01   0.999000000000E+00
