                     #***** Cumulative flow volumes ***** 
# Nstep    Deltat      Time  SeepageF  nansfDir  nansfNeu   Nudging  net (VTOT)
      1  1.00E-02  1.00E-02  0.00E+00  0.00E+00  0.00E+00  0.00E+00 -6.1009E-08
      2  5.00E-03  1.50E-02  0.00E+00  0.00E+00  0.00E+00  0.00E+00 -1.1543E-07
      3  5.50E-03  2.05E-02  0.00E+00  0.00E+00  0.00E+00  0.00E+00 -6.1452E-08
      4  6.05E-03  2.66E-02  0.00E+00  0.00E+00  0.00E+00  0.00E+00  7.3507E-08
      5  6.66E-03  3.32E-02  0.00E+00  0.00E+00  0.00E+00  0.00E+00  1.5424E-07
      6  7.32E-03  4.05E-02  0.00E+00  0.00E+00  0.00E+00  0.00E+00  2.0159E-07
      7  8.05E-03  4.86E-02  0.00E+00  0.00E+00  0.00E+00  0.00E+00  8.2964E-07
      8  8.86E-03  5.74E-02  0.00E+00  0.00E+00  0.00E+00  0.00E+00  1.9906E-06
      9  9.74E-03  6.72E-02  0.00E+00  0.00E+00  0.00E+00  0.00E+00  2.9144E-06
     10  1.07E-02  7.79E-02  0.00E+00  0.00E+00  0.00E+00  0.00E+00  3.6426E-06
     11  1.18E-02  8.97E-02  0.00E+00  0.00E+00  0.00E+00  0.00E+00  4.2099E-06
     12  1.30E-02  1.03E-01  0.00E+00  0.00E+00  0.00E+00  0.00E+00  4.6459E-06
     13  1.43E-02  1.17E-01  0.00E+00  0.00E+00  0.00E+00  0.00E+00  4.9732E-06
     14  1.57E-02  1.33E-01  0.00E+00  0.00E+00  0.00E+00  0.00E+00  5.2087E-06
     15  1.73E-02  1.50E-01  0.00E+00  0.00E+00  0.00E+00  0.00E+00  5.3660E-06
     16  1.90E-02  1.69E-01  0.00E+00  0.00E+00  0.00E+00  0.00E+00  5.4561E-06
     17  2.09E-02  1.90E-01  0.00E+00  0.00E+00  0.00E+00  0.00E+00  5.4872E-06
     18  2.30E-02  2.13E-01  0.00E+00  0.00E+00  0.00E+00  0.00E+00  5.4660E-06
     19  2.53E-02  2.38E-01  0.00E+00  0.00E+00  0.00E+00  0.00E+00  5.3973E-06
     20  2.78E-02  2.66E-01  0.00E+00  0.00E+00  0.00E+00  0.00E+00  5.2846E-06
     21  3.06E-02  2.96E-01  0.00E+00  0.00E+00  0.00E+00  0.00E+00  5.1304E-06
     22  3.36E-02  3.30E-01  0.00E+00  0.00E+00  0.00E+00  0.00E+00  4.9360E-06
     23  3.70E-02  3.67E-01  0.00E+00  0.00E+00  0.00E+00  0.00E+00  4.7018E-06
     24  4.07E-02  4.08E-01  0.00E+00  0.00E+00  0.00E+00  0.00E+00  4.4277E-06
     25  4.48E-02  4.52E-01  0.00E+00  0.00E+00  0.00E+00  0.00E+00  4.1125E-06
     26  4.92E-02  5.02E-01  0.00E+00  0.00E+00  0.00E+00  0.00E+00  3.7547E-06
     27  5.42E-02  5.56E-01  0.00E+00  0.00E+00  0.00E+00  0.00E+00  3.3530E-06
     28  5.96E-02  6.15E-01  0.00E+00  0.00E+00  0.00E+00  0.00E+00  2.9078E-06
     29  6.55E-02  6.81E-01  0.00E+00  0.00E+00  0.00E+00  0.00E+00  2.4177E-06
     30  7.21E-02  7.53E-01  0.00E+00  0.00E+00  0.00E+00  0.00E+00  1.8783E-06
     31  7.93E-02  8.32E-01  0.00E+00  0.00E+00  0.00E+00  0.00E+00  1.2846E-06
     32  8.72E-02  9.20E-01  0.00E+00  0.00E+00  0.00E+00  0.00E+00  6.3133E-07
     33  9.60E-02  1.02E+00  0.00E+00  0.00E+00  0.00E+00  0.00E+00 -8.7557E-08
     34  1.06E-01  1.12E+00  0.00E+00  0.00E+00  0.00E+00  0.00E+00 -8.7857E-07
     35  1.16E-01  1.24E+00  0.00E+00  0.00E+00  0.00E+00  0.00E+00 -1.7489E-06
     36  1.28E-01  1.37E+00  0.00E+00  0.00E+00  0.00E+00  0.00E+00 -2.7065E-06
     37  1.41E-01  1.51E+00  0.00E+00  0.00E+00  0.00E+00  0.00E+00 -3.7643E-06
     38  1.55E-01  1.66E+00  0.00E+00  0.00E+00  0.00E+00  0.00E+00 -4.9351E-06
     39  1.70E-01  1.83E+00  0.00E+00  0.00E+00  0.00E+00  0.00E+00 -6.2280E-06
     40  1.87E-01  2.02E+00  0.00E+00  0.00E+00  0.00E+00  0.00E+00 -7.6548E-06
     41  2.06E-01  2.22E+00  0.00E+00  0.00E+00  0.00E+00  0.00E+00 -9.2282E-06
     42  2.26E-01  2.45E+00  0.00E+00  0.00E+00  0.00E+00  0.00E+00 -1.0963E-05
     43  2.49E-01  2.70E+00  0.00E+00  0.00E+00  0.00E+00  0.00E+00 -1.2874E-05
     44  2.74E-01  2.97E+00  0.00E+00  0.00E+00  0.00E+00  0.00E+00 -1.4979E-05
     45  3.01E-01  3.27E+00  0.00E+00  0.00E+00  0.00E+00  0.00E+00 -1.7298E-05
     46  3.31E-01  3.60E+00  0.00E+00  0.00E+00  0.00E+00  0.00E+00 -1.9851E-05
     47  3.64E-01  3.97E+00  0.00E+00  0.00E+00  0.00E+00  0.00E+00 -2.2661E-05
     48  4.01E-01  4.37E+00  0.00E+00  0.00E+00  0.00E+00  0.00E+00 -2.5755E-05
     49  4.41E-01  4.81E+00  0.00E+00  0.00E+00  0.00E+00  0.00E+00 -2.9159E-05
     50  4.85E-01  5.30E+00  0.00E+00  0.00E+00  0.00E+00  0.00E+00 -3.2905E-05
     51  5.34E-01  5.83E+00  0.00E+00  0.00E+00  0.00E+00  0.00E+00 -3.7028E-05
     52  5.87E-01  6.42E+00  0.00E+00  0.00E+00  0.00E+00  0.00E+00 -4.1563E-05
     53  6.46E-01  7.06E+00  0.00E+00  0.00E+00  0.00E+00  0.00E+00 -4.6553E-05
     54  7.10E-01  7.77E+00  0.00E+00  0.00E+00  0.00E+00  0.00E+00 -5.2042E-05
     55  7.81E-01  8.55E+00  0.00E+00  0.00E+00  0.00E+00  0.00E+00 -5.8081E-05
     56  8.59E-01  9.41E+00  0.00E+00  0.00E+00  0.00E+00  0.00E+00 -6.4723E-05
     57  9.45E-01  1.04E+01  0.00E+00  0.00E+00  0.00E+00  0.00E+00 -7.2029E-05
     58  1.04E+00  1.14E+01  0.00E+00  0.00E+00  0.00E+00  0.00E+00 -8.0066E-05
     59  1.14E+00  1.25E+01  0.00E+00  0.00E+00  0.00E+00  0.00E+00 -8.8905E-05
     60  1.26E+00  1.38E+01  0.00E+00  0.00E+00  0.00E+00  0.00E+00 -9.8627E-05
     61  1.38E+00  1.52E+01  0.00E+00  0.00E+00  0.00E+00  0.00E+00 -1.0932E-04
     62  1.52E+00  1.67E+01  0.00E+00  0.00E+00  0.00E+00  0.00E+00 -1.2108E-04
     63  1.67E+00  1.84E+01  0.00E+00  0.00E+00  0.00E+00  0.00E+00 -1.3401E-04
     64  1.84E+00  2.02E+01  0.00E+00  0.00E+00  0.00E+00  0.00E+00 -1.4823E-04
     65  2.03E+00  2.22E+01  0.00E+00  0.00E+00  0.00E+00  0.00E+00 -1.6388E-04
     66  2.23E+00  2.45E+01  0.00E+00  0.00E+00  0.00E+00  0.00E+00 -1.8108E-04
     67  2.45E+00  2.69E+01  0.00E+00  0.00E+00  0.00E+00  0.00E+00 -1.9999E-04
     68  2.70E+00  2.96E+01  0.00E+00  0.00E+00  0.00E+00  0.00E+00 -2.2079E-04
     69  2.97E+00  3.26E+01  0.00E+00  0.00E+00  0.00E+00  0.00E+00 -2.4366E-04
     70  3.26E+00  3.59E+01  0.00E+00  0.00E+00  0.00E+00  0.00E+00 -2.6882E-04
     71  3.59E+00  3.94E+01  0.00E+00  0.00E+00  0.00E+00  0.00E+00 -2.9647E-04
     72  3.95E+00  4.34E+01  0.00E+00  0.00E+00  0.00E+00  0.00E+00 -3.2688E-04
     73  4.34E+00  4.77E+01  0.00E+00  0.00E+00  0.00E+00  0.00E+00 -3.6031E-04
     74  4.78E+00  5.25E+01  0.00E+00  0.00E+00  0.00E+00  0.00E+00 -3.9708E-04
     75  5.26E+00  5.78E+01  0.00E+00  0.00E+00  0.00E+00  0.00E+00 -4.3750E-04
     76  5.78E+00  6.36E+01  0.00E+00  0.00E+00  0.00E+00  0.00E+00 -4.8194E-04
     77  6.36E+00  6.99E+01  0.00E+00  0.00E+00  0.00E+00  0.00E+00 -5.3080E-04
     78  7.00E+00  7.69E+01  0.00E+00  0.00E+00  0.00E+00  0.00E+00 -5.8454E-04
     79  7.69E+00  8.46E+01  0.00E+00  0.00E+00  0.00E+00  0.00E+00 -6.4363E-04
     80  8.46E+00  9.31E+01  0.00E+00  0.00E+00  0.00E+00  0.00E+00 -7.0856E-04
     81  9.31E+00  1.02E+02  0.00E+00  0.00E+00  0.00E+00  0.00E+00 -7.7994E-04
     82  1.00E+01  1.12E+02  0.00E+00  0.00E+00  0.00E+00  0.00E+00 -8.5651E-04
     83  1.00E+01  1.22E+02  0.00E+00  0.00E+00  0.00E+00  0.00E+00 -9.3220E-04
     84  1.00E+01  1.32E+02  0.00E+00  0.00E+00  0.00E+00  0.00E+00 -1.0066E-03
     85  1.00E+01  1.42E+02  0.00E+00  0.00E+00  0.00E+00  0.00E+00 -1.0803E-03
     86  1.00E+01  1.52E+02  0.00E+00  0.00E+00  0.00E+00  0.00E+00 -1.1533E-03
     87  1.00E+01  1.62E+02  0.00E+00  0.00E+00  0.00E+00  0.00E+00 -1.2261E-03
     88  1.00E+01  1.72E+02  0.00E+00  0.00E+00  0.00E+00  0.00E+00 -1.2986E-03
     89  1.00E+01  1.82E+02  0.00E+00  0.00E+00  0.00E+00  0.00E+00 -1.3708E-03
     90  1.00E+01  1.92E+02  0.00E+00  0.00E+00  0.00E+00  0.00E+00 -1.4427E-03
     91  1.00E+01  2.02E+02  0.00E+00  0.00E+00  0.00E+00  0.00E+00 -1.5143E-03
     92  1.00E+01  2.12E+02  0.00E+00  0.00E+00  0.00E+00  0.00E+00 -1.5857E-03
     93  1.00E+01  2.22E+02  0.00E+00  0.00E+00  0.00E+00  0.00E+00 -1.6570E-03
     94  1.00E+01  2.32E+02  0.00E+00  0.00E+00  0.00E+00  0.00E+00 -1.7282E-03
     95  1.00E+01  2.42E+02  0.00E+00  0.00E+00  0.00E+00  0.00E+00 -1.7994E-03
     96  1.00E+01  2.52E+02  0.00E+00  0.00E+00  0.00E+00  0.00E+00 -1.8705E-03
     97  1.00E+01  2.62E+02  0.00E+00  0.00E+00  0.00E+00  0.00E+00 -1.9416E-03
     98  1.00E+01  2.72E+02  0.00E+00  0.00E+00  0.00E+00  0.00E+00 -2.0125E-03
     99  1.00E+01  2.82E+02  0.00E+00  0.00E+00  0.00E+00  0.00E+00 -2.0835E-03
    100  1.00E+01  2.92E+02  0.00E+00  0.00E+00  0.00E+00  0.00E+00 -2.1543E-03
    101  1.00E+01  3.02E+02  0.00E+00  0.00E+00  0.00E+00  0.00E+00 -2.2251E-03
    102  1.00E+01  3.12E+02  0.00E+00  0.00E+00  0.00E+00  0.00E+00 -2.2959E-03
    103  1.00E+01  3.22E+02  0.00E+00  0.00E+00  0.00E+00  0.00E+00 -2.3666E-03
    104  1.00E+01  3.32E+02  0.00E+00  0.00E+00  0.00E+00  0.00E+00 -2.4373E-03
    105  1.00E+01  3.42E+02  0.00E+00  0.00E+00  0.00E+00  0.00E+00 -2.5079E-03
    106  1.00E+01  3.52E+02  0.00E+00  0.00E+00  0.00E+00  0.00E+00 -2.5785E-03
    107  1.00E+01  3.62E+02  0.00E+00  0.00E+00  0.00E+00  0.00E+00 -2.6491E-03
    108  1.00E+01  3.72E+02  0.00E+00  0.00E+00  0.00E+00  0.00E+00 -2.7196E-03
    109  1.00E+01  3.82E+02  0.00E+00  0.00E+00  0.00E+00  0.00E+00 -2.7901E-03
    110  1.00E+01  3.92E+02  0.00E+00  0.00E+00  0.00E+00  0.00E+00 -2.8605E-03
    111  1.00E+01  4.02E+02  0.00E+00  0.00E+00  0.00E+00  0.00E+00 -2.9309E-03
    112  1.00E+01  4.12E+02  0.00E+00  0.00E+00  0.00E+00  0.00E+00 -3.0013E-03
    113  1.00E+01  4.22E+02  0.00E+00  0.00E+00  0.00E+00  0.00E+00 -3.0716E-03
    114  1.00E+01  4.32E+02  0.00E+00  0.00E+00  0.00E+00  0.00E+00 -3.1419E-03
    115  1.00E+01  4.42E+02  0.00E+00  0.00E+00  0.00E+00  0.00E+00 -3.2122E-03
    116  1.00E+01  4.52E+02  0.00E+00  0.00E+00  0.00E+00  0.00E+00 -3.2824E-03
    117  1.00E+01  4.62E+02  0.00E+00  0.00E+00  0.00E+00  0.00E+00 -3.3526E-03
    118  1.00E+01  4.72E+02  0.00E+00  0.00E+00  0.00E+00  0.00E+00 -3.4228E-03
    119  1.00E+01  4.82E+02  0.00E+00  0.00E+00  0.00E+00  0.00E+00 -3.4930E-03
    120  1.00E+01  4.92E+02  0.00E+00  0.00E+00  0.00E+00  0.00E+00 -3.5631E-03
    121  1.00E+01  5.02E+02  0.00E+00  0.00E+00  0.00E+00  0.00E+00 -3.6332E-03
    122  1.00E+01  5.12E+02  0.00E+00  0.00E+00  0.00E+00  0.00E+00 -3.7033E-03
    123  1.00E+01  5.22E+02  0.00E+00  0.00E+00  0.00E+00  0.00E+00 -3.7734E-03
    124  1.00E+01  5.32E+02  0.00E+00  0.00E+00  0.00E+00  0.00E+00 -3.8434E-03
    125  1.00E+01  5.42E+02  0.00E+00  0.00E+00  0.00E+00  0.00E+00 -3.9134E-03
    126  1.00E+01  5.52E+02  0.00E+00  0.00E+00  0.00E+00  0.00E+00 -3.9834E-03
    127  1.00E+01  5.62E+02  0.00E+00  0.00E+00  0.00E+00  0.00E+00 -4.0534E-03
    128  1.00E+01  5.72E+02  0.00E+00  0.00E+00  0.00E+00  0.00E+00 -4.1233E-03
    129  1.00E+01  5.82E+02  0.00E+00  0.00E+00  0.00E+00  0.00E+00 -4.1933E-03
    130  1.00E+01  5.92E+02  0.00E+00  0.00E+00  0.00E+00  0.00E+00 -4.2632E-03
    131  1.00E+01  6.02E+02  0.00E+00  0.00E+00  0.00E+00  0.00E+00 -4.3331E-03
    132  1.00E+01  6.12E+02  0.00E+00  0.00E+00  0.00E+00  0.00E+00 -4.4030E-03
    133  1.00E+01  6.22E+02  0.00E+00  0.00E+00  0.00E+00  0.00E+00 -4.4728E-03
    134  1.00E+01  6.32E+02  0.00E+00  0.00E+00  0.00E+00  0.00E+00 -4.5427E-03
    135  1.00E+01  6.42E+02  0.00E+00  0.00E+00  0.00E+00  0.00E+00 -4.6125E-03
    136  1.00E+01  6.52E+02  0.00E+00  0.00E+00  0.00E+00  0.00E+00 -4.6823E-03
    137  1.00E+01  6.62E+02  0.00E+00  0.00E+00  0.00E+00  0.00E+00 -4.7521E-03
    138  1.00E+01  6.72E+02  0.00E+00  0.00E+00  0.00E+00  0.00E+00 -4.8219E-03
    139  1.00E+01  6.82E+02  0.00E+00  0.00E+00  0.00E+00  0.00E+00 -4.8916E-03
    140  1.00E+01  6.92E+02  0.00E+00  0.00E+00  0.00E+00  0.00E+00 -4.9614E-03
    141  1.00E+01  7.02E+02  0.00E+00  0.00E+00  0.00E+00  0.00E+00 -5.0311E-03
    142  1.00E+01  7.12E+02  0.00E+00  0.00E+00  0.00E+00  0.00E+00 -5.1008E-03
    143  1.00E+01  7.22E+02  0.00E+00  0.00E+00  0.00E+00  0.00E+00 -5.1705E-03
    144  1.00E+01  7.32E+02  0.00E+00  0.00E+00  0.00E+00  0.00E+00 -5.2402E-03
    145  1.00E+01  7.42E+02  0.00E+00  0.00E+00  0.00E+00  0.00E+00 -5.3099E-03
    146  1.00E+01  7.52E+02  0.00E+00  0.00E+00  0.00E+00  0.00E+00 -5.3795E-03
    147  1.00E+01  7.62E+02  0.00E+00  0.00E+00  0.00E+00  0.00E+00 -5.4492E-03
    148  1.00E+01  7.72E+02  0.00E+00  0.00E+00  0.00E+00  0.00E+00 -5.5188E-03
    149  1.00E+01  7.82E+02  0.00E+00  0.00E+00  0.00E+00  0.00E+00 -5.5884E-03
    150  1.00E+01  7.92E+02  0.00E+00  0.00E+00  0.00E+00  0.00E+00 -5.6580E-03
    151  1.00E+01  8.02E+02  0.00E+00  0.00E+00  0.00E+00  0.00E+00 -5.7276E-03
    152  1.00E+01  8.12E+02  0.00E+00  0.00E+00  0.00E+00  0.00E+00 -5.7972E-03
    153  1.00E+01  8.22E+02  0.00E+00  0.00E+00  0.00E+00  0.00E+00 -5.8668E-03
    154  1.00E+01  8.32E+02  0.00E+00  0.00E+00  0.00E+00  0.00E+00 -5.9363E-03
    155  1.00E+01  8.42E+02  0.00E+00  0.00E+00  0.00E+00  0.00E+00 -6.0059E-03
    156  1.00E+01  8.52E+02  0.00E+00  0.00E+00  0.00E+00  0.00E+00 -6.0754E-03
    157  1.00E+01  8.62E+02  0.00E+00  0.00E+00  0.00E+00  0.00E+00 -6.1450E-03
    158  1.00E+01  8.72E+02  0.00E+00  0.00E+00  0.00E+00  0.00E+00 -6.2145E-03
    159  1.00E+01  8.82E+02  0.00E+00  0.00E+00  0.00E+00  0.00E+00 -6.2840E-03
    160  1.00E+01  8.92E+02  0.00E+00  0.00E+00  0.00E+00  0.00E+00 -6.3535E-03
    161  1.00E+01  9.02E+02  0.00E+00  0.00E+00  0.00E+00  0.00E+00 -6.4229E-03
    162  1.00E+01  9.12E+02  0.00E+00  0.00E+00  0.00E+00  0.00E+00 -6.4924E-03
    163  1.00E+01  9.22E+02  0.00E+00  0.00E+00  0.00E+00  0.00E+00 -6.5619E-03
    164  1.00E+01  9.32E+02  0.00E+00  0.00E+00  0.00E+00  0.00E+00 -6.6313E-03
    165  1.00E+01  9.42E+02  0.00E+00  0.00E+00  0.00E+00  0.00E+00 -6.7008E-03
    166  1.00E+01  9.52E+02  0.00E+00  0.00E+00  0.00E+00  0.00E+00 -6.7702E-03
    167  1.00E+01  9.62E+02  0.00E+00  0.00E+00  0.00E+00  0.00E+00 -6.8396E-03
    168  1.00E+01  9.72E+02  0.00E+00  0.00E+00  0.00E+00  0.00E+00 -6.9090E-03
    169  1.00E+01  9.82E+02  0.00E+00  0.00E+00  0.00E+00  0.00E+00 -6.9784E-03
    170  1.00E+01  9.92E+02  0.00E+00  0.00E+00  0.00E+00  0.00E+00 -7.0478E-03
    171  1.00E+01  1.00E+03  0.00E+00  0.00E+00  0.00E+00  0.00E+00 -7.1172E-03
    172  1.00E+01  1.01E+03  0.00E+00  0.00E+00  0.00E+00  0.00E+00 -7.1866E-03
    173  1.00E+01  1.02E+03  0.00E+00  0.00E+00  0.00E+00  0.00E+00 -7.2559E-03
    174  1.00E+01  1.03E+03  0.00E+00  0.00E+00  0.00E+00  0.00E+00 -7.3253E-03
    175  1.00E+01  1.04E+03  0.00E+00  0.00E+00  0.00E+00  0.00E+00 -7.3946E-03
    176  1.00E+01  1.05E+03  0.00E+00  0.00E+00  0.00E+00  0.00E+00 -7.4640E-03
    177  1.00E+01  1.06E+03  0.00E+00  0.00E+00  0.00E+00  0.00E+00 -7.5333E-03
    178  1.00E+01  1.07E+03  0.00E+00  0.00E+00  0.00E+00  0.00E+00 -7.6026E-03
    179  1.00E+01  1.08E+03  0.00E+00  0.00E+00  0.00E+00  0.00E+00 -7.6719E-03
    180  1.00E+01  1.09E+03  0.00E+00  0.00E+00  0.00E+00  0.00E+00 -7.7412E-03
    181  1.00E+01  1.10E+03  0.00E+00  0.00E+00  0.00E+00  0.00E+00 -7.8105E-03
    182  1.00E+01  1.11E+03  0.00E+00  0.00E+00  0.00E+00  0.00E+00 -7.8798E-03
    183  1.00E+01  1.12E+03  0.00E+00  0.00E+00  0.00E+00  0.00E+00 -7.9490E-03
    184  1.00E+01  1.13E+03  0.00E+00  0.00E+00  0.00E+00  0.00E+00 -8.0183E-03
    185  1.00E+01  1.14E+03  0.00E+00  0.00E+00  0.00E+00  0.00E+00 -8.0876E-03
    186  1.00E+01  1.15E+03  0.00E+00  0.00E+00  0.00E+00  0.00E+00 -8.1568E-03
    187  1.00E+01  1.16E+03  0.00E+00  0.00E+00  0.00E+00  0.00E+00 -8.2260E-03
    188  1.00E+01  1.17E+03  0.00E+00  0.00E+00  0.00E+00  0.00E+00 -8.2953E-03
    189  1.00E+01  1.18E+03  0.00E+00  0.00E+00  0.00E+00  0.00E+00 -8.3645E-03
    190  1.00E+01  1.19E+03  0.00E+00  0.00E+00  0.00E+00  0.00E+00 -8.4337E-03
    191  1.00E+01  1.20E+03  0.00E+00  0.00E+00  0.00E+00  0.00E+00 -8.5029E-03
    192  1.00E+01  1.21E+03  0.00E+00  0.00E+00  0.00E+00  0.00E+00 -8.5721E-03
    193  1.00E+01  1.22E+03  0.00E+00  0.00E+00  0.00E+00  0.00E+00 -8.6413E-03
    194  1.00E+01  1.23E+03  0.00E+00  0.00E+00  0.00E+00  0.00E+00 -8.7105E-03
    195  1.00E+01  1.24E+03  0.00E+00  0.00E+00  0.00E+00  0.00E+00 -8.7796E-03
    196  1.00E+01  1.25E+03  0.00E+00  0.00E+00  0.00E+00  0.00E+00 -8.8488E-03
    197  1.00E+01  1.26E+03  0.00E+00  0.00E+00  0.00E+00  0.00E+00 -8.9179E-03
    198  1.00E+01  1.27E+03  0.00E+00  0.00E+00  0.00E+00  0.00E+00 -8.9871E-03
    199  1.00E+01  1.28E+03  0.00E+00  0.00E+00  0.00E+00  0.00E+00 -9.0562E-03
    200  1.00E+01  1.29E+03  0.00E+00  0.00E+00  0.00E+00  0.00E+00 -9.1253E-03
    201  1.00E+01  1.30E+03  0.00E+00  0.00E+00  0.00E+00  0.00E+00 -9.1945E-03
    202  1.00E+01  1.31E+03  0.00E+00  0.00E+00  0.00E+00  0.00E+00 -9.2636E-03
    203  1.00E+01  1.32E+03  0.00E+00  0.00E+00  0.00E+00  0.00E+00 -9.3327E-03
    204  1.00E+01  1.33E+03  0.00E+00  0.00E+00  0.00E+00  0.00E+00 -9.4018E-03
    205  1.00E+01  1.34E+03  0.00E+00  0.00E+00  0.00E+00  0.00E+00 -9.4708E-03
    206  1.00E+01  1.35E+03  0.00E+00  0.00E+00  0.00E+00  0.00E+00 -9.5399E-03
    207  1.00E+01  1.36E+03  0.00E+00  0.00E+00  0.00E+00  0.00E+00 -9.6090E-03
    208  1.00E+01  1.37E+03  0.00E+00  0.00E+00  0.00E+00  0.00E+00 -9.6781E-03
    209  1.00E+01  1.38E+03  0.00E+00  0.00E+00  0.00E+00  0.00E+00 -9.7471E-03
    210  1.00E+01  1.39E+03  0.00E+00  0.00E+00  0.00E+00  0.00E+00 -9.8162E-03
    211  1.00E+01  1.40E+03  0.00E+00  0.00E+00  0.00E+00  0.00E+00 -9.8852E-03
    212  1.00E+01  1.41E+03  0.00E+00  0.00E+00  0.00E+00  0.00E+00 -9.9542E-03
    213  1.00E+01  1.42E+03  0.00E+00  0.00E+00  0.00E+00  0.00E+00 -1.0023E-02
    214  1.00E+01  1.43E+03  0.00E+00  0.00E+00  0.00E+00  0.00E+00 -1.0092E-02
    215  1.00E+01  1.44E+03  0.00E+00  0.00E+00  0.00E+00  0.00E+00 -1.0161E-02
    216  1.00E+01  1.45E+03  0.00E+00  0.00E+00  0.00E+00  0.00E+00 -1.0230E-02
    217  1.00E+01  1.46E+03  0.00E+00  0.00E+00  0.00E+00  0.00E+00 -1.0299E-02
    218  1.00E+01  1.47E+03  0.00E+00  0.00E+00  0.00E+00  0.00E+00 -1.0368E-02
    219  1.00E+01  1.48E+03  0.00E+00  0.00E+00  0.00E+00  0.00E+00 -1.0437E-02
    220  1.00E+01  1.49E+03  0.00E+00  0.00E+00  0.00E+00  0.00E+00 -1.0506E-02
    221  1.00E+01  1.50E+03  0.00E+00  0.00E+00  0.00E+00  0.00E+00 -1.0575E-02
    222  1.00E+01  1.51E+03  0.00E+00  0.00E+00  0.00E+00  0.00E+00 -1.0644E-02
    223  1.00E+01  1.52E+03  0.00E+00  0.00E+00  0.00E+00  0.00E+00 -1.0713E-02
    224  1.00E+01  1.53E+03  0.00E+00  0.00E+00  0.00E+00  0.00E+00 -1.0782E-02
    225  1.00E+01  1.54E+03  0.00E+00  0.00E+00  0.00E+00  0.00E+00 -1.0851E-02
    226  1.00E+01  1.55E+03  0.00E+00  0.00E+00  0.00E+00  0.00E+00 -1.0920E-02
    227  1.00E+01  1.56E+03  0.00E+00  0.00E+00  0.00E+00  0.00E+00 -1.0989E-02
    228  1.00E+01  1.57E+03  0.00E+00  0.00E+00  0.00E+00  0.00E+00 -1.1058E-02
    229  1.00E+01  1.58E+03  0.00E+00  0.00E+00  0.00E+00  0.00E+00 -1.1126E-02
    230  1.00E+01  1.59E+03  0.00E+00  0.00E+00  0.00E+00  0.00E+00 -1.1195E-02
    231  1.00E+01  1.60E+03  0.00E+00  0.00E+00  0.00E+00  0.00E+00 -1.1264E-02
    232  1.00E+01  1.61E+03  0.00E+00  0.00E+00  0.00E+00  0.00E+00 -1.1333E-02
    233  1.00E+01  1.62E+03  0.00E+00  0.00E+00  0.00E+00  0.00E+00 -1.1402E-02
    234  1.00E+01  1.63E+03  0.00E+00  0.00E+00  0.00E+00  0.00E+00 -1.1471E-02
    235  1.00E+01  1.64E+03  0.00E+00  0.00E+00  0.00E+00  0.00E+00 -1.1540E-02
    236  1.00E+01  1.65E+03  0.00E+00  0.00E+00  0.00E+00  0.00E+00 -1.1609E-02
    237  1.00E+01  1.66E+03  0.00E+00  0.00E+00  0.00E+00  0.00E+00 -1.1677E-02
    238  1.00E+01  1.67E+03  0.00E+00  0.00E+00  0.00E+00  0.00E+00 -1.1746E-02
    239  1.00E+01  1.68E+03  0.00E+00  0.00E+00  0.00E+00  0.00E+00 -1.1815E-02
    240  1.00E+01  1.69E+03  0.00E+00  0.00E+00  0.00E+00  0.00E+00 -1.1884E-02
    241  1.00E+01  1.70E+03  0.00E+00  0.00E+00  0.00E+00  0.00E+00 -1.1953E-02
    242  1.00E+01  1.71E+03  0.00E+00  0.00E+00  0.00E+00  0.00E+00 -1.2021E-02
    243  1.00E+01  1.72E+03  0.00E+00  0.00E+00  0.00E+00  0.00E+00 -1.2090E-02
    244  1.00E+01  1.73E+03  0.00E+00  0.00E+00  0.00E+00  0.00E+00 -1.2159E-02
    245  1.00E+01  1.74E+03  0.00E+00  0.00E+00  0.00E+00  0.00E+00 -1.2228E-02
    246  1.00E+01  1.75E+03  0.00E+00  0.00E+00  0.00E+00  0.00E+00 -1.2296E-02
    247  1.00E+01  1.76E+03  0.00E+00  0.00E+00  0.00E+00  0.00E+00 -1.2365E-02
    248  1.00E+01  1.77E+03  0.00E+00  0.00E+00  0.00E+00  0.00E+00 -1.2434E-02
    249  1.00E+01  1.78E+03  0.00E+00  0.00E+00  0.00E+00  0.00E+00 -1.2503E-02
    250  1.00E+01  1.79E+03  0.00E+00  0.00E+00  0.00E+00  0.00E+00 -1.2571E-02
    251  1.00E+01  1.80E+03  0.00E+00  0.00E+00  0.00E+00  0.00E+00 -1.2640E-02
    252  1.00E+01  1.81E+03  0.00E+00  0.00E+00  0.00E+00  0.00E+00 -1.2709E-02
    253  1.00E+01  1.82E+03  0.00E+00  0.00E+00  0.00E+00  0.00E+00 -1.2778E-02
    254  1.00E+01  1.83E+03  0.00E+00  0.00E+00  0.00E+00  0.00E+00 -1.2846E-02
    255  1.00E+01  1.84E+03  0.00E+00  0.00E+00  0.00E+00  0.00E+00 -1.2915E-02
    256  1.00E+01  1.85E+03  0.00E+00  0.00E+00  0.00E+00  0.00E+00 -1.2984E-02
    257  1.00E+01  1.86E+03  0.00E+00  0.00E+00  0.00E+00  0.00E+00 -1.3052E-02
    258  1.00E+01  1.87E+03  0.00E+00  0.00E+00  0.00E+00  0.00E+00 -1.3121E-02
    259  1.00E+01  1.88E+03  0.00E+00  0.00E+00  0.00E+00  0.00E+00 -1.3190E-02
    260  1.00E+01  1.89E+03  0.00E+00  0.00E+00  0.00E+00  0.00E+00 -1.3258E-02
    261  1.00E+01  1.90E+03  0.00E+00  0.00E+00  0.00E+00  0.00E+00 -1.3327E-02
    262  1.00E+01  1.91E+03  0.00E+00  0.00E+00  0.00E+00  0.00E+00 -1.3395E-02
    263  1.00E+01  1.92E+03  0.00E+00  0.00E+00  0.00E+00  0.00E+00 -1.3464E-02
    264  1.00E+01  1.93E+03  0.00E+00  0.00E+00  0.00E+00  0.00E+00 -1.3533E-02
    265  1.00E+01  1.94E+03  0.00E+00  0.00E+00  0.00E+00  0.00E+00 -1.3601E-02
    266  1.00E+01  1.95E+03  0.00E+00  0.00E+00  0.00E+00  0.00E+00 -1.3670E-02
    267  1.00E+01  1.96E+03  0.00E+00  0.00E+00  0.00E+00  0.00E+00 -1.3739E-02
    268  1.00E+01  1.97E+03  0.00E+00  0.00E+00  0.00E+00  0.00E+00 -1.3807E-02
    269  1.00E+01  1.98E+03  0.00E+00  0.00E+00  0.00E+00  0.00E+00 -1.3876E-02
    270  1.00E+01  1.99E+03  0.00E+00  0.00E+00  0.00E+00  0.00E+00 -1.3944E-02
    271  1.00E+01  2.00E+03  0.00E+00  0.00E+00  0.00E+00  0.00E+00 -1.4013E-02
    272  1.00E+01  2.01E+03  0.00E+00  0.00E+00  0.00E+00  0.00E+00 -1.4081E-02
    273  1.00E+01  2.02E+03  0.00E+00  0.00E+00  0.00E+00  0.00E+00 -1.4150E-02
    274  1.00E+01  2.03E+03  0.00E+00  0.00E+00  0.00E+00  0.00E+00 -1.4218E-02
    275  1.00E+01  2.04E+03  0.00E+00  0.00E+00  0.00E+00  0.00E+00 -1.4287E-02
    276  1.00E+01  2.05E+03  0.00E+00  0.00E+00  0.00E+00  0.00E+00 -1.4355E-02
    277  1.00E+01  2.06E+03  0.00E+00  0.00E+00  0.00E+00  0.00E+00 -1.4424E-02
    278  1.00E+01  2.07E+03  0.00E+00  0.00E+00  0.00E+00  0.00E+00 -1.4493E-02
    279  1.00E+01  2.08E+03  0.00E+00  0.00E+00  0.00E+00  0.00E+00 -1.4561E-02
    280  1.00E+01  2.09E+03  0.00E+00  0.00E+00  0.00E+00  0.00E+00 -1.4629E-02
    281  1.00E+01  2.10E+03  0.00E+00  0.00E+00  0.00E+00  0.00E+00 -1.4698E-02
    282  1.00E+01  2.11E+03  0.00E+00  0.00E+00  0.00E+00  0.00E+00 -1.4766E-02
    283  1.00E+01  2.12E+03  0.00E+00  0.00E+00  0.00E+00  0.00E+00 -1.4835E-02
    284  1.00E+01  2.13E+03  0.00E+00  0.00E+00  0.00E+00  0.00E+00 -1.4903E-02
    285  1.00E+01  2.14E+03  0.00E+00  0.00E+00  0.00E+00  0.00E+00 -1.4972E-02
    286  1.00E+01  2.15E+03  0.00E+00  0.00E+00  0.00E+00  0.00E+00 -1.5040E-02
    287  1.00E+01  2.16E+03  0.00E+00  0.00E+00  0.00E+00  0.00E+00 -1.5109E-02
    288  1.00E+01  2.17E+03  0.00E+00  0.00E+00  0.00E+00  0.00E+00 -1.5177E-02
    289  1.00E+01  2.18E+03  0.00E+00  0.00E+00  0.00E+00  0.00E+00 -1.5246E-02
    290  1.00E+01  2.19E+03  0.00E+00  0.00E+00  0.00E+00  0.00E+00 -1.5314E-02
    291  1.00E+01  2.20E+03  0.00E+00  0.00E+00  0.00E+00  0.00E+00 -1.5382E-02
    292  1.00E+01  2.21E+03  0.00E+00  0.00E+00  0.00E+00  0.00E+00 -1.5451E-02
    293  1.00E+01  2.22E+03  0.00E+00  0.00E+00  0.00E+00  0.00E+00 -1.5519E-02
    294  1.00E+01  2.23E+03  0.00E+00  0.00E+00  0.00E+00  0.00E+00 -1.5588E-02
    295  1.00E+01  2.24E+03  0.00E+00  0.00E+00  0.00E+00  0.00E+00 -1.5656E-02
    296  1.00E+01  2.25E+03  0.00E+00  0.00E+00  0.00E+00  0.00E+00 -1.5724E-02
    297  1.00E+01  2.26E+03  0.00E+00  0.00E+00  0.00E+00  0.00E+00 -1.5793E-02
    298  1.00E+01  2.27E+03  0.00E+00  0.00E+00  0.00E+00  0.00E+00 -1.5861E-02
    299  1.00E+01  2.28E+03  0.00E+00  0.00E+00  0.00E+00  0.00E+00 -1.5929E-02
    300  1.00E+01  2.29E+03  0.00E+00  0.00E+00  0.00E+00  0.00E+00 -1.5998E-02
    301  1.00E+01  2.30E+03  0.00E+00  0.00E+00  0.00E+00  0.00E+00 -1.6066E-02
    302  1.00E+01  2.31E+03  0.00E+00  0.00E+00  0.00E+00  0.00E+00 -1.6134E-02
    303  1.00E+01  2.32E+03  0.00E+00  0.00E+00  0.00E+00  0.00E+00 -1.6203E-02
    304  1.00E+01  2.33E+03  0.00E+00  0.00E+00  0.00E+00  0.00E+00 -1.6271E-02
    305  1.00E+01  2.34E+03  0.00E+00  0.00E+00  0.00E+00  0.00E+00 -1.6339E-02
    306  1.00E+01  2.35E+03  0.00E+00  0.00E+00  0.00E+00  0.00E+00 -1.6407E-02
    307  1.00E+01  2.36E+03  0.00E+00  0.00E+00  0.00E+00  0.00E+00 -1.6476E-02
    308  1.00E+01  2.37E+03  0.00E+00  0.00E+00  0.00E+00  0.00E+00 -1.6544E-02
    309  1.00E+01  2.38E+03  0.00E+00  0.00E+00  0.00E+00  0.00E+00 -1.6612E-02
    310  1.00E+01  2.39E+03  0.00E+00  0.00E+00  0.00E+00  0.00E+00 -1.6680E-02
    311  1.00E+01  2.40E+03  0.00E+00  0.00E+00  0.00E+00  0.00E+00 -1.6749E-02
    312  1.00E+01  2.41E+03  0.00E+00  0.00E+00  0.00E+00  0.00E+00 -1.6817E-02
    313  1.00E+01  2.42E+03  0.00E+00  0.00E+00  0.00E+00  0.00E+00 -1.6885E-02
    314  1.00E+01  2.43E+03  0.00E+00  0.00E+00  0.00E+00  0.00E+00 -1.6953E-02
    315  1.00E+01  2.44E+03  0.00E+00  0.00E+00  0.00E+00  0.00E+00 -1.7022E-02
    316  1.00E+01  2.45E+03  0.00E+00  0.00E+00  0.00E+00  0.00E+00 -1.7090E-02
    317  1.00E+01  2.46E+03  0.00E+00  0.00E+00  0.00E+00  0.00E+00 -1.7158E-02
    318  1.00E+01  2.47E+03  0.00E+00  0.00E+00  0.00E+00  0.00E+00 -1.7226E-02
    319  1.00E+01  2.48E+03  0.00E+00  0.00E+00  0.00E+00  0.00E+00 -1.7294E-02
    320  1.00E+01  2.49E+03  0.00E+00  0.00E+00  0.00E+00  0.00E+00 -1.7363E-02
    321  1.00E+01  2.50E+03  0.00E+00  0.00E+00  0.00E+00  0.00E+00 -1.7431E-02
    322  1.00E+01  2.51E+03  0.00E+00  0.00E+00  0.00E+00  0.00E+00 -1.7499E-02
    323  1.00E+01  2.52E+03  0.00E+00  0.00E+00  0.00E+00  0.00E+00 -1.7567E-02
    324  1.00E+01  2.53E+03  0.00E+00  0.00E+00  0.00E+00  0.00E+00 -1.7635E-02
    325  1.00E+01  2.54E+03  0.00E+00  0.00E+00  0.00E+00  0.00E+00 -1.7703E-02
    326  1.00E+01  2.55E+03  0.00E+00  0.00E+00  0.00E+00  0.00E+00 -1.7771E-02
    327  1.00E+01  2.56E+03  0.00E+00  0.00E+00  0.00E+00  0.00E+00 -1.7840E-02
    328  1.00E+01  2.57E+03  0.00E+00  0.00E+00  0.00E+00  0.00E+00 -1.7908E-02
    329  1.00E+01  2.58E+03  0.00E+00  0.00E+00  0.00E+00  0.00E+00 -1.7976E-02
    330  1.00E+01  2.59E+03  0.00E+00  0.00E+00  0.00E+00  0.00E+00 -1.8044E-02
    331  1.00E+01  2.60E+03  0.00E+00  0.00E+00  0.00E+00  0.00E+00 -1.8112E-02
    332  1.00E+01  2.61E+03  0.00E+00  0.00E+00  0.00E+00  0.00E+00 -1.8180E-02
    333  1.00E+01  2.62E+03  0.00E+00  0.00E+00  0.00E+00  0.00E+00 -1.8248E-02
    334  1.00E+01  2.63E+03  0.00E+00  0.00E+00  0.00E+00  0.00E+00 -1.8316E-02
    335  1.00E+01  2.64E+03  0.00E+00  0.00E+00  0.00E+00  0.00E+00 -1.8384E-02
    336  1.00E+01  2.65E+03  0.00E+00  0.00E+00  0.00E+00  0.00E+00 -1.8452E-02
    337  1.00E+01  2.66E+03  0.00E+00  0.00E+00  0.00E+00  0.00E+00 -1.8520E-02
    338  1.00E+01  2.67E+03  0.00E+00  0.00E+00  0.00E+00  0.00E+00 -1.8588E-02
    339  1.00E+01  2.68E+03  0.00E+00  0.00E+00  0.00E+00  0.00E+00 -1.8656E-02
    340  1.00E+01  2.69E+03  0.00E+00  0.00E+00  0.00E+00  0.00E+00 -1.8724E-02
    341  1.00E+01  2.70E+03  0.00E+00  0.00E+00  0.00E+00  0.00E+00 -1.8792E-02
    342  1.00E+01  2.71E+03  0.00E+00  0.00E+00  0.00E+00  0.00E+00 -1.8860E-02
    343  1.00E+01  2.72E+03  0.00E+00  0.00E+00  0.00E+00  0.00E+00 -1.8928E-02
    344  1.00E+01  2.73E+03  0.00E+00  0.00E+00  0.00E+00  0.00E+00 -1.8996E-02
    345  1.00E+01  2.74E+03  0.00E+00  0.00E+00  0.00E+00  0.00E+00 -1.9064E-02
    346  1.00E+01  2.75E+03  0.00E+00  0.00E+00  0.00E+00  0.00E+00 -1.9132E-02
    347  1.00E+01  2.76E+03  0.00E+00  0.00E+00  0.00E+00  0.00E+00 -1.9200E-02
    348  1.00E+01  2.77E+03  0.00E+00  0.00E+00  0.00E+00  0.00E+00 -1.9268E-02
    349  1.00E+01  2.78E+03  0.00E+00  0.00E+00  0.00E+00  0.00E+00 -1.9336E-02
    350  1.00E+01  2.79E+03  0.00E+00  0.00E+00  0.00E+00  0.00E+00 -1.9404E-02
    351  1.00E+01  2.80E+03  0.00E+00  0.00E+00  0.00E+00  0.00E+00 -1.9472E-02
    352  1.00E+01  2.81E+03  0.00E+00  0.00E+00  0.00E+00  0.00E+00 -1.9540E-02
    353  1.00E+01  2.82E+03  0.00E+00  0.00E+00  0.00E+00  0.00E+00 -1.9608E-02
    354  1.00E+01  2.83E+03  0.00E+00  0.00E+00  0.00E+00  0.00E+00 -1.9676E-02
    355  1.00E+01  2.84E+03  0.00E+00  0.00E+00  0.00E+00  0.00E+00 -1.9744E-02
    356  1.00E+01  2.85E+03  0.00E+00  0.00E+00  0.00E+00  0.00E+00 -1.9811E-02
    357  1.00E+01  2.86E+03  0.00E+00  0.00E+00  0.00E+00  0.00E+00 -1.9879E-02
    358  1.00E+01  2.87E+03  0.00E+00  0.00E+00  0.00E+00  0.00E+00 -1.9947E-02
    359  1.00E+01  2.88E+03  0.00E+00  0.00E+00  0.00E+00  0.00E+00 -2.0015E-02
    360  1.00E+01  2.89E+03  0.00E+00  0.00E+00  0.00E+00  0.00E+00 -2.0083E-02
    361  1.00E+01  2.90E+03  0.00E+00  0.00E+00  0.00E+00  0.00E+00 -2.0151E-02
    362  1.00E+01  2.91E+03  0.00E+00  0.00E+00  0.00E+00  0.00E+00 -2.0219E-02
    363  1.00E+01  2.92E+03  0.00E+00  0.00E+00  0.00E+00  0.00E+00 -2.0286E-02
    364  1.00E+01  2.93E+03  0.00E+00  0.00E+00  0.00E+00  0.00E+00 -2.0354E-02
    365  1.00E+01  2.94E+03  0.00E+00  0.00E+00  0.00E+00  0.00E+00 -2.0422E-02
    366  1.00E+01  2.95E+03  0.00E+00  0.00E+00  0.00E+00  0.00E+00 -2.0490E-02
    367  1.00E+01  2.96E+03  0.00E+00  0.00E+00  0.00E+00  0.00E+00 -2.0558E-02
    368  1.00E+01  2.97E+03  0.00E+00  0.00E+00  0.00E+00  0.00E+00 -2.0625E-02
    369  1.00E+01  2.98E+03  0.00E+00  0.00E+00  0.00E+00  0.00E+00 -2.0693E-02
    370  1.00E+01  2.99E+03  0.00E+00  0.00E+00  0.00E+00  0.00E+00 -2.0761E-02
    371  1.00E+01  3.00E+03  0.00E+00  0.00E+00  0.00E+00  0.00E+00 -2.0829E-02
    372  1.00E+01  3.01E+03  0.00E+00  0.00E+00  0.00E+00  0.00E+00 -2.0896E-02
    373  1.00E+01  3.02E+03  0.00E+00  0.00E+00  0.00E+00  0.00E+00 -2.0964E-02
    374  1.00E+01  3.03E+03  0.00E+00  0.00E+00  0.00E+00  0.00E+00 -2.1032E-02
    375  1.00E+01  3.04E+03  0.00E+00  0.00E+00  0.00E+00  0.00E+00 -2.1100E-02
    376  1.00E+01  3.05E+03  0.00E+00  0.00E+00  0.00E+00  0.00E+00 -2.1167E-02
    377  1.00E+01  3.06E+03  0.00E+00  0.00E+00  0.00E+00  0.00E+00 -2.1235E-02
    378  1.00E+01  3.07E+03  0.00E+00  0.00E+00  0.00E+00  0.00E+00 -2.1303E-02
    379  1.00E+01  3.08E+03  0.00E+00  0.00E+00  0.00E+00  0.00E+00 -2.1371E-02
    380  1.00E+01  3.09E+03  0.00E+00  0.00E+00  0.00E+00  0.00E+00 -2.1438E-02
    381  1.00E+01  3.10E+03  0.00E+00  0.00E+00  0.00E+00  0.00E+00 -2.1506E-02
    382  1.00E+01  3.11E+03  0.00E+00  0.00E+00  0.00E+00  0.00E+00 -2.1574E-02
    383  1.00E+01  3.12E+03  0.00E+00  0.00E+00  0.00E+00  0.00E+00 -2.1641E-02
    384  1.00E+01  3.13E+03  0.00E+00  0.00E+00  0.00E+00  0.00E+00 -2.1709E-02
    385  1.00E+01  3.14E+03  0.00E+00  0.00E+00  0.00E+00  0.00E+00 -2.1777E-02
    386  1.00E+01  3.15E+03  0.00E+00  0.00E+00  0.00E+00  0.00E+00 -2.1844E-02
    387  1.00E+01  3.16E+03  0.00E+00  0.00E+00  0.00E+00  0.00E+00 -2.1912E-02
    388  1.00E+01  3.17E+03  0.00E+00  0.00E+00  0.00E+00  0.00E+00 -2.1980E-02
    389  1.00E+01  3.18E+03  0.00E+00  0.00E+00  0.00E+00  0.00E+00 -2.2047E-02
    390  1.00E+01  3.19E+03  0.00E+00  0.00E+00  0.00E+00  0.00E+00 -2.2115E-02
    391  1.00E+01  3.20E+03  0.00E+00  0.00E+00  0.00E+00  0.00E+00 -2.2182E-02
    392  1.00E+01  3.21E+03  0.00E+00  0.00E+00  0.00E+00  0.00E+00 -2.2250E-02
    393  1.00E+01  3.22E+03  0.00E+00  0.00E+00  0.00E+00  0.00E+00 -2.2318E-02
    394  1.00E+01  3.23E+03  0.00E+00  0.00E+00  0.00E+00  0.00E+00 -2.2385E-02
    395  1.00E+01  3.24E+03  0.00E+00  0.00E+00  0.00E+00  0.00E+00 -2.2453E-02
    396  1.00E+01  3.25E+03  0.00E+00  0.00E+00  0.00E+00  0.00E+00 -2.2520E-02
    397  1.00E+01  3.26E+03  0.00E+00  0.00E+00  0.00E+00  0.00E+00 -2.2588E-02
    398  1.00E+01  3.27E+03  0.00E+00  0.00E+00  0.00E+00  0.00E+00 -2.2655E-02
    399  1.00E+01  3.28E+03  0.00E+00  0.00E+00  0.00E+00  0.00E+00 -2.2723E-02
    400  1.00E+01  3.29E+03  0.00E+00  0.00E+00  0.00E+00  0.00E+00 -2.2790E-02
    401  1.00E+01  3.30E+03  0.00E+00  0.00E+00  0.00E+00  0.00E+00 -2.2858E-02
    402  1.00E+01  3.31E+03  0.00E+00  0.00E+00  0.00E+00  0.00E+00 -2.2925E-02
    403  1.00E+01  3.32E+03  0.00E+00  0.00E+00  0.00E+00  0.00E+00 -2.2993E-02
    404  1.00E+01  3.33E+03  0.00E+00  0.00E+00  0.00E+00  0.00E+00 -2.3061E-02
    405  1.00E+01  3.34E+03  0.00E+00  0.00E+00  0.00E+00  0.00E+00 -2.3128E-02
    406  1.00E+01  3.35E+03  0.00E+00  0.00E+00  0.00E+00  0.00E+00 -2.3195E-02
    407  1.00E+01  3.36E+03  0.00E+00  0.00E+00  0.00E+00  0.00E+00 -2.3263E-02
    408  1.00E+01  3.37E+03  0.00E+00  0.00E+00  0.00E+00  0.00E+00 -2.3330E-02
    409  1.00E+01  3.38E+03  0.00E+00  0.00E+00  0.00E+00  0.00E+00 -2.3398E-02
    410  1.00E+01  3.39E+03  0.00E+00  0.00E+00  0.00E+00  0.00E+00 -2.3465E-02
    411  1.00E+01  3.40E+03  0.00E+00  0.00E+00  0.00E+00  0.00E+00 -2.3533E-02
    412  1.00E+01  3.41E+03  0.00E+00  0.00E+00  0.00E+00  0.00E+00 -2.3600E-02
    413  1.00E+01  3.42E+03  0.00E+00  0.00E+00  0.00E+00  0.00E+00 -2.3668E-02
    414  1.00E+01  3.43E+03  0.00E+00  0.00E+00  0.00E+00  0.00E+00 -2.3735E-02
    415  1.00E+01  3.44E+03  0.00E+00  0.00E+00  0.00E+00  0.00E+00 -2.3803E-02
    416  1.00E+01  3.45E+03  0.00E+00  0.00E+00  0.00E+00  0.00E+00 -2.3870E-02
    417  1.00E+01  3.46E+03  0.00E+00  0.00E+00  0.00E+00  0.00E+00 -2.3937E-02
    418  1.00E+01  3.47E+03  0.00E+00  0.00E+00  0.00E+00  0.00E+00 -2.4005E-02
    419  1.00E+01  3.48E+03  0.00E+00  0.00E+00  0.00E+00  0.00E+00 -2.4072E-02
    420  1.00E+01  3.49E+03  0.00E+00  0.00E+00  0.00E+00  0.00E+00 -2.4139E-02
    421  1.00E+01  3.50E+03  0.00E+00  0.00E+00  0.00E+00  0.00E+00 -2.4207E-02
    422  1.00E+01  3.51E+03  0.00E+00  0.00E+00  0.00E+00  0.00E+00 -2.4274E-02
    423  1.00E+01  3.52E+03  0.00E+00  0.00E+00  0.00E+00  0.00E+00 -2.4342E-02
    424  1.00E+01  3.53E+03  0.00E+00  0.00E+00  0.00E+00  0.00E+00 -2.4409E-02
    425  1.00E+01  3.54E+03  0.00E+00  0.00E+00  0.00E+00  0.00E+00 -2.4476E-02
    426  1.00E+01  3.55E+03  0.00E+00  0.00E+00  0.00E+00  0.00E+00 -2.4544E-02
    427  1.00E+01  3.56E+03  0.00E+00  0.00E+00  0.00E+00  0.00E+00 -2.4611E-02
    428  1.00E+01  3.57E+03  0.00E+00  0.00E+00  0.00E+00  0.00E+00 -2.4678E-02
    429  1.00E+01  3.58E+03  0.00E+00  0.00E+00  0.00E+00  0.00E+00 -2.4745E-02
    430  1.00E+01  3.59E+03  0.00E+00  0.00E+00  0.00E+00  0.00E+00 -2.4813E-02
    431  1.00E+01  3.60E+03  0.00E+00  0.00E+00  0.00E+00  0.00E+00 -2.4880E-02
    432  1.00E+01  3.61E+03  0.00E+00  0.00E+00  0.00E+00  0.00E+00 -2.4947E-02
    433  1.00E+01  3.62E+03  0.00E+00  0.00E+00  0.00E+00  0.00E+00 -2.5015E-02
    434  1.00E+01  3.63E+03  0.00E+00  0.00E+00  0.00E+00  0.00E+00 -2.5082E-02
    435  1.00E+01  3.64E+03  0.00E+00  0.00E+00  0.00E+00  0.00E+00 -2.5149E-02
    436  1.00E+01  3.65E+03  0.00E+00  0.00E+00  0.00E+00  0.00E+00 -2.5216E-02
    437  1.00E+01  3.66E+03  0.00E+00  0.00E+00  0.00E+00  0.00E+00 -2.5284E-02
    438  1.00E+01  3.67E+03  0.00E+00  0.00E+00  0.00E+00  0.00E+00 -2.5351E-02
    439  1.00E+01  3.68E+03  0.00E+00  0.00E+00  0.00E+00  0.00E+00 -2.5418E-02
    440  1.00E+01  3.69E+03  0.00E+00  0.00E+00  0.00E+00  0.00E+00 -2.5485E-02
    441  1.00E+01  3.70E+03  0.00E+00  0.00E+00  0.00E+00  0.00E+00 -2.5553E-02
    442  1.00E+01  3.71E+03  0.00E+00  0.00E+00  0.00E+00  0.00E+00 -2.5620E-02
    443  1.00E+01  3.72E+03  0.00E+00  0.00E+00  0.00E+00  0.00E+00 -2.5687E-02
    444  1.00E+01  3.73E+03  0.00E+00  0.00E+00  0.00E+00  0.00E+00 -2.5754E-02
    445  1.00E+01  3.74E+03  0.00E+00  0.00E+00  0.00E+00  0.00E+00 -2.5821E-02
    446  1.00E+01  3.75E+03  0.00E+00  0.00E+00  0.00E+00  0.00E+00 -2.5888E-02
    447  1.00E+01  3.76E+03  0.00E+00  0.00E+00  0.00E+00  0.00E+00 -2.5956E-02
    448  1.00E+01  3.77E+03  0.00E+00  0.00E+00  0.00E+00  0.00E+00 -2.6023E-02
    449  1.00E+01  3.78E+03  0.00E+00  0.00E+00  0.00E+00  0.00E+00 -2.6090E-02
    450  1.00E+01  3.79E+03  0.00E+00  0.00E+00  0.00E+00  0.00E+00 -2.6157E-02
    451  1.00E+01  3.80E+03  0.00E+00  0.00E+00  0.00E+00  0.00E+00 -2.6224E-02
    452  1.00E+01  3.81E+03  0.00E+00  0.00E+00  0.00E+00  0.00E+00 -2.6291E-02
    453  1.00E+01  3.82E+03  0.00E+00  0.00E+00  0.00E+00  0.00E+00 -2.6358E-02
    454  1.00E+01  3.83E+03  0.00E+00  0.00E+00  0.00E+00  0.00E+00 -2.6426E-02
    455  1.00E+01  3.84E+03  0.00E+00  0.00E+00  0.00E+00  0.00E+00 -2.6493E-02
    456  1.00E+01  3.85E+03  0.00E+00  0.00E+00  0.00E+00  0.00E+00 -2.6560E-02
    457  1.00E+01  3.86E+03  0.00E+00  0.00E+00  0.00E+00  0.00E+00 -2.6627E-02
    458  1.00E+01  3.87E+03  0.00E+00  0.00E+00  0.00E+00  0.00E+00 -2.6694E-02
    459  1.00E+01  3.88E+03  0.00E+00  0.00E+00  0.00E+00  0.00E+00 -2.6761E-02
    460  1.00E+01  3.89E+03  0.00E+00  0.00E+00  0.00E+00  0.00E+00 -2.6828E-02
    461  1.00E+01  3.90E+03  0.00E+00  0.00E+00  0.00E+00  0.00E+00 -2.6895E-02
    462  1.00E+01  3.91E+03  0.00E+00  0.00E+00  0.00E+00  0.00E+00 -2.6962E-02
    463  1.00E+01  3.92E+03  0.00E+00  0.00E+00  0.00E+00  0.00E+00 -2.7029E-02
    464  1.00E+01  3.93E+03  0.00E+00  0.00E+00  0.00E+00  0.00E+00 -2.7096E-02
    465  1.00E+01  3.94E+03  0.00E+00  0.00E+00  0.00E+00  0.00E+00 -2.7163E-02
    466  1.00E+01  3.95E+03  0.00E+00  0.00E+00  0.00E+00  0.00E+00 -2.7230E-02
    467  1.00E+01  3.96E+03  0.00E+00  0.00E+00  0.00E+00  0.00E+00 -2.7297E-02
    468  1.00E+01  3.97E+03  0.00E+00  0.00E+00  0.00E+00  0.00E+00 -2.7364E-02
    469  1.00E+01  3.98E+03  0.00E+00  0.00E+00  0.00E+00  0.00E+00 -2.7431E-02
    470  1.00E+01  3.99E+03  0.00E+00  0.00E+00  0.00E+00  0.00E+00 -2.7498E-02
    471  1.00E+01  4.00E+03  0.00E+00  0.00E+00  0.00E+00  0.00E+00 -2.7565E-02
    472  1.00E+01  4.01E+03  0.00E+00  0.00E+00  0.00E+00  0.00E+00 -2.7632E-02
    473  1.00E+01  4.02E+03  0.00E+00  0.00E+00  0.00E+00  0.00E+00 -2.7699E-02
    474  1.00E+01  4.03E+03  0.00E+00  0.00E+00  0.00E+00  0.00E+00 -2.7766E-02
    475  1.00E+01  4.04E+03  0.00E+00  0.00E+00  0.00E+00  0.00E+00 -2.7833E-02
    476  1.00E+01  4.05E+03  0.00E+00  0.00E+00  0.00E+00  0.00E+00 -2.7900E-02
    477  1.00E+01  4.06E+03  0.00E+00  0.00E+00  0.00E+00  0.00E+00 -2.7967E-02
    478  1.00E+01  4.07E+03  0.00E+00  0.00E+00  0.00E+00  0.00E+00 -2.8034E-02
    479  1.00E+01  4.08E+03  0.00E+00  0.00E+00  0.00E+00  0.00E+00 -2.8101E-02
    480  1.00E+01  4.09E+03  0.00E+00  0.00E+00  0.00E+00  0.00E+00 -2.8168E-02
    481  1.00E+01  4.10E+03  0.00E+00  0.00E+00  0.00E+00  0.00E+00 -2.8234E-02
    482  1.00E+01  4.11E+03  0.00E+00  0.00E+00  0.00E+00  0.00E+00 -2.8301E-02
    483  1.00E+01  4.12E+03  0.00E+00  0.00E+00  0.00E+00  0.00E+00 -2.8368E-02
    484  1.00E+01  4.13E+03  0.00E+00  0.00E+00  0.00E+00  0.00E+00 -2.8435E-02
    485  1.00E+01  4.14E+03  0.00E+00  0.00E+00  0.00E+00  0.00E+00 -2.8502E-02
    486  1.00E+01  4.15E+03  0.00E+00  0.00E+00  0.00E+00  0.00E+00 -2.8569E-02
    487  1.00E+01  4.16E+03  0.00E+00  0.00E+00  0.00E+00  0.00E+00 -2.8636E-02
    488  1.00E+01  4.17E+03  0.00E+00  0.00E+00  0.00E+00  0.00E+00 -2.8702E-02
    489  1.00E+01  4.18E+03  0.00E+00  0.00E+00  0.00E+00  0.00E+00 -2.8769E-02
    490  1.00E+01  4.19E+03  0.00E+00  0.00E+00  0.00E+00  0.00E+00 -2.8836E-02
    491  1.00E+01  4.20E+03  0.00E+00  0.00E+00  0.00E+00  0.00E+00 -2.8903E-02
    492  1.00E+01  4.21E+03  0.00E+00  0.00E+00  0.00E+00  0.00E+00 -2.8970E-02
    493  1.00E+01  4.22E+03  0.00E+00  0.00E+00  0.00E+00  0.00E+00 -2.9037E-02
    494  1.00E+01  4.23E+03  0.00E+00  0.00E+00  0.00E+00  0.00E+00 -2.9103E-02
    495  1.00E+01  4.24E+03  0.00E+00  0.00E+00  0.00E+00  0.00E+00 -2.9170E-02
    496  1.00E+01  4.25E+03  0.00E+00  0.00E+00  0.00E+00  0.00E+00 -2.9237E-02
    497  1.00E+01  4.26E+03  0.00E+00  0.00E+00  0.00E+00  0.00E+00 -2.9304E-02
    498  1.00E+01  4.27E+03  0.00E+00  0.00E+00  0.00E+00  0.00E+00 -2.9370E-02
    499  1.00E+01  4.28E+03  0.00E+00  0.00E+00  0.00E+00  0.00E+00 -2.9437E-02
    500  1.00E+01  4.29E+03  0.00E+00  0.00E+00  0.00E+00  0.00E+00 -2.9504E-02
    501  1.00E+01  4.30E+03  0.00E+00  0.00E+00  0.00E+00  0.00E+00 -2.9571E-02
    502  1.00E+01  4.31E+03  0.00E+00  0.00E+00  0.00E+00  0.00E+00 -2.9637E-02
    503  1.00E+01  4.32E+03  0.00E+00  0.00E+00  0.00E+00  0.00E+00 -2.9704E-02
    504  1.00E+01  4.33E+03  0.00E+00  0.00E+00  0.00E+00  0.00E+00 -2.9771E-02
    505  1.00E+01  4.34E+03  0.00E+00  0.00E+00  0.00E+00  0.00E+00 -2.9837E-02
    506  1.00E+01  4.35E+03  0.00E+00  0.00E+00  0.00E+00  0.00E+00 -2.9904E-02
    507  1.00E+01  4.36E+03  0.00E+00  0.00E+00  0.00E+00  0.00E+00 -2.9971E-02
    508  1.00E+01  4.37E+03  0.00E+00  0.00E+00  0.00E+00  0.00E+00 -3.0038E-02
    509  1.00E+01  4.38E+03  0.00E+00  0.00E+00  0.00E+00  0.00E+00 -3.0104E-02
    510  1.00E+01  4.39E+03  0.00E+00  0.00E+00  0.00E+00  0.00E+00 -3.0171E-02
    511  1.00E+01  4.40E+03  0.00E+00  0.00E+00  0.00E+00  0.00E+00 -3.0238E-02
    512  1.00E+01  4.41E+03  0.00E+00  0.00E+00  0.00E+00  0.00E+00 -3.0304E-02
    513  1.00E+01  4.42E+03  0.00E+00  0.00E+00  0.00E+00  0.00E+00 -3.0371E-02
    514  1.00E+01  4.43E+03  0.00E+00  0.00E+00  0.00E+00  0.00E+00 -3.0437E-02
    515  1.00E+01  4.44E+03  0.00E+00  0.00E+00  0.00E+00  0.00E+00 -3.0504E-02
    516  1.00E+01  4.45E+03  0.00E+00  0.00E+00  0.00E+00  0.00E+00 -3.0571E-02
    517  1.00E+01  4.46E+03  0.00E+00  0.00E+00  0.00E+00  0.00E+00 -3.0637E-02
    518  1.00E+01  4.47E+03  0.00E+00  0.00E+00  0.00E+00  0.00E+00 -3.0704E-02
    519  1.00E+01  4.48E+03  0.00E+00  0.00E+00  0.00E+00  0.00E+00 -3.0771E-02
    520  1.00E+01  4.49E+03  0.00E+00  0.00E+00  0.00E+00  0.00E+00 -3.0837E-02
    521  1.00E+01  4.50E+03  0.00E+00  0.00E+00  0.00E+00  0.00E+00 -3.0904E-02
    522  1.00E+01  4.51E+03  0.00E+00  0.00E+00  0.00E+00  0.00E+00 -3.0970E-02
    523  1.00E+01  4.52E+03  0.00E+00  0.00E+00  0.00E+00  0.00E+00 -3.1037E-02
    524  1.00E+01  4.53E+03  0.00E+00  0.00E+00  0.00E+00  0.00E+00 -3.1103E-02
    525  1.00E+01  4.54E+03  0.00E+00  0.00E+00  0.00E+00  0.00E+00 -3.1170E-02
    526  1.00E+01  4.55E+03  0.00E+00  0.00E+00  0.00E+00  0.00E+00 -3.1236E-02
    527  1.00E+01  4.56E+03  0.00E+00  0.00E+00  0.00E+00  0.00E+00 -3.1303E-02
    528  1.00E+01  4.57E+03  0.00E+00  0.00E+00  0.00E+00  0.00E+00 -3.1370E-02
    529  1.00E+01  4.58E+03  0.00E+00  0.00E+00  0.00E+00  0.00E+00 -3.1436E-02
    530  1.00E+01  4.59E+03  0.00E+00  0.00E+00  0.00E+00  0.00E+00 -3.1503E-02
    531  1.00E+01  4.60E+03  0.00E+00  0.00E+00  0.00E+00  0.00E+00 -3.1569E-02
    532  1.00E+01  4.61E+03  0.00E+00  0.00E+00  0.00E+00  0.00E+00 -3.1636E-02
    533  1.00E+01  4.62E+03  0.00E+00  0.00E+00  0.00E+00  0.00E+00 -3.1702E-02
    534  1.00E+01  4.63E+03  0.00E+00  0.00E+00  0.00E+00  0.00E+00 -3.1769E-02
    535  1.00E+01  4.64E+03  0.00E+00  0.00E+00  0.00E+00  0.00E+00 -3.1835E-02
    536  1.00E+01  4.65E+03  0.00E+00  0.00E+00  0.00E+00  0.00E+00 -3.1901E-02
    537  1.00E+01  4.66E+03  0.00E+00  0.00E+00  0.00E+00  0.00E+00 -3.1968E-02
    538  1.00E+01  4.67E+03  0.00E+00  0.00E+00  0.00E+00  0.00E+00 -3.2034E-02
    539  1.00E+01  4.68E+03  0.00E+00  0.00E+00  0.00E+00  0.00E+00 -3.2101E-02
    540  1.00E+01  4.69E+03  0.00E+00  0.00E+00  0.00E+00  0.00E+00 -3.2167E-02
    541  1.00E+01  4.70E+03  0.00E+00  0.00E+00  0.00E+00  0.00E+00 -3.2234E-02
    542  1.00E+01  4.71E+03  0.00E+00  0.00E+00  0.00E+00  0.00E+00 -3.2300E-02
    543  1.00E+01  4.72E+03  0.00E+00  0.00E+00  0.00E+00  0.00E+00 -3.2367E-02
    544  1.00E+01  4.73E+03  0.00E+00  0.00E+00  0.00E+00  0.00E+00 -3.2433E-02
    545  1.00E+01  4.74E+03  0.00E+00  0.00E+00  0.00E+00  0.00E+00 -3.2499E-02
    546  1.00E+01  4.75E+03  0.00E+00  0.00E+00  0.00E+00  0.00E+00 -3.2566E-02
    547  1.00E+01  4.76E+03  0.00E+00  0.00E+00  0.00E+00  0.00E+00 -3.2632E-02
    548  1.00E+01  4.77E+03  0.00E+00  0.00E+00  0.00E+00  0.00E+00 -3.2699E-02
    549  1.00E+01  4.78E+03  0.00E+00  0.00E+00  0.00E+00  0.00E+00 -3.2765E-02
    550  1.00E+01  4.79E+03  0.00E+00  0.00E+00  0.00E+00  0.00E+00 -3.2831E-02
    551  1.00E+01  4.80E+03  0.00E+00  0.00E+00  0.00E+00  0.00E+00 -3.2898E-02
    552  1.00E+01  4.81E+03  0.00E+00  0.00E+00  0.00E+00  0.00E+00 -3.2964E-02
    553  1.00E+01  4.82E+03  0.00E+00  0.00E+00  0.00E+00  0.00E+00 -3.3030E-02
    554  1.00E+01  4.83E+03  0.00E+00  0.00E+00  0.00E+00  0.00E+00 -3.3097E-02
    555  1.00E+01  4.84E+03  0.00E+00  0.00E+00  0.00E+00  0.00E+00 -3.3163E-02
    556  1.00E+01  4.85E+03  0.00E+00  0.00E+00  0.00E+00  0.00E+00 -3.3229E-02
    557  1.00E+01  4.86E+03  0.00E+00  0.00E+00  0.00E+00  0.00E+00 -3.3296E-02
    558  1.00E+01  4.87E+03  0.00E+00  0.00E+00  0.00E+00  0.00E+00 -3.3362E-02
    559  1.00E+01  4.88E+03  0.00E+00  0.00E+00  0.00E+00  0.00E+00 -3.3428E-02
    560  1.00E+01  4.89E+03  0.00E+00  0.00E+00  0.00E+00  0.00E+00 -3.3495E-02
    561  1.00E+01  4.90E+03  0.00E+00  0.00E+00  0.00E+00  0.00E+00 -3.3561E-02
    562  1.00E+01  4.91E+03  0.00E+00  0.00E+00  0.00E+00  0.00E+00 -3.3627E-02
    563  1.00E+01  4.92E+03  0.00E+00  0.00E+00  0.00E+00  0.00E+00 -3.3693E-02
    564  1.00E+01  4.93E+03  0.00E+00  0.00E+00  0.00E+00  0.00E+00 -3.3760E-02
    565  1.00E+01  4.94E+03  0.00E+00  0.00E+00  0.00E+00  0.00E+00 -3.3826E-02
    566  1.00E+01  4.95E+03  0.00E+00  0.00E+00  0.00E+00  0.00E+00 -3.3892E-02
    567  1.00E+01  4.96E+03  0.00E+00  0.00E+00  0.00E+00  0.00E+00 -3.3958E-02
    568  1.00E+01  4.97E+03  0.00E+00  0.00E+00  0.00E+00  0.00E+00 -3.4025E-02
    569  1.00E+01  4.98E+03  0.00E+00  0.00E+00  0.00E+00  0.00E+00 -3.4091E-02
    570  1.00E+01  4.99E+03  0.00E+00  0.00E+00  0.00E+00  0.00E+00 -3.4157E-02
    571  1.00E+01  5.00E+03  0.00E+00  0.00E+00  0.00E+00  0.00E+00 -3.4223E-02
    572  1.00E+01  5.01E+03  0.00E+00  0.00E+00  0.00E+00  0.00E+00 -3.4289E-02
    573  1.00E+01  5.02E+03  0.00E+00  0.00E+00  0.00E+00  0.00E+00 -3.4356E-02
    574  1.00E+01  5.03E+03  0.00E+00  0.00E+00  0.00E+00  0.00E+00 -3.4422E-02
    575  1.00E+01  5.04E+03  0.00E+00  0.00E+00  0.00E+00  0.00E+00 -3.4488E-02
    576  1.00E+01  5.05E+03  0.00E+00  0.00E+00  0.00E+00  0.00E+00 -3.4554E-02
    577  1.00E+01  5.06E+03  0.00E+00  0.00E+00  0.00E+00  0.00E+00 -3.4620E-02
    578  1.00E+01  5.07E+03  0.00E+00  0.00E+00  0.00E+00  0.00E+00 -3.4686E-02
    579  1.00E+01  5.08E+03  0.00E+00  0.00E+00  0.00E+00  0.00E+00 -3.4753E-02
    580  1.00E+01  5.09E+03  0.00E+00  0.00E+00  0.00E+00  0.00E+00 -3.4819E-02
    581  1.00E+01  5.10E+03  0.00E+00  0.00E+00  0.00E+00  0.00E+00 -3.4885E-02
    582  1.00E+01  5.11E+03  0.00E+00  0.00E+00  0.00E+00  0.00E+00 -3.4951E-02
    583  1.00E+01  5.12E+03  0.00E+00  0.00E+00  0.00E+00  0.00E+00 -3.5017E-02
    584  1.00E+01  5.13E+03  0.00E+00  0.00E+00  0.00E+00  0.00E+00 -3.5083E-02
    585  1.00E+01  5.14E+03  0.00E+00  0.00E+00  0.00E+00  0.00E+00 -3.5149E-02
    586  1.00E+01  5.15E+03  0.00E+00  0.00E+00  0.00E+00  0.00E+00 -3.5215E-02
    587  1.00E+01  5.16E+03  0.00E+00  0.00E+00  0.00E+00  0.00E+00 -3.5282E-02
    588  1.00E+01  5.17E+03  0.00E+00  0.00E+00  0.00E+00  0.00E+00 -3.5348E-02
    589  1.00E+01  5.18E+03  0.00E+00  0.00E+00  0.00E+00  0.00E+00 -3.5414E-02
    590  1.00E+01  5.19E+03  0.00E+00  0.00E+00  0.00E+00  0.00E+00 -3.5480E-02
    591  1.00E+01  5.20E+03  0.00E+00  0.00E+00  0.00E+00  0.00E+00 -3.5546E-02
    592  1.00E+01  5.21E+03  0.00E+00  0.00E+00  0.00E+00  0.00E+00 -3.5612E-02
    593  1.00E+01  5.22E+03  0.00E+00  0.00E+00  0.00E+00  0.00E+00 -3.5678E-02
    594  1.00E+01  5.23E+03  0.00E+00  0.00E+00  0.00E+00  0.00E+00 -3.5744E-02
    595  1.00E+01  5.24E+03  0.00E+00  0.00E+00  0.00E+00  0.00E+00 -3.5810E-02
    596  1.00E+01  5.25E+03  0.00E+00  0.00E+00  0.00E+00  0.00E+00 -3.5876E-02
    597  1.00E+01  5.26E+03  0.00E+00  0.00E+00  0.00E+00  0.00E+00 -3.5942E-02
    598  1.00E+01  5.27E+03  0.00E+00  0.00E+00  0.00E+00  0.00E+00 -3.6008E-02
    599  1.00E+01  5.28E+03  0.00E+00  0.00E+00  0.00E+00  0.00E+00 -3.6074E-02
    600  1.00E+01  5.29E+03  0.00E+00  0.00E+00  0.00E+00  0.00E+00 -3.6140E-02
    601  1.00E+01  5.30E+03  0.00E+00  0.00E+00  0.00E+00  0.00E+00 -3.6206E-02
    602  1.00E+01  5.31E+03  0.00E+00  0.00E+00  0.00E+00  0.00E+00 -3.6272E-02
    603  1.00E+01  5.32E+03  0.00E+00  0.00E+00  0.00E+00  0.00E+00 -3.6338E-02
    604  1.00E+01  5.33E+03  0.00E+00  0.00E+00  0.00E+00  0.00E+00 -3.6404E-02
    605  1.00E+01  5.34E+03  0.00E+00  0.00E+00  0.00E+00  0.00E+00 -3.6470E-02
    606  1.00E+01  5.35E+03  0.00E+00  0.00E+00  0.00E+00  0.00E+00 -3.6536E-02
    607  1.00E+01  5.36E+03  0.00E+00  0.00E+00  0.00E+00  0.00E+00 -3.6602E-02
    608  1.00E+01  5.37E+03  0.00E+00  0.00E+00  0.00E+00  0.00E+00 -3.6668E-02
    609  1.00E+01  5.38E+03  0.00E+00  0.00E+00  0.00E+00  0.00E+00 -3.6734E-02
    610  1.00E+01  5.39E+03  0.00E+00  0.00E+00  0.00E+00  0.00E+00 -3.6800E-02
    611  1.00E+01  5.40E+03  0.00E+00  0.00E+00  0.00E+00  0.00E+00 -3.6866E-02
    612  1.00E+01  5.41E+03  0.00E+00  0.00E+00  0.00E+00  0.00E+00 -3.6931E-02
    613  1.00E+01  5.42E+03  0.00E+00  0.00E+00  0.00E+00  0.00E+00 -3.6997E-02
    614  1.00E+01  5.43E+03  0.00E+00  0.00E+00  0.00E+00  0.00E+00 -3.7063E-02
    615  1.00E+01  5.44E+03  0.00E+00  0.00E+00  0.00E+00  0.00E+00 -3.7129E-02
    616  1.00E+01  5.45E+03  0.00E+00  0.00E+00  0.00E+00  0.00E+00 -3.7195E-02
    617  1.00E+01  5.46E+03  0.00E+00  0.00E+00  0.00E+00  0.00E+00 -3.7261E-02
    618  1.00E+01  5.47E+03  0.00E+00  0.00E+00  0.00E+00  0.00E+00 -3.7327E-02
    619  1.00E+01  5.48E+03  0.00E+00  0.00E+00  0.00E+00  0.00E+00 -3.7393E-02
    620  1.00E+01  5.49E+03  0.00E+00  0.00E+00  0.00E+00  0.00E+00 -3.7458E-02
    621  1.00E+01  5.50E+03  0.00E+00  0.00E+00  0.00E+00  0.00E+00 -3.7524E-02
    622  1.00E+01  5.51E+03  0.00E+00  0.00E+00  0.00E+00  0.00E+00 -3.7590E-02
    623  1.00E+01  5.52E+03  0.00E+00  0.00E+00  0.00E+00  0.00E+00 -3.7656E-02
    624  1.00E+01  5.53E+03  0.00E+00  0.00E+00  0.00E+00  0.00E+00 -3.7722E-02
    625  1.00E+01  5.54E+03  0.00E+00  0.00E+00  0.00E+00  0.00E+00 -3.7788E-02
    626  1.00E+01  5.55E+03  0.00E+00  0.00E+00  0.00E+00  0.00E+00 -3.7853E-02
    627  1.00E+01  5.56E+03  0.00E+00  0.00E+00  0.00E+00  0.00E+00 -3.7919E-02
    628  1.00E+01  5.57E+03  0.00E+00  0.00E+00  0.00E+00  0.00E+00 -3.7985E-02
    629  1.00E+01  5.58E+03  0.00E+00  0.00E+00  0.00E+00  0.00E+00 -3.8051E-02
    630  1.00E+01  5.59E+03  0.00E+00  0.00E+00  0.00E+00  0.00E+00 -3.8116E-02
    631  1.00E+01  5.60E+03  0.00E+00  0.00E+00  0.00E+00  0.00E+00 -3.8182E-02
    632  1.00E+01  5.61E+03  0.00E+00  0.00E+00  0.00E+00  0.00E+00 -3.8248E-02
    633  1.00E+01  5.62E+03  0.00E+00  0.00E+00  0.00E+00  0.00E+00 -3.8314E-02
    634  1.00E+01  5.63E+03  0.00E+00  0.00E+00  0.00E+00  0.00E+00 -3.8379E-02
    635  1.00E+01  5.64E+03  0.00E+00  0.00E+00  0.00E+00  0.00E+00 -3.8445E-02
    636  1.00E+01  5.65E+03  0.00E+00  0.00E+00  0.00E+00  0.00E+00 -3.8511E-02
    637  1.00E+01  5.66E+03  0.00E+00  0.00E+00  0.00E+00  0.00E+00 -3.8577E-02
    638  1.00E+01  5.67E+03  0.00E+00  0.00E+00  0.00E+00  0.00E+00 -3.8642E-02
    639  1.00E+01  5.68E+03  0.00E+00  0.00E+00  0.00E+00  0.00E+00 -3.8708E-02
    640  1.00E+01  5.69E+03  0.00E+00  0.00E+00  0.00E+00  0.00E+00 -3.8774E-02
    641  1.00E+01  5.70E+03  0.00E+00  0.00E+00  0.00E+00  0.00E+00 -3.8839E-02
    642  1.00E+01  5.71E+03  0.00E+00  0.00E+00  0.00E+00  0.00E+00 -3.8905E-02
    643  1.00E+01  5.72E+03  0.00E+00  0.00E+00  0.00E+00  0.00E+00 -3.8971E-02
    644  1.00E+01  5.73E+03  0.00E+00  0.00E+00  0.00E+00  0.00E+00 -3.9037E-02
    645  1.00E+01  5.74E+03  0.00E+00  0.00E+00  0.00E+00  0.00E+00 -3.9102E-02
    646  1.00E+01  5.75E+03  0.00E+00  0.00E+00  0.00E+00  0.00E+00 -3.9168E-02
    647  1.00E+01  5.76E+03  0.00E+00  0.00E+00  0.00E+00  0.00E+00 -3.9233E-02
    648  1.00E+01  5.77E+03  0.00E+00  0.00E+00  0.00E+00  0.00E+00 -3.9299E-02
    649  1.00E+01  5.78E+03  0.00E+00  0.00E+00  0.00E+00  0.00E+00 -3.9365E-02
    650  1.00E+01  5.79E+03  0.00E+00  0.00E+00  0.00E+00  0.00E+00 -3.9430E-02
    651  1.00E+01  5.80E+03  0.00E+00  0.00E+00  0.00E+00  0.00E+00 -3.9496E-02
    652  1.00E+01  5.81E+03  0.00E+00  0.00E+00  0.00E+00  0.00E+00 -3.9562E-02
    653  1.00E+01  5.82E+03  0.00E+00  0.00E+00  0.00E+00  0.00E+00 -3.9627E-02
    654  1.00E+01  5.83E+03  0.00E+00  0.00E+00  0.00E+00  0.00E+00 -3.9693E-02
    655  1.00E+01  5.84E+03  0.00E+00  0.00E+00  0.00E+00  0.00E+00 -3.9758E-02
    656  1.00E+01  5.85E+03  0.00E+00  0.00E+00  0.00E+00  0.00E+00 -3.9824E-02
    657  1.00E+01  5.86E+03  0.00E+00  0.00E+00  0.00E+00  0.00E+00 -3.9890E-02
    658  1.00E+01  5.87E+03  0.00E+00  0.00E+00  0.00E+00  0.00E+00 -3.9955E-02
    659  1.00E+01  5.88E+03  0.00E+00  0.00E+00  0.00E+00  0.00E+00 -4.0021E-02
    660  1.00E+01  5.89E+03  0.00E+00  0.00E+00  0.00E+00  0.00E+00 -4.0086E-02
    661  1.00E+01  5.90E+03  0.00E+00  0.00E+00  0.00E+00  0.00E+00 -4.0152E-02
    662  1.00E+01  5.91E+03  0.00E+00  0.00E+00  0.00E+00  0.00E+00 -4.0217E-02
    663  1.00E+01  5.92E+03  0.00E+00  0.00E+00  0.00E+00  0.00E+00 -4.0283E-02
    664  1.00E+01  5.93E+03  0.00E+00  0.00E+00  0.00E+00  0.00E+00 -4.0348E-02
    665  1.00E+01  5.94E+03  0.00E+00  0.00E+00  0.00E+00  0.00E+00 -4.0414E-02
    666  1.00E+01  5.95E+03  0.00E+00  0.00E+00  0.00E+00  0.00E+00 -4.0479E-02
    667  1.00E+01  5.96E+03  0.00E+00  0.00E+00  0.00E+00  0.00E+00 -4.0545E-02
    668  1.00E+01  5.97E+03  0.00E+00  0.00E+00  0.00E+00  0.00E+00 -4.0610E-02
    669  1.00E+01  5.98E+03  0.00E+00  0.00E+00  0.00E+00  0.00E+00 -4.0676E-02
    670  1.00E+01  5.99E+03  0.00E+00  0.00E+00  0.00E+00  0.00E+00 -4.0741E-02
    671  1.00E+01  6.00E+03  0.00E+00  0.00E+00  0.00E+00  0.00E+00 -4.0807E-02
    672  1.00E+01  6.01E+03  0.00E+00  0.00E+00  0.00E+00  0.00E+00 -4.0872E-02
    673  1.00E+01  6.02E+03  0.00E+00  0.00E+00  0.00E+00  0.00E+00 -4.0938E-02
    674  1.00E+01  6.03E+03  0.00E+00  0.00E+00  0.00E+00  0.00E+00 -4.1003E-02
    675  1.00E+01  6.04E+03  0.00E+00  0.00E+00  0.00E+00  0.00E+00 -4.1069E-02
    676  1.00E+01  6.05E+03  0.00E+00  0.00E+00  0.00E+00  0.00E+00 -4.1134E-02
    677  1.00E+01  6.06E+03  0.00E+00  0.00E+00  0.00E+00  0.00E+00 -4.1199E-02
    678  1.00E+01  6.07E+03  0.00E+00  0.00E+00  0.00E+00  0.00E+00 -4.1265E-02
    679  1.00E+01  6.08E+03  0.00E+00  0.00E+00  0.00E+00  0.00E+00 -4.1330E-02
    680  1.00E+01  6.09E+03  0.00E+00  0.00E+00  0.00E+00  0.00E+00 -4.1396E-02
    681  1.00E+01  6.10E+03  0.00E+00  0.00E+00  0.00E+00  0.00E+00 -4.1461E-02
    682  1.00E+01  6.11E+03  0.00E+00  0.00E+00  0.00E+00  0.00E+00 -4.1526E-02
    683  1.00E+01  6.12E+03  0.00E+00  0.00E+00  0.00E+00  0.00E+00 -4.1592E-02
    684  1.00E+01  6.13E+03  0.00E+00  0.00E+00  0.00E+00  0.00E+00 -4.1657E-02
    685  1.00E+01  6.14E+03  0.00E+00  0.00E+00  0.00E+00  0.00E+00 -4.1723E-02
    686  1.00E+01  6.15E+03  0.00E+00  0.00E+00  0.00E+00  0.00E+00 -4.1788E-02
    687  1.00E+01  6.16E+03  0.00E+00  0.00E+00  0.00E+00  0.00E+00 -4.1853E-02
    688  1.00E+01  6.17E+03  0.00E+00  0.00E+00  0.00E+00  0.00E+00 -4.1919E-02
    689  1.00E+01  6.18E+03  0.00E+00  0.00E+00  0.00E+00  0.00E+00 -4.1984E-02
    690  1.00E+01  6.19E+03  0.00E+00  0.00E+00  0.00E+00  0.00E+00 -4.2049E-02
    691  1.00E+01  6.20E+03  0.00E+00  0.00E+00  0.00E+00  0.00E+00 -4.2115E-02
    692  1.00E+01  6.21E+03  0.00E+00  0.00E+00  0.00E+00  0.00E+00 -4.2180E-02
    693  1.00E+01  6.22E+03  0.00E+00  0.00E+00  0.00E+00  0.00E+00 -4.2245E-02
    694  1.00E+01  6.23E+03  0.00E+00  0.00E+00  0.00E+00  0.00E+00 -4.2311E-02
    695  1.00E+01  6.24E+03  0.00E+00  0.00E+00  0.00E+00  0.00E+00 -4.2376E-02
    696  1.00E+01  6.25E+03  0.00E+00  0.00E+00  0.00E+00  0.00E+00 -4.2441E-02
    697  1.00E+01  6.26E+03  0.00E+00  0.00E+00  0.00E+00  0.00E+00 -4.2506E-02
    698  1.00E+01  6.27E+03  0.00E+00  0.00E+00  0.00E+00  0.00E+00 -4.2572E-02
    699  1.00E+01  6.28E+03  0.00E+00  0.00E+00  0.00E+00  0.00E+00 -4.2637E-02
    700  1.00E+01  6.29E+03  0.00E+00  0.00E+00  0.00E+00  0.00E+00 -4.2702E-02
    701  1.00E+01  6.30E+03  0.00E+00  0.00E+00  0.00E+00  0.00E+00 -4.2767E-02
    702  1.00E+01  6.31E+03  0.00E+00  0.00E+00  0.00E+00  0.00E+00 -4.2833E-02
    703  1.00E+01  6.32E+03  0.00E+00  0.00E+00  0.00E+00  0.00E+00 -4.2898E-02
    704  1.00E+01  6.33E+03  0.00E+00  0.00E+00  0.00E+00  0.00E+00 -4.2963E-02
    705  1.00E+01  6.34E+03  0.00E+00  0.00E+00  0.00E+00  0.00E+00 -4.3028E-02
    706  1.00E+01  6.35E+03  0.00E+00  0.00E+00  0.00E+00  0.00E+00 -4.3094E-02
    707  1.00E+01  6.36E+03  0.00E+00  0.00E+00  0.00E+00  0.00E+00 -4.3159E-02
    708  1.00E+01  6.37E+03  0.00E+00  0.00E+00  0.00E+00  0.00E+00 -4.3224E-02
    709  1.00E+01  6.38E+03  0.00E+00  0.00E+00  0.00E+00  0.00E+00 -4.3289E-02
    710  1.00E+01  6.39E+03  0.00E+00  0.00E+00  0.00E+00  0.00E+00 -4.3354E-02
    711  1.00E+01  6.40E+03  0.00E+00  0.00E+00  0.00E+00  0.00E+00 -4.3420E-02
    712  1.00E+01  6.41E+03  0.00E+00  0.00E+00  0.00E+00  0.00E+00 -4.3485E-02
    713  1.00E+01  6.42E+03  0.00E+00  0.00E+00  0.00E+00  0.00E+00 -4.3550E-02
    714  1.00E+01  6.43E+03  0.00E+00  0.00E+00  0.00E+00  0.00E+00 -4.3615E-02
    715  1.00E+01  6.44E+03  0.00E+00  0.00E+00  0.00E+00  0.00E+00 -4.3680E-02
    716  1.00E+01  6.45E+03  0.00E+00  0.00E+00  0.00E+00  0.00E+00 -4.3745E-02
    717  1.00E+01  6.46E+03  0.00E+00  0.00E+00  0.00E+00  0.00E+00 -4.3810E-02
    718  1.00E+01  6.47E+03  0.00E+00  0.00E+00  0.00E+00  0.00E+00 -4.3876E-02
    719  1.00E+01  6.48E+03  0.00E+00  0.00E+00  0.00E+00  0.00E+00 -4.3941E-02
    720  1.00E+01  6.49E+03  0.00E+00  0.00E+00  0.00E+00  0.00E+00 -4.4006E-02
    721  1.00E+01  6.50E+03  0.00E+00  0.00E+00  0.00E+00  0.00E+00 -4.4071E-02
    722  1.00E+01  6.51E+03  0.00E+00  0.00E+00  0.00E+00  0.00E+00 -4.4136E-02
    723  1.00E+01  6.52E+03  0.00E+00  0.00E+00  0.00E+00  0.00E+00 -4.4201E-02
    724  1.00E+01  6.53E+03  0.00E+00  0.00E+00  0.00E+00  0.00E+00 -4.4266E-02
    725  1.00E+01  6.54E+03  0.00E+00  0.00E+00  0.00E+00  0.00E+00 -4.4331E-02
    726  1.00E+01  6.55E+03  0.00E+00  0.00E+00  0.00E+00  0.00E+00 -4.4396E-02
    727  1.00E+01  6.56E+03  0.00E+00  0.00E+00  0.00E+00  0.00E+00 -4.4461E-02
    728  1.00E+01  6.57E+03  0.00E+00  0.00E+00  0.00E+00  0.00E+00 -4.4526E-02
    729  1.00E+01  6.58E+03  0.00E+00  0.00E+00  0.00E+00  0.00E+00 -4.4591E-02
    730  1.00E+01  6.59E+03  0.00E+00  0.00E+00  0.00E+00  0.00E+00 -4.4657E-02
    731  1.00E+01  6.60E+03  0.00E+00  0.00E+00  0.00E+00  0.00E+00 -4.4722E-02
    732  1.00E+01  6.61E+03  0.00E+00  0.00E+00  0.00E+00  0.00E+00 -4.4787E-02
    733  1.00E+01  6.62E+03  0.00E+00  0.00E+00  0.00E+00  0.00E+00 -4.4852E-02
    734  1.00E+01  6.63E+03  0.00E+00  0.00E+00  0.00E+00  0.00E+00 -4.4917E-02
    735  1.00E+01  6.64E+03  0.00E+00  0.00E+00  0.00E+00  0.00E+00 -4.4982E-02
    736  1.00E+01  6.65E+03  0.00E+00  0.00E+00  0.00E+00  0.00E+00 -4.5047E-02
    737  1.00E+01  6.66E+03  0.00E+00  0.00E+00  0.00E+00  0.00E+00 -4.5112E-02
    738  1.00E+01  6.67E+03  0.00E+00  0.00E+00  0.00E+00  0.00E+00 -4.5177E-02
    739  1.00E+01  6.68E+03  0.00E+00  0.00E+00  0.00E+00  0.00E+00 -4.5241E-02
    740  1.00E+01  6.69E+03  0.00E+00  0.00E+00  0.00E+00  0.00E+00 -4.5306E-02
    741  1.00E+01  6.70E+03  0.00E+00  0.00E+00  0.00E+00  0.00E+00 -4.5371E-02
    742  1.00E+01  6.71E+03  0.00E+00  0.00E+00  0.00E+00  0.00E+00 -4.5436E-02
    743  1.00E+01  6.72E+03  0.00E+00  0.00E+00  0.00E+00  0.00E+00 -4.5501E-02
    744  1.00E+01  6.73E+03  0.00E+00  0.00E+00  0.00E+00  0.00E+00 -4.5566E-02
    745  1.00E+01  6.74E+03  0.00E+00  0.00E+00  0.00E+00  0.00E+00 -4.5631E-02
    746  1.00E+01  6.75E+03  0.00E+00  0.00E+00  0.00E+00  0.00E+00 -4.5696E-02
    747  1.00E+01  6.76E+03  0.00E+00  0.00E+00  0.00E+00  0.00E+00 -4.5761E-02
    748  1.00E+01  6.77E+03  0.00E+00  0.00E+00  0.00E+00  0.00E+00 -4.5826E-02
    749  1.00E+01  6.78E+03  0.00E+00  0.00E+00  0.00E+00  0.00E+00 -4.5891E-02
    750  1.00E+01  6.79E+03  0.00E+00  0.00E+00  0.00E+00  0.00E+00 -4.5955E-02
    751  1.00E+01  6.80E+03  0.00E+00  0.00E+00  0.00E+00  0.00E+00 -4.6020E-02
    752  1.00E+01  6.81E+03  0.00E+00  0.00E+00  0.00E+00  0.00E+00 -4.6085E-02
    753  1.00E+01  6.82E+03  0.00E+00  0.00E+00  0.00E+00  0.00E+00 -4.6150E-02
    754  1.00E+01  6.83E+03  0.00E+00  0.00E+00  0.00E+00  0.00E+00 -4.6215E-02
    755  1.00E+01  6.84E+03  0.00E+00  0.00E+00  0.00E+00  0.00E+00 -4.6280E-02
    756  1.00E+01  6.85E+03  0.00E+00  0.00E+00  0.00E+00  0.00E+00 -4.6344E-02
    757  1.00E+01  6.86E+03  0.00E+00  0.00E+00  0.00E+00  0.00E+00 -4.6409E-02
    758  1.00E+01  6.87E+03  0.00E+00  0.00E+00  0.00E+00  0.00E+00 -4.6474E-02
    759  1.00E+01  6.88E+03  0.00E+00  0.00E+00  0.00E+00  0.00E+00 -4.6539E-02
    760  1.00E+01  6.89E+03  0.00E+00  0.00E+00  0.00E+00  0.00E+00 -4.6604E-02
    761  1.00E+01  6.90E+03  0.00E+00  0.00E+00  0.00E+00  0.00E+00 -4.6668E-02
    762  1.00E+01  6.91E+03  0.00E+00  0.00E+00  0.00E+00  0.00E+00 -4.6733E-02
    763  1.00E+01  6.92E+03  0.00E+00  0.00E+00  0.00E+00  0.00E+00 -4.6798E-02
    764  1.00E+01  6.93E+03  0.00E+00  0.00E+00  0.00E+00  0.00E+00 -4.6863E-02
    765  1.00E+01  6.94E+03  0.00E+00  0.00E+00  0.00E+00  0.00E+00 -4.6927E-02
    766  1.00E+01  6.95E+03  0.00E+00  0.00E+00  0.00E+00  0.00E+00 -4.6992E-02
    767  1.00E+01  6.96E+03  0.00E+00  0.00E+00  0.00E+00  0.00E+00 -4.7057E-02
    768  1.00E+01  6.97E+03  0.00E+00  0.00E+00  0.00E+00  0.00E+00 -4.7122E-02
    769  1.00E+01  6.98E+03  0.00E+00  0.00E+00  0.00E+00  0.00E+00 -4.7186E-02
    770  1.00E+01  6.99E+03  0.00E+00  0.00E+00  0.00E+00  0.00E+00 -4.7251E-02
    771  1.00E+01  7.00E+03  0.00E+00  0.00E+00  0.00E+00  0.00E+00 -4.7316E-02
    772  1.00E+01  7.01E+03  0.00E+00  0.00E+00  0.00E+00  0.00E+00 -4.7381E-02
    773  1.00E+01  7.02E+03  0.00E+00  0.00E+00  0.00E+00  0.00E+00 -4.7445E-02
    774  1.00E+01  7.03E+03  0.00E+00  0.00E+00  0.00E+00  0.00E+00 -4.7510E-02
    775  1.00E+01  7.04E+03  0.00E+00  0.00E+00  0.00E+00  0.00E+00 -4.7575E-02
    776  1.00E+01  7.05E+03  0.00E+00  0.00E+00  0.00E+00  0.00E+00 -4.7639E-02
    777  1.00E+01  7.06E+03  0.00E+00  0.00E+00  0.00E+00  0.00E+00 -4.7704E-02
    778  1.00E+01  7.07E+03  0.00E+00  0.00E+00  0.00E+00  0.00E+00 -4.7768E-02
    779  1.00E+01  7.08E+03  0.00E+00  0.00E+00  0.00E+00  0.00E+00 -4.7833E-02
    780  1.00E+01  7.09E+03  0.00E+00  0.00E+00  0.00E+00  0.00E+00 -4.7898E-02
    781  1.00E+01  7.10E+03  0.00E+00  0.00E+00  0.00E+00  0.00E+00 -4.7962E-02
    782  1.00E+01  7.11E+03  0.00E+00  0.00E+00  0.00E+00  0.00E+00 -4.8027E-02
    783  1.00E+01  7.12E+03  0.00E+00  0.00E+00  0.00E+00  0.00E+00 -4.8092E-02
    784  1.00E+01  7.13E+03  0.00E+00  0.00E+00  0.00E+00  0.00E+00 -4.8156E-02
    785  1.00E+01  7.14E+03  0.00E+00  0.00E+00  0.00E+00  0.00E+00 -4.8221E-02
    786  1.00E+01  7.15E+03  0.00E+00  0.00E+00  0.00E+00  0.00E+00 -4.8285E-02
    787  1.00E+01  7.16E+03  0.00E+00  0.00E+00  0.00E+00  0.00E+00 -4.8350E-02
    788  1.00E+01  7.17E+03  0.00E+00  0.00E+00  0.00E+00  0.00E+00 -4.8414E-02
    789  1.00E+01  7.18E+03  0.00E+00  0.00E+00  0.00E+00  0.00E+00 -4.8479E-02
    790  1.00E+01  7.19E+03  0.00E+00  0.00E+00  0.00E+00  0.00E+00 -4.8544E-02
    791  1.00E+01  7.20E+03  0.00E+00  0.00E+00  0.00E+00  0.00E+00 -4.8608E-02
    792  1.00E+01  7.21E+03  0.00E+00  0.00E+00  0.00E+00  0.00E+00 -4.8673E-02
    793  1.00E+01  7.22E+03  0.00E+00  0.00E+00  0.00E+00  0.00E+00 -4.8737E-02
    794  1.00E+01  7.23E+03  0.00E+00  0.00E+00  0.00E+00  0.00E+00 -4.8802E-02
    795  1.00E+01  7.24E+03  0.00E+00  0.00E+00  0.00E+00  0.00E+00 -4.8866E-02
    796  1.00E+01  7.25E+03  0.00E+00  0.00E+00  0.00E+00  0.00E+00 -4.8931E-02
    797  1.00E+01  7.26E+03  0.00E+00  0.00E+00  0.00E+00  0.00E+00 -4.8995E-02
    798  1.00E+01  7.27E+03  0.00E+00  0.00E+00  0.00E+00  0.00E+00 -4.9060E-02
    799  1.00E+01  7.28E+03  0.00E+00  0.00E+00  0.00E+00  0.00E+00 -4.9124E-02
    800  1.00E+01  7.29E+03  0.00E+00  0.00E+00  0.00E+00  0.00E+00 -4.9189E-02
    801  1.00E+01  7.30E+03  0.00E+00  0.00E+00  0.00E+00  0.00E+00 -4.9253E-02
    802  1.00E+01  7.31E+03  0.00E+00  0.00E+00  0.00E+00  0.00E+00 -4.9318E-02
    803  1.00E+01  7.32E+03  0.00E+00  0.00E+00  0.00E+00  0.00E+00 -4.9382E-02
    804  1.00E+01  7.33E+03  0.00E+00  0.00E+00  0.00E+00  0.00E+00 -4.9446E-02
    805  1.00E+01  7.34E+03  0.00E+00  0.00E+00  0.00E+00  0.00E+00 -4.9511E-02
    806  1.00E+01  7.35E+03  0.00E+00  0.00E+00  0.00E+00  0.00E+00 -4.9575E-02
    807  1.00E+01  7.36E+03  0.00E+00  0.00E+00  0.00E+00  0.00E+00 -4.9640E-02
    808  1.00E+01  7.37E+03  0.00E+00  0.00E+00  0.00E+00  0.00E+00 -4.9704E-02
    809  1.00E+01  7.38E+03  0.00E+00  0.00E+00  0.00E+00  0.00E+00 -4.9769E-02
    810  1.00E+01  7.39E+03  0.00E+00  0.00E+00  0.00E+00  0.00E+00 -4.9833E-02
    811  1.00E+01  7.40E+03  0.00E+00  0.00E+00  0.00E+00  0.00E+00 -4.9897E-02
    812  1.00E+01  7.41E+03  0.00E+00  0.00E+00  0.00E+00  0.00E+00 -4.9962E-02
    813  1.00E+01  7.42E+03  0.00E+00  0.00E+00  0.00E+00  0.00E+00 -5.0026E-02
    814  1.00E+01  7.43E+03  0.00E+00  0.00E+00  0.00E+00  0.00E+00 -5.0090E-02
    815  1.00E+01  7.44E+03  0.00E+00  0.00E+00  0.00E+00  0.00E+00 -5.0155E-02
    816  1.00E+01  7.45E+03  0.00E+00  0.00E+00  0.00E+00  0.00E+00 -5.0219E-02
    817  1.00E+01  7.46E+03  0.00E+00  0.00E+00  0.00E+00  0.00E+00 -5.0283E-02
    818  1.00E+01  7.47E+03  0.00E+00  0.00E+00  0.00E+00  0.00E+00 -5.0348E-02
    819  1.00E+01  7.48E+03  0.00E+00  0.00E+00  0.00E+00  0.00E+00 -5.0412E-02
    820  1.00E+01  7.49E+03  0.00E+00  0.00E+00  0.00E+00  0.00E+00 -5.0476E-02
    821  1.00E+01  7.50E+03  0.00E+00  0.00E+00  0.00E+00  0.00E+00 -5.0541E-02
    822  1.00E+01  7.51E+03  0.00E+00  0.00E+00  0.00E+00  0.00E+00 -5.0605E-02
    823  1.00E+01  7.52E+03  0.00E+00  0.00E+00  0.00E+00  0.00E+00 -5.0669E-02
    824  1.00E+01  7.53E+03  0.00E+00  0.00E+00  0.00E+00  0.00E+00 -5.0734E-02
    825  1.00E+01  7.54E+03  0.00E+00  0.00E+00  0.00E+00  0.00E+00 -5.0798E-02
    826  1.00E+01  7.55E+03  0.00E+00  0.00E+00  0.00E+00  0.00E+00 -5.0862E-02
    827  1.00E+01  7.56E+03  0.00E+00  0.00E+00  0.00E+00  0.00E+00 -5.0926E-02
    828  1.00E+01  7.57E+03  0.00E+00  0.00E+00  0.00E+00  0.00E+00 -5.0991E-02
    829  1.00E+01  7.58E+03  0.00E+00  0.00E+00  0.00E+00  0.00E+00 -5.1055E-02
    830  1.00E+01  7.59E+03  0.00E+00  0.00E+00  0.00E+00  0.00E+00 -5.1119E-02
    831  1.00E+01  7.60E+03  0.00E+00  0.00E+00  0.00E+00  0.00E+00 -5.1183E-02
    832  1.00E+01  7.61E+03  0.00E+00  0.00E+00  0.00E+00  0.00E+00 -5.1248E-02
    833  1.00E+01  7.62E+03  0.00E+00  0.00E+00  0.00E+00  0.00E+00 -5.1312E-02
    834  1.00E+01  7.63E+03  0.00E+00  0.00E+00  0.00E+00  0.00E+00 -5.1376E-02
    835  1.00E+01  7.64E+03  0.00E+00  0.00E+00  0.00E+00  0.00E+00 -5.1440E-02
    836  1.00E+01  7.65E+03  0.00E+00  0.00E+00  0.00E+00  0.00E+00 -5.1504E-02
    837  1.00E+01  7.66E+03  0.00E+00  0.00E+00  0.00E+00  0.00E+00 -5.1569E-02
    838  1.00E+01  7.67E+03  0.00E+00  0.00E+00  0.00E+00  0.00E+00 -5.1633E-02
    839  1.00E+01  7.68E+03  0.00E+00  0.00E+00  0.00E+00  0.00E+00 -5.1697E-02
    840  1.00E+01  7.69E+03  0.00E+00  0.00E+00  0.00E+00  0.00E+00 -5.1761E-02
    841  1.00E+01  7.70E+03  0.00E+00  0.00E+00  0.00E+00  0.00E+00 -5.1825E-02
    842  1.00E+01  7.71E+03  0.00E+00  0.00E+00  0.00E+00  0.00E+00 -5.1889E-02
    843  1.00E+01  7.72E+03  0.00E+00  0.00E+00  0.00E+00  0.00E+00 -5.1953E-02
    844  1.00E+01  7.73E+03  0.00E+00  0.00E+00  0.00E+00  0.00E+00 -5.2018E-02
    845  1.00E+01  7.74E+03  0.00E+00  0.00E+00  0.00E+00  0.00E+00 -5.2082E-02
    846  1.00E+01  7.75E+03  0.00E+00  0.00E+00  0.00E+00  0.00E+00 -5.2146E-02
    847  1.00E+01  7.76E+03  0.00E+00  0.00E+00  0.00E+00  0.00E+00 -5.2210E-02
    848  1.00E+01  7.77E+03  0.00E+00  0.00E+00  0.00E+00  0.00E+00 -5.2274E-02
    849  1.00E+01  7.78E+03  0.00E+00  0.00E+00  0.00E+00  0.00E+00 -5.2338E-02
    850  1.00E+01  7.79E+03  0.00E+00  0.00E+00  0.00E+00  0.00E+00 -5.2402E-02
    851  1.00E+01  7.80E+03  0.00E+00  0.00E+00  0.00E+00  0.00E+00 -5.2466E-02
    852  1.00E+01  7.81E+03  0.00E+00  0.00E+00  0.00E+00  0.00E+00 -5.2530E-02
    853  1.00E+01  7.82E+03  0.00E+00  0.00E+00  0.00E+00  0.00E+00 -5.2594E-02
    854  1.00E+01  7.83E+03  0.00E+00  0.00E+00  0.00E+00  0.00E+00 -5.2658E-02
    855  1.00E+01  7.84E+03  0.00E+00  0.00E+00  0.00E+00  0.00E+00 -5.2722E-02
    856  1.00E+01  7.85E+03  0.00E+00  0.00E+00  0.00E+00  0.00E+00 -5.2787E-02
    857  1.00E+01  7.86E+03  0.00E+00  0.00E+00  0.00E+00  0.00E+00 -5.2851E-02
    858  1.00E+01  7.87E+03  0.00E+00  0.00E+00  0.00E+00  0.00E+00 -5.2915E-02
    859  1.00E+01  7.88E+03  0.00E+00  0.00E+00  0.00E+00  0.00E+00 -5.2979E-02
    860  1.00E+01  7.89E+03  0.00E+00  0.00E+00  0.00E+00  0.00E+00 -5.3043E-02
    861  1.00E+01  7.90E+03  0.00E+00  0.00E+00  0.00E+00  0.00E+00 -5.3107E-02
    862  1.00E+01  7.91E+03  0.00E+00  0.00E+00  0.00E+00  0.00E+00 -5.3171E-02
    863  1.00E+01  7.92E+03  0.00E+00  0.00E+00  0.00E+00  0.00E+00 -5.3235E-02
    864  1.00E+01  7.93E+03  0.00E+00  0.00E+00  0.00E+00  0.00E+00 -5.3299E-02
    865  1.00E+01  7.94E+03  0.00E+00  0.00E+00  0.00E+00  0.00E+00 -5.3362E-02
    866  1.00E+01  7.95E+03  0.00E+00  0.00E+00  0.00E+00  0.00E+00 -5.3426E-02
    867  1.00E+01  7.96E+03  0.00E+00  0.00E+00  0.00E+00  0.00E+00 -5.3490E-02
    868  1.00E+01  7.97E+03  0.00E+00  0.00E+00  0.00E+00  0.00E+00 -5.3554E-02
    869  1.00E+01  7.98E+03  0.00E+00  0.00E+00  0.00E+00  0.00E+00 -5.3618E-02
    870  1.00E+01  7.99E+03  0.00E+00  0.00E+00  0.00E+00  0.00E+00 -5.3682E-02
    871  1.00E+01  8.00E+03  0.00E+00  0.00E+00  0.00E+00  0.00E+00 -5.3746E-02
    872  1.00E+01  8.01E+03  0.00E+00  0.00E+00  0.00E+00  0.00E+00 -5.3810E-02
    873  1.00E+01  8.02E+03  0.00E+00  0.00E+00  0.00E+00  0.00E+00 -5.3874E-02
    874  1.00E+01  8.03E+03  0.00E+00  0.00E+00  0.00E+00  0.00E+00 -5.3938E-02
    875  1.00E+01  8.04E+03  0.00E+00  0.00E+00  0.00E+00  0.00E+00 -5.4002E-02
    876  1.00E+01  8.05E+03  0.00E+00  0.00E+00  0.00E+00  0.00E+00 -5.4066E-02
    877  1.00E+01  8.06E+03  0.00E+00  0.00E+00  0.00E+00  0.00E+00 -5.4129E-02
    878  1.00E+01  8.07E+03  0.00E+00  0.00E+00  0.00E+00  0.00E+00 -5.4193E-02
    879  1.00E+01  8.08E+03  0.00E+00  0.00E+00  0.00E+00  0.00E+00 -5.4257E-02
    880  1.00E+01  8.09E+03  0.00E+00  0.00E+00  0.00E+00  0.00E+00 -5.4321E-02
    881  1.00E+01  8.10E+03  0.00E+00  0.00E+00  0.00E+00  0.00E+00 -5.4385E-02
    882  1.00E+01  8.11E+03  0.00E+00  0.00E+00  0.00E+00  0.00E+00 -5.4449E-02
    883  1.00E+01  8.12E+03  0.00E+00  0.00E+00  0.00E+00  0.00E+00 -5.4512E-02
    884  1.00E+01  8.13E+03  0.00E+00  0.00E+00  0.00E+00  0.00E+00 -5.4576E-02
    885  1.00E+01  8.14E+03  0.00E+00  0.00E+00  0.00E+00  0.00E+00 -5.4640E-02
    886  1.00E+01  8.15E+03  0.00E+00  0.00E+00  0.00E+00  0.00E+00 -5.4704E-02
    887  1.00E+01  8.16E+03  0.00E+00  0.00E+00  0.00E+00  0.00E+00 -5.4768E-02
    888  1.00E+01  8.17E+03  0.00E+00  0.00E+00  0.00E+00  0.00E+00 -5.4831E-02
    889  1.00E+01  8.18E+03  0.00E+00  0.00E+00  0.00E+00  0.00E+00 -5.4895E-02
    890  1.00E+01  8.19E+03  0.00E+00  0.00E+00  0.00E+00  0.00E+00 -5.4959E-02
    891  1.00E+01  8.20E+03  0.00E+00  0.00E+00  0.00E+00  0.00E+00 -5.5023E-02
    892  1.00E+01  8.21E+03  0.00E+00  0.00E+00  0.00E+00  0.00E+00 -5.5087E-02
    893  1.00E+01  8.22E+03  0.00E+00  0.00E+00  0.00E+00  0.00E+00 -5.5150E-02
    894  1.00E+01  8.23E+03  0.00E+00  0.00E+00  0.00E+00  0.00E+00 -5.5214E-02
    895  1.00E+01  8.24E+03  0.00E+00  0.00E+00  0.00E+00  0.00E+00 -5.5278E-02
    896  1.00E+01  8.25E+03  0.00E+00  0.00E+00  0.00E+00  0.00E+00 -5.5342E-02
    897  1.00E+01  8.26E+03  0.00E+00  0.00E+00  0.00E+00  0.00E+00 -5.5405E-02
    898  1.00E+01  8.27E+03  0.00E+00  0.00E+00  0.00E+00  0.00E+00 -5.5469E-02
    899  1.00E+01  8.28E+03  0.00E+00  0.00E+00  0.00E+00  0.00E+00 -5.5533E-02
    900  1.00E+01  8.29E+03  0.00E+00  0.00E+00  0.00E+00  0.00E+00 -5.5596E-02
    901  1.00E+01  8.30E+03  0.00E+00  0.00E+00  0.00E+00  0.00E+00 -5.5660E-02
    902  1.00E+01  8.31E+03  0.00E+00  0.00E+00  0.00E+00  0.00E+00 -5.5724E-02
    903  1.00E+01  8.32E+03  0.00E+00  0.00E+00  0.00E+00  0.00E+00 -5.5787E-02
    904  1.00E+01  8.33E+03  0.00E+00  0.00E+00  0.00E+00  0.00E+00 -5.5851E-02
    905  1.00E+01  8.34E+03  0.00E+00  0.00E+00  0.00E+00  0.00E+00 -5.5915E-02
    906  1.00E+01  8.35E+03  0.00E+00  0.00E+00  0.00E+00  0.00E+00 -5.5978E-02
    907  1.00E+01  8.36E+03  0.00E+00  0.00E+00  0.00E+00  0.00E+00 -5.6042E-02
    908  1.00E+01  8.37E+03  0.00E+00  0.00E+00  0.00E+00  0.00E+00 -5.6106E-02
    909  1.00E+01  8.38E+03  0.00E+00  0.00E+00  0.00E+00  0.00E+00 -5.6169E-02
    910  1.00E+01  8.39E+03  0.00E+00  0.00E+00  0.00E+00  0.00E+00 -5.6233E-02
    911  1.00E+01  8.40E+03  0.00E+00  0.00E+00  0.00E+00  0.00E+00 -5.6296E-02
    912  1.00E+01  8.41E+03  0.00E+00  0.00E+00  0.00E+00  0.00E+00 -5.6360E-02
    913  1.00E+01  8.42E+03  0.00E+00  0.00E+00  0.00E+00  0.00E+00 -5.6424E-02
    914  1.00E+01  8.43E+03  0.00E+00  0.00E+00  0.00E+00  0.00E+00 -5.6487E-02
    915  1.00E+01  8.44E+03  0.00E+00  0.00E+00  0.00E+00  0.00E+00 -5.6551E-02
    916  1.00E+01  8.45E+03  0.00E+00  0.00E+00  0.00E+00  0.00E+00 -5.6615E-02
    917  1.00E+01  8.46E+03  0.00E+00  0.00E+00  0.00E+00  0.00E+00 -5.6678E-02
    918  1.00E+01  8.47E+03  0.00E+00  0.00E+00  0.00E+00  0.00E+00 -5.6742E-02
    919  1.00E+01  8.48E+03  0.00E+00  0.00E+00  0.00E+00  0.00E+00 -5.6805E-02
    920  1.00E+01  8.49E+03  0.00E+00  0.00E+00  0.00E+00  0.00E+00 -5.6869E-02
    921  1.00E+01  8.50E+03  0.00E+00  0.00E+00  0.00E+00  0.00E+00 -5.6933E-02
    922  1.00E+01  8.51E+03  0.00E+00  0.00E+00  0.00E+00  0.00E+00 -5.6996E-02
    923  1.00E+01  8.52E+03  0.00E+00  0.00E+00  0.00E+00  0.00E+00 -5.7060E-02
    924  1.00E+01  8.53E+03  0.00E+00  0.00E+00  0.00E+00  0.00E+00 -5.7123E-02
    925  1.00E+01  8.54E+03  0.00E+00  0.00E+00  0.00E+00  0.00E+00 -5.7187E-02
    926  1.00E+01  8.55E+03  0.00E+00  0.00E+00  0.00E+00  0.00E+00 -5.7251E-02
    927  1.00E+01  8.56E+03  0.00E+00  0.00E+00  0.00E+00  0.00E+00 -5.7314E-02
    928  1.00E+01  8.57E+03  0.00E+00  0.00E+00  0.00E+00  0.00E+00 -5.7378E-02
    929  1.00E+01  8.58E+03  0.00E+00  0.00E+00  0.00E+00  0.00E+00 -5.7441E-02
    930  1.00E+01  8.59E+03  0.00E+00  0.00E+00  0.00E+00  0.00E+00 -5.7505E-02
    931  1.00E+01  8.60E+03  0.00E+00  0.00E+00  0.00E+00  0.00E+00 -5.7568E-02
    932  1.00E+01  8.61E+03  0.00E+00  0.00E+00  0.00E+00  0.00E+00 -5.7632E-02
    933  1.00E+01  8.62E+03  0.00E+00  0.00E+00  0.00E+00  0.00E+00 -5.7696E-02
    934  1.00E+01  8.63E+03  0.00E+00  0.00E+00  0.00E+00  0.00E+00 -5.7759E-02
    935  1.00E+01  8.64E+03  0.00E+00  0.00E+00  0.00E+00  0.00E+00 -5.7823E-02
    936  1.00E+01  8.65E+03  0.00E+00  0.00E+00  0.00E+00  0.00E+00 -5.7886E-02
    937  1.00E+01  8.66E+03  0.00E+00  0.00E+00  0.00E+00  0.00E+00 -5.7950E-02
    938  1.00E+01  8.67E+03  0.00E+00  0.00E+00  0.00E+00  0.00E+00 -5.8013E-02
    939  1.00E+01  8.68E+03  0.00E+00  0.00E+00  0.00E+00  0.00E+00 -5.8077E-02
    940  1.00E+01  8.69E+03  0.00E+00  0.00E+00  0.00E+00  0.00E+00 -5.8140E-02
    941  1.00E+01  8.70E+03  0.00E+00  0.00E+00  0.00E+00  0.00E+00 -5.8204E-02
    942  1.00E+01  8.71E+03  0.00E+00  0.00E+00  0.00E+00  0.00E+00 -5.8267E-02
    943  1.00E+01  8.72E+03  0.00E+00  0.00E+00  0.00E+00  0.00E+00 -5.8331E-02
    944  1.00E+01  8.73E+03  0.00E+00  0.00E+00  0.00E+00  0.00E+00 -5.8394E-02
    945  1.00E+01  8.74E+03  0.00E+00  0.00E+00  0.00E+00  0.00E+00 -5.8458E-02
    946  1.00E+01  8.75E+03  0.00E+00  0.00E+00  0.00E+00  0.00E+00 -5.8521E-02
    947  1.00E+01  8.76E+03  0.00E+00  0.00E+00  0.00E+00  0.00E+00 -5.8585E-02
    948  1.00E+01  8.77E+03  0.00E+00  0.00E+00  0.00E+00  0.00E+00 -5.8648E-02
    949  1.00E+01  8.78E+03  0.00E+00  0.00E+00  0.00E+00  0.00E+00 -5.8712E-02
    950  1.00E+01  8.79E+03  0.00E+00  0.00E+00  0.00E+00  0.00E+00 -5.8775E-02
    951  1.00E+01  8.80E+03  0.00E+00  0.00E+00  0.00E+00  0.00E+00 -5.8839E-02
    952  1.00E+01  8.81E+03  0.00E+00  0.00E+00  0.00E+00  0.00E+00 -5.8902E-02
    953  1.00E+01  8.82E+03  0.00E+00  0.00E+00  0.00E+00  0.00E+00 -5.8966E-02
    954  1.00E+01  8.83E+03  0.00E+00  0.00E+00  0.00E+00  0.00E+00 -5.9029E-02
    955  1.00E+01  8.84E+03  0.00E+00  0.00E+00  0.00E+00  0.00E+00 -5.9093E-02
    956  1.00E+01  8.85E+03  0.00E+00  0.00E+00  0.00E+00  0.00E+00 -5.9156E-02
    957  1.00E+01  8.86E+03  0.00E+00  0.00E+00  0.00E+00  0.00E+00 -5.9220E-02
    958  1.00E+01  8.87E+03  0.00E+00  0.00E+00  0.00E+00  0.00E+00 -5.9283E-02
    959  1.00E+01  8.88E+03  0.00E+00  0.00E+00  0.00E+00  0.00E+00 -5.9347E-02
    960  1.00E+01  8.89E+03  0.00E+00  0.00E+00  0.00E+00  0.00E+00 -5.9410E-02
    961  1.00E+01  8.90E+03  0.00E+00  0.00E+00  0.00E+00  0.00E+00 -5.9474E-02
    962  1.00E+01  8.91E+03  0.00E+00  0.00E+00  0.00E+00  0.00E+00 -5.9537E-02
    963  1.00E+01  8.92E+03  0.00E+00  0.00E+00  0.00E+00  0.00E+00 -5.9600E-02
    964  1.00E+01  8.93E+03  0.00E+00  0.00E+00  0.00E+00  0.00E+00 -5.9664E-02
    965  1.00E+01  8.94E+03  0.00E+00  0.00E+00  0.00E+00  0.00E+00 -5.9727E-02
    966  1.00E+01  8.95E+03  0.00E+00  0.00E+00  0.00E+00  0.00E+00 -5.9791E-02
    967  1.00E+01  8.96E+03  0.00E+00  0.00E+00  0.00E+00  0.00E+00 -5.9854E-02
    968  1.00E+01  8.97E+03  0.00E+00  0.00E+00  0.00E+00  0.00E+00 -5.9918E-02
    969  1.00E+01  8.98E+03  0.00E+00  0.00E+00  0.00E+00  0.00E+00 -5.9981E-02
    970  1.00E+01  8.99E+03  0.00E+00  0.00E+00  0.00E+00  0.00E+00 -6.0044E-02
    971  1.00E+01  9.00E+03  0.00E+00  0.00E+00  0.00E+00  0.00E+00 -6.0108E-02
    972  1.00E+01  9.01E+03  0.00E+00  0.00E+00  0.00E+00  0.00E+00 -6.0171E-02
    973  1.00E+01  9.02E+03  0.00E+00  0.00E+00  0.00E+00  0.00E+00 -6.0235E-02
    974  1.00E+01  9.03E+03  0.00E+00  0.00E+00  0.00E+00  0.00E+00 -6.0298E-02
    975  1.00E+01  9.04E+03  0.00E+00  0.00E+00  0.00E+00  0.00E+00 -6.0361E-02
    976  1.00E+01  9.05E+03  0.00E+00  0.00E+00  0.00E+00  0.00E+00 -6.0425E-02
    977  1.00E+01  9.06E+03  0.00E+00  0.00E+00  0.00E+00  0.00E+00 -6.0488E-02
    978  1.00E+01  9.07E+03  0.00E+00  0.00E+00  0.00E+00  0.00E+00 -6.0552E-02
    979  1.00E+01  9.08E+03  0.00E+00  0.00E+00  0.00E+00  0.00E+00 -6.0615E-02
    980  1.00E+01  9.09E+03  0.00E+00  0.00E+00  0.00E+00  0.00E+00 -6.0678E-02
    981  1.00E+01  9.10E+03  0.00E+00  0.00E+00  0.00E+00  0.00E+00 -6.0742E-02
    982  1.00E+01  9.11E+03  0.00E+00  0.00E+00  0.00E+00  0.00E+00 -6.0805E-02
    983  1.00E+01  9.12E+03  0.00E+00  0.00E+00  0.00E+00  0.00E+00 -6.0868E-02
    984  1.00E+01  9.13E+03  0.00E+00  0.00E+00  0.00E+00  0.00E+00 -6.0932E-02
    985  1.00E+01  9.14E+03  0.00E+00  0.00E+00  0.00E+00  0.00E+00 -6.0995E-02
    986  1.00E+01  9.15E+03  0.00E+00  0.00E+00  0.00E+00  0.00E+00 -6.1058E-02
    987  1.00E+01  9.16E+03  0.00E+00  0.00E+00  0.00E+00  0.00E+00 -6.1122E-02
    988  1.00E+01  9.17E+03  0.00E+00  0.00E+00  0.00E+00  0.00E+00 -6.1185E-02
    989  1.00E+01  9.18E+03  0.00E+00  0.00E+00  0.00E+00  0.00E+00 -6.1248E-02
    990  1.00E+01  9.19E+03  0.00E+00  0.00E+00  0.00E+00  0.00E+00 -6.1312E-02
    991  1.00E+01  9.20E+03  0.00E+00  0.00E+00  0.00E+00  0.00E+00 -6.1375E-02
    992  1.00E+01  9.21E+03  0.00E+00  0.00E+00  0.00E+00  0.00E+00 -6.1438E-02
    993  1.00E+01  9.22E+03  0.00E+00  0.00E+00  0.00E+00  0.00E+00 -6.1502E-02
    994  1.00E+01  9.23E+03  0.00E+00  0.00E+00  0.00E+00  0.00E+00 -6.1565E-02
    995  1.00E+01  9.24E+03  0.00E+00  0.00E+00  0.00E+00  0.00E+00 -6.1628E-02
    996  1.00E+01  9.25E+03  0.00E+00  0.00E+00  0.00E+00  0.00E+00 -6.1691E-02
    997  1.00E+01  9.26E+03  0.00E+00  0.00E+00  0.00E+00  0.00E+00 -6.1755E-02
    998  1.00E+01  9.27E+03  0.00E+00  0.00E+00  0.00E+00  0.00E+00 -6.1818E-02
    999  1.00E+01  9.28E+03  0.00E+00  0.00E+00  0.00E+00  0.00E+00 -6.1881E-02
   1000  1.00E+01  9.29E+03  0.00E+00  0.00E+00  0.00E+00  0.00E+00 -6.1945E-02
   1001  1.00E+01  9.30E+03  0.00E+00  0.00E+00  0.00E+00  0.00E+00 -6.2008E-02
   1002  1.00E+01  9.31E+03  0.00E+00  0.00E+00  0.00E+00  0.00E+00 -6.2071E-02
   1003  1.00E+01  9.32E+03  0.00E+00  0.00E+00  0.00E+00  0.00E+00 -6.2134E-02
   1004  1.00E+01  9.33E+03  0.00E+00  0.00E+00  0.00E+00  0.00E+00 -6.2198E-02
   1005  1.00E+01  9.34E+03  0.00E+00  0.00E+00  0.00E+00  0.00E+00 -6.2261E-02
   1006  1.00E+01  9.35E+03  0.00E+00  0.00E+00  0.00E+00  0.00E+00 -6.2324E-02
   1007  1.00E+01  9.36E+03  0.00E+00  0.00E+00  0.00E+00  0.00E+00 -6.2387E-02
   1008  1.00E+01  9.37E+03  0.00E+00  0.00E+00  0.00E+00  0.00E+00 -6.2451E-02
   1009  1.00E+01  9.38E+03  0.00E+00  0.00E+00  0.00E+00  0.00E+00 -6.2514E-02
   1010  1.00E+01  9.39E+03  0.00E+00  0.00E+00  0.00E+00  0.00E+00 -6.2577E-02
   1011  1.00E+01  9.40E+03  0.00E+00  0.00E+00  0.00E+00  0.00E+00 -6.2640E-02
   1012  1.00E+01  9.41E+03  0.00E+00  0.00E+00  0.00E+00  0.00E+00 -6.2704E-02
   1013  1.00E+01  9.42E+03  0.00E+00  0.00E+00  0.00E+00  0.00E+00 -6.2767E-02
   1014  1.00E+01  9.43E+03  0.00E+00  0.00E+00  0.00E+00  0.00E+00 -6.2830E-02
   1015  1.00E+01  9.44E+03  0.00E+00  0.00E+00  0.00E+00  0.00E+00 -6.2893E-02
   1016  1.00E+01  9.45E+03  0.00E+00  0.00E+00  0.00E+00  0.00E+00 -6.2956E-02
   1017  1.00E+01  9.46E+03  0.00E+00  0.00E+00  0.00E+00  0.00E+00 -6.3020E-02
   1018  1.00E+01  9.47E+03  0.00E+00  0.00E+00  0.00E+00  0.00E+00 -6.3083E-02
   1019  1.00E+01  9.48E+03  0.00E+00  0.00E+00  0.00E+00  0.00E+00 -6.3146E-02
   1020  1.00E+01  9.49E+03  0.00E+00  0.00E+00  0.00E+00  0.00E+00 -6.3209E-02
   1021  1.00E+01  9.50E+03  0.00E+00  0.00E+00  0.00E+00  0.00E+00 -6.3272E-02
   1022  1.00E+01  9.51E+03  0.00E+00  0.00E+00  0.00E+00  0.00E+00 -6.3336E-02
   1023  1.00E+01  9.52E+03  0.00E+00  0.00E+00  0.00E+00  0.00E+00 -6.3399E-02
   1024  1.00E+01  9.53E+03  0.00E+00  0.00E+00  0.00E+00  0.00E+00 -6.3462E-02
   1025  1.00E+01  9.54E+03  0.00E+00  0.00E+00  0.00E+00  0.00E+00 -6.3525E-02
   1026  1.00E+01  9.55E+03  0.00E+00  0.00E+00  0.00E+00  0.00E+00 -6.3588E-02
   1027  1.00E+01  9.56E+03  0.00E+00  0.00E+00  0.00E+00  0.00E+00 -6.3651E-02
   1028  1.00E+01  9.57E+03  0.00E+00  0.00E+00  0.00E+00  0.00E+00 -6.3715E-02
   1029  1.00E+01  9.58E+03  0.00E+00  0.00E+00  0.00E+00  0.00E+00 -6.3778E-02
   1030  8.81E+00  9.59E+03  0.00E+00  0.00E+00  0.00E+00  0.00E+00 -6.3833E-02
   1031  8.81E+00  9.60E+03  0.00E+00  0.00E+00  0.00E+00  0.00E+00 -6.3888E-02
