#       1
#          TIME              381
  1.00000000E-02  0.00000000E+00  0.00000000E+00  0.00000000E+00  0.00000000E+00
  1.50000000E-02  8.09942834E-11  0.00000000E+00  0.00000000E+00  0.00000000E+00
  2.05000000E-02  1.30178835E-09  0.00000000E+00  0.00000000E+00  0.00000000E+00
  2.65500000E-02  1.19834124E-09  0.00000000E+00  0.00000000E+00  0.00000000E+00
  3.32050000E-02  1.16144010E-09  0.00000000E+00  0.00000000E+00  0.00000000E+00
  4.05255000E-02  1.15499682E-09  0.00000000E+00  0.00000000E+00  0.00000000E+00
  4.85780500E-02  1.09683496E-08  0.00000000E+00  0.00000000E+00  0.00000000E+00
  5.74358550E-02  1.01244022E-08  0.00000000E+00  0.00000000E+00  0.00000000E+00
  6.71794405E-02  9.46555697E-09  0.00000000E+00  0.00000000E+00  0.00000000E+00
  7.78973846E-02  8.96052462E-09  0.00000000E+00  0.00000000E+00  0.00000000E+00
  8.96871230E-02  8.59204815E-09  0.00000000E+00  0.00000000E+00  0.00000000E+00
  1.02655835E-01  8.33970674E-09  0.00000000E+00  0.00000000E+00  0.00000000E+00
  1.16921419E-01  8.17666338E-09  0.00000000E+00  0.00000000E+00  0.00000000E+00
  1.32613561E-01  8.09142447E-09  0.00000000E+00  0.00000000E+00  0.00000000E+00
  1.49874917E-01  8.07447030E-09  0.00000000E+00  0.00000000E+00  0.00000000E+00
  1.68862408E-01  8.11851523E-09  0.00000000E+00  0.00000000E+00  0.00000000E+00
  1.89748649E-01  8.21814420E-09  0.00000000E+00  0.00000000E+00  0.00000000E+00
  2.12723514E-01  8.36952130E-09  0.00000000E+00  0.00000000E+00  0.00000000E+00
  2.37995866E-01  8.57015765E-09  0.00000000E+00  0.00000000E+00  0.00000000E+00
  2.65795452E-01  8.81872816E-09  0.00000000E+00  0.00000000E+00  0.00000000E+00
  2.96374997E-01  9.11492856E-09  0.00000000E+00  0.00000000E+00  0.00000000E+00
  3.30012497E-01  9.45936617E-09  0.00000000E+00  0.00000000E+00  0.00000000E+00
  3.67013747E-01  9.85347871E-09  0.00000000E+00  0.00000000E+00  0.00000000E+00
  4.07715122E-01  1.02994769E-08  0.00000000E+00  0.00000000E+00  0.00000000E+00
  4.52486634E-01  1.08003073E-08  0.00000000E+00  0.00000000E+00  0.00000000E+00
  5.01735297E-01  1.13596330E-08  0.00000000E+00  0.00000000E+00  0.00000000E+00
  5.55908827E-01  1.19928464E-08  0.00000000E+00  0.00000000E+00  0.00000000E+00
  6.15499710E-01  1.27078641E-08  0.00000000E+00  0.00000000E+00  0.00000000E+00
  6.81049681E-01  1.34947742E-08  0.00000000E+00  0.00000000E+00  0.00000000E+00
  7.53154649E-01  1.43608110E-08  0.00000000E+00  0.00000000E+00  0.00000000E+00
  8.32470113E-01  1.53139481E-08  0.00000000E+00  0.00000000E+00  0.00000000E+00
  9.19717125E-01  1.63629738E-08  0.00000000E+00  0.00000000E+00  0.00000000E+00
  1.01568884E+00  1.75175749E-08  0.00000000E+00  0.00000000E+00  0.00000000E+00
  1.12125772E+00  1.87884305E-08  0.00000000E+00  0.00000000E+00  0.00000000E+00
  1.23738349E+00  2.01873153E-08  0.00000000E+00  0.00000000E+00  0.00000000E+00
  1.36512184E+00  2.17272143E-08  0.00000000E+00  0.00000000E+00  0.00000000E+00
  1.50563403E+00  2.34234141E-08  0.00000000E+00  0.00000000E+00  0.00000000E+00
  1.66019743E+00  2.52918732E-08  0.00000000E+00  0.00000000E+00  0.00000000E+00
  1.83021717E+00  2.73504150E-08  0.00000000E+00  0.00000000E+00  0.00000000E+00
  2.01723889E+00  2.96180812E-08  0.00000000E+00  0.00000000E+00  0.00000000E+00
  2.22296278E+00  3.21160940E-08  0.00000000E+00  0.00000000E+00  0.00000000E+00
  2.44925906E+00  3.48678924E-08  0.00000000E+00  0.00000000E+00  0.00000000E+00
  2.69818496E+00  3.78993840E-08  0.00000000E+00  0.00000000E+00  0.00000000E+00
  2.97200346E+00  4.12392161E-08  0.00000000E+00  0.00000000E+00  0.00000000E+00
  3.27320380E+00  4.49190802E-08  0.00000000E+00  0.00000000E+00  0.00000000E+00
  3.60452418E+00  4.89740516E-08  0.00000000E+00  0.00000000E+00  0.00000000E+00
  3.96897660E+00  5.34429729E-08  0.00000000E+00  0.00000000E+00  0.00000000E+00
  4.36987426E+00  5.83688853E-08  0.00000000E+00  0.00000000E+00  0.00000000E+00
  4.81086169E+00  6.37995172E-08  0.00000000E+00  0.00000000E+00  0.00000000E+00
  5.29594786E+00  6.97878366E-08  0.00000000E+00  0.00000000E+00  0.00000000E+00
  5.82954264E+00  7.63926806E-08  0.00000000E+00  0.00000000E+00  0.00000000E+00
  6.41649691E+00  8.36794717E-08  0.00000000E+00  0.00000000E+00  0.00000000E+00
  7.06214660E+00  9.17210396E-08  0.00000000E+00  0.00000000E+00  0.00000000E+00
  7.77236126E+00  1.00598563E-07  0.00000000E+00  0.00000000E+00  0.00000000E+00
  8.55359739E+00  1.10402659E-07  0.00000000E+00  0.00000000E+00  0.00000000E+00
  9.41295712E+00  1.21234640E-07  0.00000000E+00  0.00000000E+00  0.00000000E+00
  1.03582528E+01  1.33207981E-07  0.00000000E+00  0.00000000E+00  0.00000000E+00
  1.13980781E+01  1.46450033E-07  0.00000000E+00  0.00000000E+00  0.00000000E+00
  1.25418859E+01  1.61104036E-07  0.00000000E+00  0.00000000E+00  0.00000000E+00
  1.38000745E+01  1.77331498E-07  0.00000000E+00  0.00000000E+00  0.00000000E+00
  1.51840820E+01  1.95315031E-07  0.00000000E+00  0.00000000E+00  0.00000000E+00
  1.67064902E+01  2.15261736E-07  0.00000000E+00  0.00000000E+00  0.00000000E+00
  1.83811392E+01  2.37407306E-07  0.00000000E+00  0.00000000E+00  0.00000000E+00
  2.02232531E+01  2.62021005E-07  0.00000000E+00  0.00000000E+00  0.00000000E+00
  2.22495784E+01  2.89411799E-07  0.00000000E+00  0.00000000E+00  0.00000000E+00
  2.44785363E+01  3.19935964E-07  0.00000000E+00  0.00000000E+00  0.00000000E+00
  2.69303899E+01  3.54006637E-07  0.00000000E+00  0.00000000E+00  0.00000000E+00
  2.96274289E+01  3.92105980E-07  0.00000000E+00  0.00000000E+00  0.00000000E+00
  3.25941718E+01  4.34800851E-07  0.00000000E+00  0.00000000E+00  0.00000000E+00
  3.58575889E+01  4.82763374E-07  0.00000000E+00  0.00000000E+00  0.00000000E+00
  3.94473478E+01  5.36798363E-07  0.00000000E+00  0.00000000E+00  0.00000000E+00
  4.33960826E+01  5.97880703E-07  0.00000000E+00  0.00000000E+00  0.00000000E+00
  4.77396909E+01  6.67207494E-07  0.00000000E+00  0.00000000E+00  0.00000000E+00
  5.25176600E+01  7.46272860E-07  0.00000000E+00  0.00000000E+00  0.00000000E+00
  5.77734260E+01  8.36978941E-07  0.00000000E+00  0.00000000E+00  0.00000000E+00
  6.35547686E+01  9.41807492E-07  0.00000000E+00  0.00000000E+00  0.00000000E+00
  6.99142454E+01  1.06409938E-06  0.00000000E+00  0.00000000E+00  0.00000000E+00
  7.69096700E+01  1.20854238E-06  0.00000000E+00  0.00000000E+00  0.00000000E+00
  8.46046370E+01  1.38210904E-06  0.00000000E+00  0.00000000E+00  0.00000000E+00
  9.30691007E+01  1.59614732E-06  0.00000000E+00  0.00000000E+00  0.00000000E+00
  1.02380011E+02  1.87191211E-06  0.00000000E+00  0.00000000E+00  0.00000000E+00
  1.12380011E+02  2.22215823E-06  0.00000000E+00  0.00000000E+00  0.00000000E+00
  1.22380011E+02  2.54098598E-06  0.00000000E+00  0.00000000E+00  0.00000000E+00
  1.32380011E+02  2.82850615E-06  0.00000000E+00  0.00000000E+00  0.00000000E+00
  1.42380011E+02  3.09226970E-06  0.00000000E+00  0.00000000E+00  0.00000000E+00
  1.52380011E+02  3.33660507E-06  0.00000000E+00  0.00000000E+00  0.00000000E+00
  1.62380011E+02  3.56481619E-06  0.00000000E+00  0.00000000E+00  0.00000000E+00
  1.72380011E+02  3.78018430E-06  0.00000000E+00  0.00000000E+00  0.00000000E+00
  1.82380011E+02  3.98298428E-06  0.00000000E+00  0.00000000E+00  0.00000000E+00
  1.92380011E+02  4.17453898E-06  0.00000000E+00  0.00000000E+00  0.00000000E+00
  2.02380011E+02  4.35596632E-06  0.00000000E+00  0.00000000E+00  0.00000000E+00
  2.12380011E+02  4.52821830E-06  0.00000000E+00  0.00000000E+00  0.00000000E+00
  2.22380011E+02  4.69212343E-06  0.00000000E+00  0.00000000E+00  0.00000000E+00
  2.32380011E+02  4.84841274E-06  0.00000000E+00  0.00000000E+00  0.00000000E+00
  2.42380011E+02  4.99743449E-06  0.00000000E+00  0.00000000E+00  0.00000000E+00
  2.52380011E+02  5.13974916E-06  0.00000000E+00  0.00000000E+00  0.00000000E+00
  2.62380011E+02  5.27583537E-06  0.00000000E+00  0.00000000E+00  0.00000000E+00
  2.72380011E+02  5.40610670E-06  0.00000000E+00  0.00000000E+00  0.00000000E+00
  2.82380011E+02  5.53092419E-06  0.00000000E+00  0.00000000E+00  0.00000000E+00
  2.92380011E+02  5.65060617E-06  0.00000000E+00  0.00000000E+00  0.00000000E+00
  3.02380011E+02  5.76543597E-06  0.00000000E+00  0.00000000E+00  0.00000000E+00
  3.12380011E+02  5.87566798E-06  0.00000000E+00  0.00000000E+00  0.00000000E+00
  3.22380011E+02  5.98153251E-06  0.00000000E+00  0.00000000E+00  0.00000000E+00
  3.32380011E+02  6.08323960E-06  0.00000000E+00  0.00000000E+00  0.00000000E+00
  3.42380011E+02  6.18098220E-06  0.00000000E+00  0.00000000E+00  0.00000000E+00
  3.52380011E+02  6.27493858E-06  0.00000000E+00  0.00000000E+00  0.00000000E+00
  3.62380011E+02  6.36527442E-06  0.00000000E+00  0.00000000E+00  0.00000000E+00
  3.72380011E+02  6.45214445E-06  0.00000000E+00  0.00000000E+00  0.00000000E+00
  3.82380011E+02  6.53569377E-06  0.00000000E+00  0.00000000E+00  0.00000000E+00
  3.92380011E+02  6.61605900E-06  0.00000000E+00  0.00000000E+00  0.00000000E+00
  4.02380011E+02  6.69336916E-06  0.00000000E+00  0.00000000E+00  0.00000000E+00
  4.12380011E+02  6.76774649E-06  0.00000000E+00  0.00000000E+00  0.00000000E+00
  4.22380011E+02  6.83930705E-06  0.00000000E+00  0.00000000E+00  0.00000000E+00
  4.32380011E+02  6.90816127E-06  0.00000000E+00  0.00000000E+00  0.00000000E+00
  4.42380011E+02  6.97441443E-06  0.00000000E+00  0.00000000E+00  0.00000000E+00
  4.52380011E+02  7.03816703E-06  0.00000000E+00  0.00000000E+00  0.00000000E+00
  4.62380011E+02  7.09951514E-06  0.00000000E+00  0.00000000E+00  0.00000000E+00
  4.72380011E+02  7.15855072E-06  0.00000000E+00  0.00000000E+00  0.00000000E+00
  4.82380011E+02  7.21536182E-06  0.00000000E+00  0.00000000E+00  0.00000000E+00
  4.92380011E+02  7.27003289E-06  0.00000000E+00  0.00000000E+00  0.00000000E+00
  5.02380011E+02  7.32264490E-06  0.00000000E+00  0.00000000E+00  0.00000000E+00
  5.12380011E+02  7.37327559E-06  0.00000000E+00  0.00000000E+00  0.00000000E+00
  5.22380011E+02  7.42199960E-06  0.00000000E+00  0.00000000E+00  0.00000000E+00
  5.32380011E+02  7.46888863E-06  0.00000000E+00  0.00000000E+00  0.00000000E+00
  5.42380011E+02  7.51401160E-06  0.00000000E+00  0.00000000E+00  0.00000000E+00
  5.52380011E+02  7.55743473E-06  0.00000000E+00  0.00000000E+00  0.00000000E+00
  5.62380011E+02  7.59922172E-06  0.00000000E+00  0.00000000E+00  0.00000000E+00
  5.72380011E+02  7.63943378E-06  0.00000000E+00  0.00000000E+00  0.00000000E+00
  5.82380011E+02  7.67812984E-06  0.00000000E+00  0.00000000E+00  0.00000000E+00
  5.92380011E+02  7.71536654E-06  0.00000000E+00  0.00000000E+00  0.00000000E+00
  6.02380011E+02  7.75119839E-06  0.00000000E+00  0.00000000E+00  0.00000000E+00
  6.12380011E+02  7.78567785E-06  0.00000000E+00  0.00000000E+00  0.00000000E+00
  6.22380011E+02  7.81885537E-06  0.00000000E+00  0.00000000E+00  0.00000000E+00
  6.32380011E+02  7.85077952E-06  0.00000000E+00  0.00000000E+00  0.00000000E+00
  6.42380011E+02  7.88149703E-06  0.00000000E+00  0.00000000E+00  0.00000000E+00
  6.52380011E+02  7.91105289E-06  0.00000000E+00  0.00000000E+00  0.00000000E+00
  6.62380011E+02  7.93949039E-06  0.00000000E+00  0.00000000E+00  0.00000000E+00
  6.72380011E+02  7.96685119E-06  0.00000000E+00  0.00000000E+00  0.00000000E+00
  6.82380011E+02  7.99317539E-06  0.00000000E+00  0.00000000E+00  0.00000000E+00
  6.92380011E+02  8.01850161E-06  0.00000000E+00  0.00000000E+00  0.00000000E+00
  7.02380011E+02  8.04286699E-06  0.00000000E+00  0.00000000E+00  0.00000000E+00
  7.12380011E+02  8.06630731E-06  0.00000000E+00  0.00000000E+00  0.00000000E+00
  7.22380011E+02  8.08885701E-06  0.00000000E+00  0.00000000E+00  0.00000000E+00
  7.32380011E+02  8.11054921E-06  0.00000000E+00  0.00000000E+00  0.00000000E+00
  7.42380011E+02  8.13141584E-06  0.00000000E+00  0.00000000E+00  0.00000000E+00
  7.52380011E+02  8.15148760E-06  0.00000000E+00  0.00000000E+00  0.00000000E+00
  7.62380011E+02  8.17079406E-06  0.00000000E+00  0.00000000E+00  0.00000000E+00
  7.72380011E+02  8.18936368E-06  0.00000000E+00  0.00000000E+00  0.00000000E+00
  7.82380011E+02  8.20722387E-06  0.00000000E+00  0.00000000E+00  0.00000000E+00
  7.92380011E+02  8.22440100E-06  0.00000000E+00  0.00000000E+00  0.00000000E+00
  8.02380011E+02  8.24092047E-06  0.00000000E+00  0.00000000E+00  0.00000000E+00
  8.12380011E+02  8.25680673E-06  0.00000000E+00  0.00000000E+00  0.00000000E+00
  8.22380011E+02  8.27208330E-06  0.00000000E+00  0.00000000E+00  0.00000000E+00
  8.32380011E+02  8.28677286E-06  0.00000000E+00  0.00000000E+00  0.00000000E+00
  8.42380011E+02  8.30089720E-06  0.00000000E+00  0.00000000E+00  0.00000000E+00
  8.52380011E+02  8.31447732E-06  0.00000000E+00  0.00000000E+00  0.00000000E+00
  8.62380011E+02  8.32753345E-06  0.00000000E+00  0.00000000E+00  0.00000000E+00
  8.72380011E+02  8.34008505E-06  0.00000000E+00  0.00000000E+00  0.00000000E+00
  8.82380011E+02  8.35215086E-06  0.00000000E+00  0.00000000E+00  0.00000000E+00
  8.92380011E+02  8.36374893E-06  0.00000000E+00  0.00000000E+00  0.00000000E+00
  9.02380011E+02  8.37489661E-06  0.00000000E+00  0.00000000E+00  0.00000000E+00
  9.12380011E+02  8.38561064E-06  0.00000000E+00  0.00000000E+00  0.00000000E+00
  9.22380011E+02  8.39590711E-06  0.00000000E+00  0.00000000E+00  0.00000000E+00
  9.32380011E+02  8.40580151E-06  0.00000000E+00  0.00000000E+00  0.00000000E+00
  9.42380011E+02  8.41530878E-06  0.00000000E+00  0.00000000E+00  0.00000000E+00
  9.52380011E+02  8.42444327E-06  0.00000000E+00  0.00000000E+00  0.00000000E+00
  9.62380011E+02  8.43321883E-06  0.00000000E+00  0.00000000E+00  0.00000000E+00
  9.72380011E+02  8.44164875E-06  0.00000000E+00  0.00000000E+00  0.00000000E+00
  9.82380011E+02  8.44974588E-06  0.00000000E+00  0.00000000E+00  0.00000000E+00
  9.92380011E+02  8.45752254E-06  0.00000000E+00  0.00000000E+00  0.00000000E+00
  1.00238001E+03  8.46499062E-06  0.00000000E+00  0.00000000E+00  0.00000000E+00
  1.01238001E+03  8.47216157E-06  0.00000000E+00  0.00000000E+00  0.00000000E+00
  1.02238001E+03  8.47904641E-06  0.00000000E+00  0.00000000E+00  0.00000000E+00
  1.03238001E+03  8.48565573E-06  0.00000000E+00  0.00000000E+00  0.00000000E+00
  1.04238001E+03  8.49199975E-06  0.00000000E+00  0.00000000E+00  0.00000000E+00
  1.05238001E+03  8.49808830E-06  0.00000000E+00  0.00000000E+00  0.00000000E+00
  1.06238001E+03  8.50393085E-06  0.00000000E+00  0.00000000E+00  0.00000000E+00
  1.07238001E+03  8.50953651E-06  0.00000000E+00  0.00000000E+00  0.00000000E+00
  1.08238001E+03  8.51491406E-06  0.00000000E+00  0.00000000E+00  0.00000000E+00
  1.09238001E+03  8.52007195E-06  0.00000000E+00  0.00000000E+00  0.00000000E+00
  1.10238001E+03  8.52501832E-06  0.00000000E+00  0.00000000E+00  0.00000000E+00
  1.11238001E+03  8.52976098E-06  0.00000000E+00  0.00000000E+00  0.00000000E+00
  1.12238001E+03  8.53430750E-06  0.00000000E+00  0.00000000E+00  0.00000000E+00
  1.13238001E+03  8.53866512E-06  0.00000000E+00  0.00000000E+00  0.00000000E+00
  1.14238001E+03  8.54284085E-06  0.00000000E+00  0.00000000E+00  0.00000000E+00
  1.15238001E+03  8.54684141E-06  0.00000000E+00  0.00000000E+00  0.00000000E+00
  1.16238001E+03  8.55067328E-06  0.00000000E+00  0.00000000E+00  0.00000000E+00
  1.17238001E+03  8.55434271E-06  0.00000000E+00  0.00000000E+00  0.00000000E+00
  1.18238001E+03  8.55785570E-06  0.00000000E+00  0.00000000E+00  0.00000000E+00
  1.19238001E+03  8.56121804E-06  0.00000000E+00  0.00000000E+00  0.00000000E+00
  1.20238001E+03  8.56443531E-06  0.00000000E+00  0.00000000E+00  0.00000000E+00
  1.21238001E+03  8.56751286E-06  0.00000000E+00  0.00000000E+00  0.00000000E+00
  1.22238001E+03  8.57045586E-06  0.00000000E+00  0.00000000E+00  0.00000000E+00
  1.23238001E+03  8.57326929E-06  0.00000000E+00  0.00000000E+00  0.00000000E+00
  1.24238001E+03  8.57595794E-06  0.00000000E+00  0.00000000E+00  0.00000000E+00
  1.25238001E+03  8.57852640E-06  0.00000000E+00  0.00000000E+00  0.00000000E+00
  1.26238001E+03  8.58097914E-06  0.00000000E+00  0.00000000E+00  0.00000000E+00
  1.27238001E+03  8.58332041E-06  0.00000000E+00  0.00000000E+00  0.00000000E+00
  1.28238001E+03  8.58555434E-06  0.00000000E+00  0.00000000E+00  0.00000000E+00
  1.29238001E+03  8.58768489E-06  0.00000000E+00  0.00000000E+00  0.00000000E+00
  1.30238001E+03  8.58971589E-06  0.00000000E+00  0.00000000E+00  0.00000000E+00
  1.31238001E+03  8.59165099E-06  0.00000000E+00  0.00000000E+00  0.00000000E+00
  1.32238001E+03  8.59349375E-06  0.00000000E+00  0.00000000E+00  0.00000000E+00
  1.33238001E+03  8.59524757E-06  0.00000000E+00  0.00000000E+00  0.00000000E+00
  1.34238001E+03  8.59691573E-06  0.00000000E+00  0.00000000E+00  0.00000000E+00
  1.35238001E+03  8.59850139E-06  0.00000000E+00  0.00000000E+00  0.00000000E+00
  1.36238001E+03  8.60000760E-06  0.00000000E+00  0.00000000E+00  0.00000000E+00
  1.37238001E+03  8.60143729E-06  0.00000000E+00  0.00000000E+00  0.00000000E+00
  1.38238001E+03  8.60279327E-06  0.00000000E+00  0.00000000E+00  0.00000000E+00
  1.39238001E+03  8.60407827E-06  0.00000000E+00  0.00000000E+00  0.00000000E+00
  1.40238001E+03  8.60529489E-06  0.00000000E+00  0.00000000E+00  0.00000000E+00
  1.41238001E+03  8.60644567E-06  0.00000000E+00  0.00000000E+00  0.00000000E+00
  1.42238001E+03  8.60753302E-06  0.00000000E+00  0.00000000E+00  0.00000000E+00
  1.43238001E+03  8.60855928E-06  0.00000000E+00  0.00000000E+00  0.00000000E+00
  1.44238001E+03  8.60952671E-06  0.00000000E+00  0.00000000E+00  0.00000000E+00
  1.45238001E+03  8.61043746E-06  0.00000000E+00  0.00000000E+00  0.00000000E+00
  1.46238001E+03  8.61129363E-06  0.00000000E+00  0.00000000E+00  0.00000000E+00
  1.47238001E+03  8.61209722E-06  0.00000000E+00  0.00000000E+00  0.00000000E+00
  1.48238001E+03  8.61285017E-06  0.00000000E+00  0.00000000E+00  0.00000000E+00
  1.49238001E+03  8.61355434E-06  0.00000000E+00  0.00000000E+00  0.00000000E+00
  1.50238001E+03  8.61421152E-06  0.00000000E+00  0.00000000E+00  0.00000000E+00
  1.51238001E+03  8.61482345E-06  0.00000000E+00  0.00000000E+00  0.00000000E+00
  1.52238001E+03  8.61539179E-06  0.00000000E+00  0.00000000E+00  0.00000000E+00
  1.53238001E+03  8.61591814E-06  0.00000000E+00  0.00000000E+00  0.00000000E+00
  1.54238001E+03  8.61640404E-06  0.00000000E+00  0.00000000E+00  0.00000000E+00
  1.55238001E+03  8.61685098E-06  0.00000000E+00  0.00000000E+00  0.00000000E+00
  1.56238001E+03  8.61726038E-06  0.00000000E+00  0.00000000E+00  0.00000000E+00
  1.57238001E+03  8.61763364E-06  0.00000000E+00  0.00000000E+00  0.00000000E+00
  1.58238001E+03  8.61797207E-06  0.00000000E+00  0.00000000E+00  0.00000000E+00
  1.59238001E+03  8.61827696E-06  0.00000000E+00  0.00000000E+00  0.00000000E+00
  1.60238001E+03  8.61854953E-06  0.00000000E+00  0.00000000E+00  0.00000000E+00
  1.61238001E+03  8.61879098E-06  0.00000000E+00  0.00000000E+00  0.00000000E+00
  1.62238001E+03  8.61900243E-06  0.00000000E+00  0.00000000E+00  0.00000000E+00
  1.63238001E+03  8.61918500E-06  0.00000000E+00  0.00000000E+00  0.00000000E+00
  1.64238001E+03  8.61933974E-06  0.00000000E+00  0.00000000E+00  0.00000000E+00
  1.65238001E+03  8.61946767E-06  0.00000000E+00  0.00000000E+00  0.00000000E+00
  1.66238001E+03  8.61956978E-06  0.00000000E+00  0.00000000E+00  0.00000000E+00
  1.67238001E+03  8.61964701E-06  0.00000000E+00  0.00000000E+00  0.00000000E+00
  1.68238001E+03  8.61970026E-06  0.00000000E+00  0.00000000E+00  0.00000000E+00
  1.69238001E+03  8.61973043E-06  0.00000000E+00  0.00000000E+00  0.00000000E+00
  1.70238001E+03  8.61973835E-06  0.00000000E+00  0.00000000E+00  0.00000000E+00
  1.71238001E+03  8.61972484E-06  0.00000000E+00  0.00000000E+00  0.00000000E+00
  1.72238001E+03  8.61969067E-06  0.00000000E+00  0.00000000E+00  0.00000000E+00
  1.73238001E+03  8.61963662E-06  0.00000000E+00  0.00000000E+00  0.00000000E+00
  1.74238001E+03  8.61956340E-06  0.00000000E+00  0.00000000E+00  0.00000000E+00
  1.75238001E+03  8.61947172E-06  0.00000000E+00  0.00000000E+00  0.00000000E+00
  1.76238001E+03  8.61936225E-06  0.00000000E+00  0.00000000E+00  0.00000000E+00
  1.77238001E+03  8.61923563E-06  0.00000000E+00  0.00000000E+00  0.00000000E+00
  1.78238001E+03  8.61909251E-06  0.00000000E+00  0.00000000E+00  0.00000000E+00
  1.79238001E+03  8.61893347E-06  0.00000000E+00  0.00000000E+00  0.00000000E+00
  1.80238001E+03  8.61875910E-06  0.00000000E+00  0.00000000E+00  0.00000000E+00
  1.81238001E+03  8.61856996E-06  0.00000000E+00  0.00000000E+00  0.00000000E+00
  1.82238001E+03  8.61836659E-06  0.00000000E+00  0.00000000E+00  0.00000000E+00
  1.83238001E+03  8.61814950E-06  0.00000000E+00  0.00000000E+00  0.00000000E+00
  1.84238001E+03  8.61791920E-06  0.00000000E+00  0.00000000E+00  0.00000000E+00
  1.85238001E+03  8.61767617E-06  0.00000000E+00  0.00000000E+00  0.00000000E+00
  1.86238001E+03  8.61742087E-06  0.00000000E+00  0.00000000E+00  0.00000000E+00
  1.87238001E+03  8.61715375E-06  0.00000000E+00  0.00000000E+00  0.00000000E+00
  1.88238001E+03  8.61687523E-06  0.00000000E+00  0.00000000E+00  0.00000000E+00
  1.89238001E+03  8.61658575E-06  0.00000000E+00  0.00000000E+00  0.00000000E+00
  1.90238001E+03  8.61628568E-06  0.00000000E+00  0.00000000E+00  0.00000000E+00
  1.91238001E+03  8.61597542E-06  0.00000000E+00  0.00000000E+00  0.00000000E+00
  1.92238001E+03  8.61565534E-06  0.00000000E+00  0.00000000E+00  0.00000000E+00
  1.93238001E+03  8.61532579E-06  0.00000000E+00  0.00000000E+00  0.00000000E+00
  1.94238001E+03  8.61498713E-06  0.00000000E+00  0.00000000E+00  0.00000000E+00
  1.95238001E+03  8.61463967E-06  0.00000000E+00  0.00000000E+00  0.00000000E+00
  1.96238001E+03  8.61428374E-06  0.00000000E+00  0.00000000E+00  0.00000000E+00
  1.97238001E+03  8.61391965E-06  0.00000000E+00  0.00000000E+00  0.00000000E+00
  1.98238001E+03  8.61354769E-06  0.00000000E+00  0.00000000E+00  0.00000000E+00
  1.99238001E+03  8.61316815E-06  0.00000000E+00  0.00000000E+00  0.00000000E+00
  2.00238001E+03  8.61278130E-06  0.00000000E+00  0.00000000E+00  0.00000000E+00
  2.01238001E+03  8.61238741E-06  0.00000000E+00  0.00000000E+00  0.00000000E+00
  2.02238001E+03  8.61198672E-06  0.00000000E+00  0.00000000E+00  0.00000000E+00
  2.03238001E+03  8.61157950E-06  0.00000000E+00  0.00000000E+00  0.00000000E+00
  2.04238001E+03  8.61116597E-06  0.00000000E+00  0.00000000E+00  0.00000000E+00
  2.05238001E+03  8.61074637E-06  0.00000000E+00  0.00000000E+00  0.00000000E+00
  2.06238001E+03  8.61032091E-06  0.00000000E+00  0.00000000E+00  0.00000000E+00
  2.07238001E+03  8.60988981E-06  0.00000000E+00  0.00000000E+00  0.00000000E+00
  2.08238001E+03  8.60945327E-06  0.00000000E+00  0.00000000E+00  0.00000000E+00
  2.09238001E+03  8.60901148E-06  0.00000000E+00  0.00000000E+00  0.00000000E+00
  2.10238001E+03  8.60856464E-06  0.00000000E+00  0.00000000E+00  0.00000000E+00
  2.11238001E+03  8.60811293E-06  0.00000000E+00  0.00000000E+00  0.00000000E+00
  2.12238001E+03  8.60765653E-06  0.00000000E+00  0.00000000E+00  0.00000000E+00
  2.13238001E+03  8.60719560E-06  0.00000000E+00  0.00000000E+00  0.00000000E+00
  2.14238001E+03  8.60673030E-06  0.00000000E+00  0.00000000E+00  0.00000000E+00
  2.15238001E+03  8.60626080E-06  0.00000000E+00  0.00000000E+00  0.00000000E+00
  2.16238001E+03  8.60578725E-06  0.00000000E+00  0.00000000E+00  0.00000000E+00
  2.17238001E+03  8.60530979E-06  0.00000000E+00  0.00000000E+00  0.00000000E+00
  2.18238001E+03  8.60482856E-06  0.00000000E+00  0.00000000E+00  0.00000000E+00
  2.19238001E+03  8.60434370E-06  0.00000000E+00  0.00000000E+00  0.00000000E+00
  2.20238001E+03  8.60385534E-06  0.00000000E+00  0.00000000E+00  0.00000000E+00
  2.21238001E+03  8.60336361E-06  0.00000000E+00  0.00000000E+00  0.00000000E+00
  2.22238001E+03  8.60286862E-06  0.00000000E+00  0.00000000E+00  0.00000000E+00
  2.23238001E+03  8.60237050E-06  0.00000000E+00  0.00000000E+00  0.00000000E+00
  2.24238001E+03  8.60186935E-06  0.00000000E+00  0.00000000E+00  0.00000000E+00
  2.25238001E+03  8.60136529E-06  0.00000000E+00  0.00000000E+00  0.00000000E+00
  2.26238001E+03  8.60085842E-06  0.00000000E+00  0.00000000E+00  0.00000000E+00
  2.27238001E+03  8.60034884E-06  0.00000000E+00  0.00000000E+00  0.00000000E+00
  2.28238001E+03  8.59983664E-06  0.00000000E+00  0.00000000E+00  0.00000000E+00
  2.29238001E+03  8.59932193E-06  0.00000000E+00  0.00000000E+00  0.00000000E+00
  2.30238001E+03  8.59880479E-06  0.00000000E+00  0.00000000E+00  0.00000000E+00
  2.31238001E+03  8.59828531E-06  0.00000000E+00  0.00000000E+00  0.00000000E+00
  2.32238001E+03  8.59776357E-06  0.00000000E+00  0.00000000E+00  0.00000000E+00
  2.33238001E+03  8.59723966E-06  0.00000000E+00  0.00000000E+00  0.00000000E+00
  2.34238001E+03  8.59671365E-06  0.00000000E+00  0.00000000E+00  0.00000000E+00
  2.35238001E+03  8.59618561E-06  0.00000000E+00  0.00000000E+00  0.00000000E+00
  2.36238001E+03  8.59565563E-06  0.00000000E+00  0.00000000E+00  0.00000000E+00
  2.37238001E+03  8.59512376E-06  0.00000000E+00  0.00000000E+00  0.00000000E+00
  2.38238001E+03  8.59459009E-06  0.00000000E+00  0.00000000E+00  0.00000000E+00
  2.39238001E+03  8.59405466E-06  0.00000000E+00  0.00000000E+00  0.00000000E+00
  2.40238001E+03  8.59351755E-06  0.00000000E+00  0.00000000E+00  0.00000000E+00
  2.41238001E+03  8.59297881E-06  0.00000000E+00  0.00000000E+00  0.00000000E+00
  2.42238001E+03  8.59243850E-06  0.00000000E+00  0.00000000E+00  0.00000000E+00
  2.43238001E+03  8.59189669E-06  0.00000000E+00  0.00000000E+00  0.00000000E+00
  2.44238001E+03  8.59135341E-06  0.00000000E+00  0.00000000E+00  0.00000000E+00
  2.45238001E+03  8.59080874E-06  0.00000000E+00  0.00000000E+00  0.00000000E+00
  2.46238001E+03  8.59026270E-06  0.00000000E+00  0.00000000E+00  0.00000000E+00
  2.47238001E+03  8.58971536E-06  0.00000000E+00  0.00000000E+00  0.00000000E+00
  2.48238001E+03  8.58916676E-06  0.00000000E+00  0.00000000E+00  0.00000000E+00
  2.49238001E+03  8.58861695E-06  0.00000000E+00  0.00000000E+00  0.00000000E+00
  2.50238001E+03  8.58806597E-06  0.00000000E+00  0.00000000E+00  0.00000000E+00
  2.51238001E+03  8.58751385E-06  0.00000000E+00  0.00000000E+00  0.00000000E+00
  2.52238001E+03  8.58696065E-06  0.00000000E+00  0.00000000E+00  0.00000000E+00
  2.53238001E+03  8.58640640E-06  0.00000000E+00  0.00000000E+00  0.00000000E+00
  2.54238001E+03  8.58585113E-06  0.00000000E+00  0.00000000E+00  0.00000000E+00
  2.55238001E+03  8.58529489E-06  0.00000000E+00  0.00000000E+00  0.00000000E+00
  2.56238001E+03  8.58473771E-06  0.00000000E+00  0.00000000E+00  0.00000000E+00
  2.57238001E+03  8.58417962E-06  0.00000000E+00  0.00000000E+00  0.00000000E+00
  2.58238001E+03  8.58362066E-06  0.00000000E+00  0.00000000E+00  0.00000000E+00
  2.59238001E+03  8.58306085E-06  0.00000000E+00  0.00000000E+00  0.00000000E+00
  2.60238001E+03  8.58250023E-06  0.00000000E+00  0.00000000E+00  0.00000000E+00
  2.61238001E+03  8.58193882E-06  0.00000000E+00  0.00000000E+00  0.00000000E+00
  2.62238001E+03  8.58137666E-06  0.00000000E+00  0.00000000E+00  0.00000000E+00
  2.63238001E+03  8.58081377E-06  0.00000000E+00  0.00000000E+00  0.00000000E+00
  2.64238001E+03  8.58025018E-06  0.00000000E+00  0.00000000E+00  0.00000000E+00
  2.65238001E+03  8.57968591E-06  0.00000000E+00  0.00000000E+00  0.00000000E+00
  2.66238001E+03  8.57912099E-06  0.00000000E+00  0.00000000E+00  0.00000000E+00
  2.67238001E+03  8.57855544E-06  0.00000000E+00  0.00000000E+00  0.00000000E+00
  2.68238001E+03  8.57798928E-06  0.00000000E+00  0.00000000E+00  0.00000000E+00
  2.69238001E+03  8.57742253E-06  0.00000000E+00  0.00000000E+00  0.00000000E+00
  2.70238001E+03  8.57685522E-06  0.00000000E+00  0.00000000E+00  0.00000000E+00
  2.71238001E+03  8.57628737E-06  0.00000000E+00  0.00000000E+00  0.00000000E+00
  2.72238001E+03  8.57571900E-06  0.00000000E+00  0.00000000E+00  0.00000000E+00
  2.73238001E+03  8.57515012E-06  0.00000000E+00  0.00000000E+00  0.00000000E+00
  2.74238001E+03  8.57458076E-06  0.00000000E+00  0.00000000E+00  0.00000000E+00
  2.75238001E+03  8.57401092E-06  0.00000000E+00  0.00000000E+00  0.00000000E+00
  2.76238001E+03  8.57344064E-06  0.00000000E+00  0.00000000E+00  0.00000000E+00
  2.77238001E+03  8.57286992E-06  0.00000000E+00  0.00000000E+00  0.00000000E+00
  2.78238001E+03  8.57229878E-06  0.00000000E+00  0.00000000E+00  0.00000000E+00
  2.79238001E+03  8.57172723E-06  0.00000000E+00  0.00000000E+00  0.00000000E+00
  2.80238001E+03  8.57115530E-06  0.00000000E+00  0.00000000E+00  0.00000000E+00
  2.81238001E+03  8.57058299E-06  0.00000000E+00  0.00000000E+00  0.00000000E+00
  2.82238001E+03  8.57001032E-06  0.00000000E+00  0.00000000E+00  0.00000000E+00
  2.83238001E+03  8.56943731E-06  0.00000000E+00  0.00000000E+00  0.00000000E+00
  2.84238001E+03  8.56886396E-06  0.00000000E+00  0.00000000E+00  0.00000000E+00
  2.85238001E+03  8.56829029E-06  0.00000000E+00  0.00000000E+00  0.00000000E+00
  2.86238001E+03  8.56771631E-06  0.00000000E+00  0.00000000E+00  0.00000000E+00
  2.87238001E+03  8.56714203E-06  0.00000000E+00  0.00000000E+00  0.00000000E+00
  2.88238001E+03  8.56656746E-06  0.00000000E+00  0.00000000E+00  0.00000000E+00
  2.89238001E+03  8.56599261E-06  0.00000000E+00  0.00000000E+00  0.00000000E+00
  2.90238001E+03  8.56541750E-06  0.00000000E+00  0.00000000E+00  0.00000000E+00
  2.91238001E+03  8.56484211E-06  0.00000000E+00  0.00000000E+00  0.00000000E+00
  2.92238001E+03  8.56426647E-06  0.00000000E+00  0.00000000E+00  0.00000000E+00
  2.93238001E+03  8.56369058E-06  0.00000000E+00  0.00000000E+00  0.00000000E+00
  2.94238001E+03  8.56311447E-06  0.00000000E+00  0.00000000E+00  0.00000000E+00
  2.95238001E+03  8.56253814E-06  0.00000000E+00  0.00000000E+00  0.00000000E+00
  2.96238001E+03  8.56196161E-06  0.00000000E+00  0.00000000E+00  0.00000000E+00
  2.97238001E+03  8.56138487E-06  0.00000000E+00  0.00000000E+00  0.00000000E+00
  2.98238001E+03  8.56080795E-06  0.00000000E+00  0.00000000E+00  0.00000000E+00
  2.99238001E+03  8.56023084E-06  0.00000000E+00  0.00000000E+00  0.00000000E+00
  3.00238001E+03  8.55965356E-06  0.00000000E+00  0.00000000E+00  0.00000000E+00
  3.01238001E+03  8.55907612E-06  0.00000000E+00  0.00000000E+00  0.00000000E+00
  3.02238001E+03  8.55849851E-06  0.00000000E+00  0.00000000E+00  0.00000000E+00
  3.03238001E+03  8.55792075E-06  0.00000000E+00  0.00000000E+00  0.00000000E+00
  3.04238001E+03  8.55734284E-06  0.00000000E+00  0.00000000E+00  0.00000000E+00
  3.05238001E+03  8.55676479E-06  0.00000000E+00  0.00000000E+00  0.00000000E+00
  3.06238001E+03  8.55618661E-06  0.00000000E+00  0.00000000E+00  0.00000000E+00
  3.07238001E+03  8.55560830E-06  0.00000000E+00  0.00000000E+00  0.00000000E+00
  3.08238001E+03  8.55502987E-06  0.00000000E+00  0.00000000E+00  0.00000000E+00
  3.09238001E+03  8.55445132E-06  0.00000000E+00  0.00000000E+00  0.00000000E+00
  3.10238001E+03  8.55387265E-06  0.00000000E+00  0.00000000E+00  0.00000000E+00
  3.11238001E+03  8.55329388E-06  0.00000000E+00  0.00000000E+00  0.00000000E+00
  3.12238001E+03  8.55271501E-06  0.00000000E+00  0.00000000E+00  0.00000000E+00
  3.13238001E+03  8.55213604E-06  0.00000000E+00  0.00000000E+00  0.00000000E+00
  3.14238001E+03  8.55155698E-06  0.00000000E+00  0.00000000E+00  0.00000000E+00
  3.15238001E+03  8.55097783E-06  0.00000000E+00  0.00000000E+00  0.00000000E+00
  3.16238001E+03  8.55039860E-06  0.00000000E+00  0.00000000E+00  0.00000000E+00
  3.17238001E+03  8.54981928E-06  0.00000000E+00  0.00000000E+00  0.00000000E+00
  3.18238001E+03  8.54923990E-06  0.00000000E+00  0.00000000E+00  0.00000000E+00
  3.19238001E+03  8.54866044E-06  0.00000000E+00  0.00000000E+00  0.00000000E+00
  3.20238001E+03  8.54808091E-06  0.00000000E+00  0.00000000E+00  0.00000000E+00
  3.21238001E+03  8.54750132E-06  0.00000000E+00  0.00000000E+00  0.00000000E+00
  3.22238001E+03  8.54692166E-06  0.00000000E+00  0.00000000E+00  0.00000000E+00
  3.23238001E+03  8.54634196E-06  0.00000000E+00  0.00000000E+00  0.00000000E+00
  3.24238001E+03  8.54576219E-06  0.00000000E+00  0.00000000E+00  0.00000000E+00
  3.25238001E+03  8.54518238E-06  0.00000000E+00  0.00000000E+00  0.00000000E+00
  3.26238001E+03  8.54460252E-06  0.00000000E+00  0.00000000E+00  0.00000000E+00
  3.27238001E+03  8.54402261E-06  0.00000000E+00  0.00000000E+00  0.00000000E+00
  3.28238001E+03  8.54344267E-06  0.00000000E+00  0.00000000E+00  0.00000000E+00
  3.29238001E+03  8.54286268E-06  0.00000000E+00  0.00000000E+00  0.00000000E+00
  3.30238001E+03  8.54228266E-06  0.00000000E+00  0.00000000E+00  0.00000000E+00
  3.31238001E+03  8.54170260E-06  0.00000000E+00  0.00000000E+00  0.00000000E+00
  3.32238001E+03  8.54112252E-06  0.00000000E+00  0.00000000E+00  0.00000000E+00
  3.33238001E+03  8.54054240E-06  0.00000000E+00  0.00000000E+00  0.00000000E+00
  3.34238001E+03  8.53996227E-06  0.00000000E+00  0.00000000E+00  0.00000000E+00
  3.35238001E+03  8.53938211E-06  0.00000000E+00  0.00000000E+00  0.00000000E+00
  3.36238001E+03  8.53880193E-06  0.00000000E+00  0.00000000E+00  0.00000000E+00
  3.37238001E+03  8.53822173E-06  0.00000000E+00  0.00000000E+00  0.00000000E+00
  3.38238001E+03  8.53764151E-06  0.00000000E+00  0.00000000E+00  0.00000000E+00
  3.39238001E+03  8.53706129E-06  0.00000000E+00  0.00000000E+00  0.00000000E+00
  3.40238001E+03  8.53648105E-06  0.00000000E+00  0.00000000E+00  0.00000000E+00
  3.41238001E+03  8.53590080E-06  0.00000000E+00  0.00000000E+00  0.00000000E+00
  3.42238001E+03  8.53532054E-06  0.00000000E+00  0.00000000E+00  0.00000000E+00
  3.43238001E+03  8.53474028E-06  0.00000000E+00  0.00000000E+00  0.00000000E+00
  3.44238001E+03  8.53416002E-06  0.00000000E+00  0.00000000E+00  0.00000000E+00
  3.45238001E+03  8.53357975E-06  0.00000000E+00  0.00000000E+00  0.00000000E+00
  3.46238001E+03  8.53299948E-06  0.00000000E+00  0.00000000E+00  0.00000000E+00
  3.47238001E+03  8.53241921E-06  0.00000000E+00  0.00000000E+00  0.00000000E+00
  3.48238001E+03  8.53183894E-06  0.00000000E+00  0.00000000E+00  0.00000000E+00
  3.49238001E+03  8.53125868E-06  0.00000000E+00  0.00000000E+00  0.00000000E+00
  3.50238001E+03  8.53067843E-06  0.00000000E+00  0.00000000E+00  0.00000000E+00
  3.51238001E+03  8.53009818E-06  0.00000000E+00  0.00000000E+00  0.00000000E+00
  3.52238001E+03  8.52951794E-06  0.00000000E+00  0.00000000E+00  0.00000000E+00
  3.53238001E+03  8.52893771E-06  0.00000000E+00  0.00000000E+00  0.00000000E+00
  3.54238001E+03  8.52835749E-06  0.00000000E+00  0.00000000E+00  0.00000000E+00
  3.55238001E+03  8.52777729E-06  0.00000000E+00  0.00000000E+00  0.00000000E+00
  3.56238001E+03  8.52719710E-06  0.00000000E+00  0.00000000E+00  0.00000000E+00
  3.57238001E+03  8.52661692E-06  0.00000000E+00  0.00000000E+00  0.00000000E+00
  3.58238001E+03  8.52603676E-06  0.00000000E+00  0.00000000E+00  0.00000000E+00
  3.59238001E+03  8.52545662E-06  0.00000000E+00  0.00000000E+00  0.00000000E+00
  3.60238001E+03  8.52487649E-06  0.00000000E+00  0.00000000E+00  0.00000000E+00
  3.61238001E+03  8.52429639E-06  0.00000000E+00  0.00000000E+00  0.00000000E+00
  3.62238001E+03  8.52371631E-06  0.00000000E+00  0.00000000E+00  0.00000000E+00
  3.63238001E+03  8.52313625E-06  0.00000000E+00  0.00000000E+00  0.00000000E+00
  3.64238001E+03  8.52255621E-06  0.00000000E+00  0.00000000E+00  0.00000000E+00
  3.65238001E+03  8.52197619E-06  0.00000000E+00  0.00000000E+00  0.00000000E+00
  3.66238001E+03  8.52139620E-06  0.00000000E+00  0.00000000E+00  0.00000000E+00
  3.67238001E+03  8.52081624E-06  0.00000000E+00  0.00000000E+00  0.00000000E+00
  3.68238001E+03  8.52023630E-06  0.00000000E+00  0.00000000E+00  0.00000000E+00
  3.69238001E+03  8.51965639E-06  0.00000000E+00  0.00000000E+00  0.00000000E+00
  3.70238001E+03  8.51907651E-06  0.00000000E+00  0.00000000E+00  0.00000000E+00
  3.71238001E+03  8.51849666E-06  0.00000000E+00  0.00000000E+00  0.00000000E+00
  3.72238001E+03  8.51791683E-06  0.00000000E+00  0.00000000E+00  0.00000000E+00
  3.73238001E+03  8.51733704E-06  0.00000000E+00  0.00000000E+00  0.00000000E+00
  3.74238001E+03  8.51675728E-06  0.00000000E+00  0.00000000E+00  0.00000000E+00
  3.75238001E+03  8.51617755E-06  0.00000000E+00  0.00000000E+00  0.00000000E+00
  3.76238001E+03  8.51559786E-06  0.00000000E+00  0.00000000E+00  0.00000000E+00
  3.77238001E+03  8.51501820E-06  0.00000000E+00  0.00000000E+00  0.00000000E+00
  3.78238001E+03  8.51443857E-06  0.00000000E+00  0.00000000E+00  0.00000000E+00
  3.79238001E+03  8.51385898E-06  0.00000000E+00  0.00000000E+00  0.00000000E+00
  3.80238001E+03  8.51327942E-06  0.00000000E+00  0.00000000E+00  0.00000000E+00
  3.81238001E+03  8.51269991E-06  0.00000000E+00  0.00000000E+00  0.00000000E+00
  3.82238001E+03  8.51212042E-06  0.00000000E+00  0.00000000E+00  0.00000000E+00
  3.83238001E+03  8.51154098E-06  0.00000000E+00  0.00000000E+00  0.00000000E+00
  3.84238001E+03  8.51096157E-06  0.00000000E+00  0.00000000E+00  0.00000000E+00
  3.85238001E+03  8.51038221E-06  0.00000000E+00  0.00000000E+00  0.00000000E+00
  3.86238001E+03  8.50980288E-06  0.00000000E+00  0.00000000E+00  0.00000000E+00
  3.87238001E+03  8.50922359E-06  0.00000000E+00  0.00000000E+00  0.00000000E+00
  3.88238001E+03  8.50864435E-06  0.00000000E+00  0.00000000E+00  0.00000000E+00
  3.89238001E+03  8.50806514E-06  0.00000000E+00  0.00000000E+00  0.00000000E+00
  3.90238001E+03  8.50748598E-06  0.00000000E+00  0.00000000E+00  0.00000000E+00
  3.91238001E+03  8.50690685E-06  0.00000000E+00  0.00000000E+00  0.00000000E+00
  3.92238001E+03  8.50632778E-06  0.00000000E+00  0.00000000E+00  0.00000000E+00
  3.93238001E+03  8.50574874E-06  0.00000000E+00  0.00000000E+00  0.00000000E+00
  3.94238001E+03  8.50516975E-06  0.00000000E+00  0.00000000E+00  0.00000000E+00
  3.95238001E+03  8.50459080E-06  0.00000000E+00  0.00000000E+00  0.00000000E+00
  3.96238001E+03  8.50401190E-06  0.00000000E+00  0.00000000E+00  0.00000000E+00
  3.97238001E+03  8.50343304E-06  0.00000000E+00  0.00000000E+00  0.00000000E+00
  3.98238001E+03  8.50285422E-06  0.00000000E+00  0.00000000E+00  0.00000000E+00
  3.99238001E+03  8.50227546E-06  0.00000000E+00  0.00000000E+00  0.00000000E+00
  4.00238001E+03  8.50169673E-06  0.00000000E+00  0.00000000E+00  0.00000000E+00
  4.01238001E+03  8.50111806E-06  0.00000000E+00  0.00000000E+00  0.00000000E+00
  4.02238001E+03  8.50053943E-06  0.00000000E+00  0.00000000E+00  0.00000000E+00
  4.03238001E+03  8.49996085E-06  0.00000000E+00  0.00000000E+00  0.00000000E+00
  4.04238001E+03  8.49938232E-06  0.00000000E+00  0.00000000E+00  0.00000000E+00
  4.05238001E+03  8.49880383E-06  0.00000000E+00  0.00000000E+00  0.00000000E+00
  4.06238001E+03  8.49822540E-06  0.00000000E+00  0.00000000E+00  0.00000000E+00
  4.07238001E+03  8.49764701E-06  0.00000000E+00  0.00000000E+00  0.00000000E+00
  4.08238001E+03  8.49706867E-06  0.00000000E+00  0.00000000E+00  0.00000000E+00
  4.09238001E+03  8.49649039E-06  0.00000000E+00  0.00000000E+00  0.00000000E+00
  4.10238001E+03  8.49591215E-06  0.00000000E+00  0.00000000E+00  0.00000000E+00
  4.11238001E+03  8.49533396E-06  0.00000000E+00  0.00000000E+00  0.00000000E+00
  4.12238001E+03  8.49475582E-06  0.00000000E+00  0.00000000E+00  0.00000000E+00
  4.13238001E+03  8.49417773E-06  0.00000000E+00  0.00000000E+00  0.00000000E+00
  4.14238001E+03  8.49359970E-06  0.00000000E+00  0.00000000E+00  0.00000000E+00
  4.15238001E+03  8.49302172E-06  0.00000000E+00  0.00000000E+00  0.00000000E+00
  4.16238001E+03  8.49244378E-06  0.00000000E+00  0.00000000E+00  0.00000000E+00
  4.17238001E+03  8.49186590E-06  0.00000000E+00  0.00000000E+00  0.00000000E+00
  4.18238001E+03  8.49128807E-06  0.00000000E+00  0.00000000E+00  0.00000000E+00
  4.19238001E+03  8.49071030E-06  0.00000000E+00  0.00000000E+00  0.00000000E+00
  4.20238001E+03  8.49013258E-06  0.00000000E+00  0.00000000E+00  0.00000000E+00
  4.21238001E+03  8.48955491E-06  0.00000000E+00  0.00000000E+00  0.00000000E+00
  4.22238001E+03  8.48897729E-06  0.00000000E+00  0.00000000E+00  0.00000000E+00
  4.23238001E+03  8.48839973E-06  0.00000000E+00  0.00000000E+00  0.00000000E+00
  4.24238001E+03  8.48782222E-06  0.00000000E+00  0.00000000E+00  0.00000000E+00
  4.25238001E+03  8.48724477E-06  0.00000000E+00  0.00000000E+00  0.00000000E+00
  4.26238001E+03  8.48666737E-06  0.00000000E+00  0.00000000E+00  0.00000000E+00
  4.27238001E+03  8.48609002E-06  0.00000000E+00  0.00000000E+00  0.00000000E+00
  4.28238001E+03  8.48551273E-06  0.00000000E+00  0.00000000E+00  0.00000000E+00
  4.29238001E+03  8.48493550E-06  0.00000000E+00  0.00000000E+00  0.00000000E+00
  4.30238001E+03  8.48435832E-06  0.00000000E+00  0.00000000E+00  0.00000000E+00
  4.31238001E+03  8.48378119E-06  0.00000000E+00  0.00000000E+00  0.00000000E+00
  4.32238001E+03  8.48320412E-06  0.00000000E+00  0.00000000E+00  0.00000000E+00
  4.33238001E+03  8.48262711E-06  0.00000000E+00  0.00000000E+00  0.00000000E+00
  4.34238001E+03  8.48205015E-06  0.00000000E+00  0.00000000E+00  0.00000000E+00
  4.35238001E+03  8.48147325E-06  0.00000000E+00  0.00000000E+00  0.00000000E+00
  4.36238001E+03  8.48089641E-06  0.00000000E+00  0.00000000E+00  0.00000000E+00
  4.37238001E+03  8.48031962E-06  0.00000000E+00  0.00000000E+00  0.00000000E+00
  4.38238001E+03  8.47974752E-06  0.00000000E+00  0.00000000E+00  0.00000000E+00
  4.39238001E+03  8.47918758E-06  0.00000000E+00  0.00000000E+00  0.00000000E+00
  4.40238001E+03  8.47862794E-06  0.00000000E+00  0.00000000E+00  0.00000000E+00
  4.41238001E+03  8.47806872E-06  0.00000000E+00  0.00000000E+00  0.00000000E+00
  4.42238001E+03  8.47750998E-06  0.00000000E+00  0.00000000E+00  0.00000000E+00
  4.43238001E+03  8.47695175E-06  0.00000000E+00  0.00000000E+00  0.00000000E+00
  4.44238001E+03  8.47639404E-06  0.00000000E+00  0.00000000E+00  0.00000000E+00
  4.45238001E+03  8.47583683E-06  0.00000000E+00  0.00000000E+00  0.00000000E+00
  4.46238001E+03  8.47528009E-06  0.00000000E+00  0.00000000E+00  0.00000000E+00
  4.47238001E+03  8.47472382E-06  0.00000000E+00  0.00000000E+00  0.00000000E+00
  4.48238001E+03  8.47416797E-06  0.00000000E+00  0.00000000E+00  0.00000000E+00
  4.49238001E+03  8.47361251E-06  0.00000000E+00  0.00000000E+00  0.00000000E+00
  4.50238001E+03  8.47305743E-06  0.00000000E+00  0.00000000E+00  0.00000000E+00
  4.51238001E+03  8.47250269E-06  0.00000000E+00  0.00000000E+00  0.00000000E+00
  4.52238001E+03  8.47195556E-06  0.00000000E+00  0.00000000E+00  0.00000000E+00
  4.53238001E+03  8.47141628E-06  0.00000000E+00  0.00000000E+00  0.00000000E+00
  4.54238001E+03  8.47087726E-06  0.00000000E+00  0.00000000E+00  0.00000000E+00
  4.55238001E+03  8.47033856E-06  0.00000000E+00  0.00000000E+00  0.00000000E+00
  4.56238001E+03  8.46980018E-06  0.00000000E+00  0.00000000E+00  0.00000000E+00
  4.57238001E+03  8.46926210E-06  0.00000000E+00  0.00000000E+00  0.00000000E+00
  4.58238001E+03  8.46872430E-06  0.00000000E+00  0.00000000E+00  0.00000000E+00
  4.59238001E+03  8.46818673E-06  0.00000000E+00  0.00000000E+00  0.00000000E+00
  4.60238001E+03  8.46764934E-06  0.00000000E+00  0.00000000E+00  0.00000000E+00
  4.61238001E+03  8.46711210E-06  0.00000000E+00  0.00000000E+00  0.00000000E+00
  4.62238001E+03  8.46657496E-06  0.00000000E+00  0.00000000E+00  0.00000000E+00
  4.63238001E+03  8.46603788E-06  0.00000000E+00  0.00000000E+00  0.00000000E+00
  4.64238001E+03  8.46550082E-06  0.00000000E+00  0.00000000E+00  0.00000000E+00
  4.65238001E+03  8.46496375E-06  0.00000000E+00  0.00000000E+00  0.00000000E+00
  4.66238001E+03  8.46442664E-06  0.00000000E+00  0.00000000E+00  0.00000000E+00
  4.67238001E+03  8.46388946E-06  0.00000000E+00  0.00000000E+00  0.00000000E+00
  4.68238001E+03  8.46335218E-06  0.00000000E+00  0.00000000E+00  0.00000000E+00
  4.69238001E+03  8.46281479E-06  0.00000000E+00  0.00000000E+00  0.00000000E+00
  4.70238001E+03  8.46227726E-06  0.00000000E+00  0.00000000E+00  0.00000000E+00
  4.71238001E+03  8.46173957E-06  0.00000000E+00  0.00000000E+00  0.00000000E+00
  4.72238001E+03  8.46120171E-06  0.00000000E+00  0.00000000E+00  0.00000000E+00
  4.73238001E+03  8.46066367E-06  0.00000000E+00  0.00000000E+00  0.00000000E+00
  4.74238001E+03  8.46012543E-06  0.00000000E+00  0.00000000E+00  0.00000000E+00
  4.75238001E+03  8.45958699E-06  0.00000000E+00  0.00000000E+00  0.00000000E+00
  4.76238001E+03  8.45904833E-06  0.00000000E+00  0.00000000E+00  0.00000000E+00
  4.77238001E+03  8.45850946E-06  0.00000000E+00  0.00000000E+00  0.00000000E+00
  4.78238001E+03  8.45797035E-06  0.00000000E+00  0.00000000E+00  0.00000000E+00
  4.79238001E+03  8.45743102E-06  0.00000000E+00  0.00000000E+00  0.00000000E+00
  4.80238001E+03  8.45689145E-06  0.00000000E+00  0.00000000E+00  0.00000000E+00
  4.81238001E+03  8.45635164E-06  0.00000000E+00  0.00000000E+00  0.00000000E+00
  4.82238001E+03  8.45581158E-06  0.00000000E+00  0.00000000E+00  0.00000000E+00
  4.83238001E+03  8.45527129E-06  0.00000000E+00  0.00000000E+00  0.00000000E+00
  4.84238001E+03  8.45473076E-06  0.00000000E+00  0.00000000E+00  0.00000000E+00
  4.85238001E+03  8.45418998E-06  0.00000000E+00  0.00000000E+00  0.00000000E+00
  4.86238001E+03  8.45364896E-06  0.00000000E+00  0.00000000E+00  0.00000000E+00
  4.87238001E+03  8.45310769E-06  0.00000000E+00  0.00000000E+00  0.00000000E+00
  4.88238001E+03  8.45256619E-06  0.00000000E+00  0.00000000E+00  0.00000000E+00
  4.89238001E+03  8.45202445E-06  0.00000000E+00  0.00000000E+00  0.00000000E+00
  4.90238001E+03  8.45148247E-06  0.00000000E+00  0.00000000E+00  0.00000000E+00
  4.91238001E+03  8.45094025E-06  0.00000000E+00  0.00000000E+00  0.00000000E+00
  4.92238001E+03  8.45039781E-06  0.00000000E+00  0.00000000E+00  0.00000000E+00
  4.93238001E+03  8.44985513E-06  0.00000000E+00  0.00000000E+00  0.00000000E+00
  4.94238001E+03  8.44931223E-06  0.00000000E+00  0.00000000E+00  0.00000000E+00
  4.95238001E+03  8.44876911E-06  0.00000000E+00  0.00000000E+00  0.00000000E+00
  4.96238001E+03  8.44822576E-06  0.00000000E+00  0.00000000E+00  0.00000000E+00
  4.97238001E+03  8.44768220E-06  0.00000000E+00  0.00000000E+00  0.00000000E+00
  4.98238001E+03  8.44713843E-06  0.00000000E+00  0.00000000E+00  0.00000000E+00
  4.99238001E+03  8.44659445E-06  0.00000000E+00  0.00000000E+00  0.00000000E+00
  5.00238001E+03  8.44605027E-06  0.00000000E+00  0.00000000E+00  0.00000000E+00
  5.01238001E+03  8.44550589E-06  0.00000000E+00  0.00000000E+00  0.00000000E+00
  5.02238001E+03  8.44496131E-06  0.00000000E+00  0.00000000E+00  0.00000000E+00
  5.03238001E+03  8.44441653E-06  0.00000000E+00  0.00000000E+00  0.00000000E+00
  5.04238001E+03  8.44387158E-06  0.00000000E+00  0.00000000E+00  0.00000000E+00
  5.05238001E+03  8.44332643E-06  0.00000000E+00  0.00000000E+00  0.00000000E+00
  5.06238001E+03  8.44278111E-06  0.00000000E+00  0.00000000E+00  0.00000000E+00
  5.07238001E+03  8.44223561E-06  0.00000000E+00  0.00000000E+00  0.00000000E+00
  5.08238001E+03  8.44168995E-06  0.00000000E+00  0.00000000E+00  0.00000000E+00
  5.09238001E+03  8.44114411E-06  0.00000000E+00  0.00000000E+00  0.00000000E+00
  5.10238001E+03  8.44059812E-06  0.00000000E+00  0.00000000E+00  0.00000000E+00
  5.11238001E+03  8.44005196E-06  0.00000000E+00  0.00000000E+00  0.00000000E+00
  5.12238001E+03  8.43950565E-06  0.00000000E+00  0.00000000E+00  0.00000000E+00
  5.13238001E+03  8.43895920E-06  0.00000000E+00  0.00000000E+00  0.00000000E+00
  5.14238001E+03  8.43841259E-06  0.00000000E+00  0.00000000E+00  0.00000000E+00
  5.15238001E+03  8.43786585E-06  0.00000000E+00  0.00000000E+00  0.00000000E+00
  5.16238001E+03  8.43731896E-06  0.00000000E+00  0.00000000E+00  0.00000000E+00
  5.17238001E+03  8.43677195E-06  0.00000000E+00  0.00000000E+00  0.00000000E+00
  5.18238001E+03  8.43622480E-06  0.00000000E+00  0.00000000E+00  0.00000000E+00
  5.19238001E+03  8.43567753E-06  0.00000000E+00  0.00000000E+00  0.00000000E+00
  5.20238001E+03  8.43513014E-06  0.00000000E+00  0.00000000E+00  0.00000000E+00
  5.21238001E+03  8.43458263E-06  0.00000000E+00  0.00000000E+00  0.00000000E+00
  5.22238001E+03  8.43403500E-06  0.00000000E+00  0.00000000E+00  0.00000000E+00
  5.23238001E+03  8.43348727E-06  0.00000000E+00  0.00000000E+00  0.00000000E+00
  5.24238001E+03  8.43293942E-06  0.00000000E+00  0.00000000E+00  0.00000000E+00
  5.25238001E+03  8.43239148E-06  0.00000000E+00  0.00000000E+00  0.00000000E+00
  5.26238001E+03  8.43184343E-06  0.00000000E+00  0.00000000E+00  0.00000000E+00
  5.27238001E+03  8.43129529E-06  0.00000000E+00  0.00000000E+00  0.00000000E+00
  5.28238001E+03  8.43074706E-06  0.00000000E+00  0.00000000E+00  0.00000000E+00
  5.29238001E+03  8.43019873E-06  0.00000000E+00  0.00000000E+00  0.00000000E+00
  5.30238001E+03  8.42965032E-06  0.00000000E+00  0.00000000E+00  0.00000000E+00
  5.31238001E+03  8.42910183E-06  0.00000000E+00  0.00000000E+00  0.00000000E+00
  5.32238001E+03  8.42855325E-06  0.00000000E+00  0.00000000E+00  0.00000000E+00
  5.33238001E+03  8.42800460E-06  0.00000000E+00  0.00000000E+00  0.00000000E+00
  5.34238001E+03  8.42745588E-06  0.00000000E+00  0.00000000E+00  0.00000000E+00
  5.35238001E+03  8.42690708E-06  0.00000000E+00  0.00000000E+00  0.00000000E+00
  5.36238001E+03  8.42635822E-06  0.00000000E+00  0.00000000E+00  0.00000000E+00
  5.37238001E+03  8.42580929E-06  0.00000000E+00  0.00000000E+00  0.00000000E+00
  5.38238001E+03  8.42526030E-06  0.00000000E+00  0.00000000E+00  0.00000000E+00
  5.39238001E+03  8.42471124E-06  0.00000000E+00  0.00000000E+00  0.00000000E+00
  5.40238001E+03  8.42416213E-06  0.00000000E+00  0.00000000E+00  0.00000000E+00
  5.41238001E+03  8.42361297E-06  0.00000000E+00  0.00000000E+00  0.00000000E+00
  5.42238001E+03  8.42306375E-06  0.00000000E+00  0.00000000E+00  0.00000000E+00
  5.43238001E+03  8.42251449E-06  0.00000000E+00  0.00000000E+00  0.00000000E+00
  5.44238001E+03  8.42196518E-06  0.00000000E+00  0.00000000E+00  0.00000000E+00
  5.45238001E+03  8.42141582E-06  0.00000000E+00  0.00000000E+00  0.00000000E+00
  5.46238001E+03  8.42086642E-06  0.00000000E+00  0.00000000E+00  0.00000000E+00
  5.47238001E+03  8.42031698E-06  0.00000000E+00  0.00000000E+00  0.00000000E+00
  5.48238001E+03  8.41976750E-06  0.00000000E+00  0.00000000E+00  0.00000000E+00
  5.49238001E+03  8.41921799E-06  0.00000000E+00  0.00000000E+00  0.00000000E+00
  5.50238001E+03  8.41866844E-06  0.00000000E+00  0.00000000E+00  0.00000000E+00
  5.51238001E+03  8.41811886E-06  0.00000000E+00  0.00000000E+00  0.00000000E+00
  5.52238001E+03  8.41756925E-06  0.00000000E+00  0.00000000E+00  0.00000000E+00
  5.53238001E+03  8.41701960E-06  0.00000000E+00  0.00000000E+00  0.00000000E+00
  5.54238001E+03  8.41646993E-06  0.00000000E+00  0.00000000E+00  0.00000000E+00
  5.55238001E+03  8.41592024E-06  0.00000000E+00  0.00000000E+00  0.00000000E+00
  5.56238001E+03  8.41537053E-06  0.00000000E+00  0.00000000E+00  0.00000000E+00
  5.57238001E+03  8.41482079E-06  0.00000000E+00  0.00000000E+00  0.00000000E+00
  5.58238001E+03  8.41427104E-06  0.00000000E+00  0.00000000E+00  0.00000000E+00
  5.59238001E+03  8.41372128E-06  0.00000000E+00  0.00000000E+00  0.00000000E+00
  5.60238001E+03  8.41317150E-06  0.00000000E+00  0.00000000E+00  0.00000000E+00
  5.61238001E+03  8.41262171E-06  0.00000000E+00  0.00000000E+00  0.00000000E+00
  5.62238001E+03  8.41207190E-06  0.00000000E+00  0.00000000E+00  0.00000000E+00
  5.63238001E+03  8.41152209E-06  0.00000000E+00  0.00000000E+00  0.00000000E+00
  5.64238001E+03  8.41097227E-06  0.00000000E+00  0.00000000E+00  0.00000000E+00
  5.65238001E+03  8.41042245E-06  0.00000000E+00  0.00000000E+00  0.00000000E+00
  5.66238001E+03  8.40987262E-06  0.00000000E+00  0.00000000E+00  0.00000000E+00
  5.67238001E+03  8.40932279E-06  0.00000000E+00  0.00000000E+00  0.00000000E+00
  5.68238001E+03  8.40877295E-06  0.00000000E+00  0.00000000E+00  0.00000000E+00
  5.69238001E+03  8.40822312E-06  0.00000000E+00  0.00000000E+00  0.00000000E+00
  5.70238001E+03  8.40767329E-06  0.00000000E+00  0.00000000E+00  0.00000000E+00
  5.71238001E+03  8.40712346E-06  0.00000000E+00  0.00000000E+00  0.00000000E+00
  5.72238001E+03  8.40657363E-06  0.00000000E+00  0.00000000E+00  0.00000000E+00
  5.73238001E+03  8.40602380E-06  0.00000000E+00  0.00000000E+00  0.00000000E+00
  5.74238001E+03  8.40547399E-06  0.00000000E+00  0.00000000E+00  0.00000000E+00
  5.75238001E+03  8.40492418E-06  0.00000000E+00  0.00000000E+00  0.00000000E+00
  5.76238001E+03  8.40437437E-06  0.00000000E+00  0.00000000E+00  0.00000000E+00
  5.77238001E+03  8.40382458E-06  0.00000000E+00  0.00000000E+00  0.00000000E+00
  5.78238001E+03  8.40327479E-06  0.00000000E+00  0.00000000E+00  0.00000000E+00
  5.79238001E+03  8.40272502E-06  0.00000000E+00  0.00000000E+00  0.00000000E+00
  5.80238001E+03  8.40217526E-06  0.00000000E+00  0.00000000E+00  0.00000000E+00
  5.81238001E+03  8.40162551E-06  0.00000000E+00  0.00000000E+00  0.00000000E+00
  5.82238001E+03  8.40107578E-06  0.00000000E+00  0.00000000E+00  0.00000000E+00
  5.83238001E+03  8.40052606E-06  0.00000000E+00  0.00000000E+00  0.00000000E+00
  5.84238001E+03  8.39997636E-06  0.00000000E+00  0.00000000E+00  0.00000000E+00
  5.85238001E+03  8.39942667E-06  0.00000000E+00  0.00000000E+00  0.00000000E+00
  5.86238001E+03  8.39887700E-06  0.00000000E+00  0.00000000E+00  0.00000000E+00
  5.87238001E+03  8.39832735E-06  0.00000000E+00  0.00000000E+00  0.00000000E+00
  5.88238001E+03  8.39777772E-06  0.00000000E+00  0.00000000E+00  0.00000000E+00
  5.89238001E+03  8.39722811E-06  0.00000000E+00  0.00000000E+00  0.00000000E+00
  5.90238001E+03  8.39667852E-06  0.00000000E+00  0.00000000E+00  0.00000000E+00
  5.91238001E+03  8.39612895E-06  0.00000000E+00  0.00000000E+00  0.00000000E+00
  5.92238001E+03  8.39557941E-06  0.00000000E+00  0.00000000E+00  0.00000000E+00
  5.93238001E+03  8.39502988E-06  0.00000000E+00  0.00000000E+00  0.00000000E+00
  5.94238001E+03  8.39448038E-06  0.00000000E+00  0.00000000E+00  0.00000000E+00
  5.95238001E+03  8.39393091E-06  0.00000000E+00  0.00000000E+00  0.00000000E+00
  5.96238001E+03  8.39338146E-06  0.00000000E+00  0.00000000E+00  0.00000000E+00
  5.97238001E+03  8.39283204E-06  0.00000000E+00  0.00000000E+00  0.00000000E+00
  5.98238001E+03  8.39228264E-06  0.00000000E+00  0.00000000E+00  0.00000000E+00
  5.99238001E+03  8.39173327E-06  0.00000000E+00  0.00000000E+00  0.00000000E+00
  6.00238001E+03  8.39118392E-06  0.00000000E+00  0.00000000E+00  0.00000000E+00
  6.01238001E+03  8.39063461E-06  0.00000000E+00  0.00000000E+00  0.00000000E+00
  6.02238001E+03  8.39008532E-06  0.00000000E+00  0.00000000E+00  0.00000000E+00
  6.03238001E+03  8.38953606E-06  0.00000000E+00  0.00000000E+00  0.00000000E+00
  6.04238001E+03  8.38898684E-06  0.00000000E+00  0.00000000E+00  0.00000000E+00
  6.05238001E+03  8.38843764E-06  0.00000000E+00  0.00000000E+00  0.00000000E+00
  6.06238001E+03  8.38788847E-06  0.00000000E+00  0.00000000E+00  0.00000000E+00
  6.07238001E+03  8.38733934E-06  0.00000000E+00  0.00000000E+00  0.00000000E+00
  6.08238001E+03  8.38679024E-06  0.00000000E+00  0.00000000E+00  0.00000000E+00
  6.09238001E+03  8.38624117E-06  0.00000000E+00  0.00000000E+00  0.00000000E+00
  6.10238001E+03  8.38569213E-06  0.00000000E+00  0.00000000E+00  0.00000000E+00
  6.11238001E+03  8.38514312E-06  0.00000000E+00  0.00000000E+00  0.00000000E+00
  6.12238001E+03  8.38459415E-06  0.00000000E+00  0.00000000E+00  0.00000000E+00
  6.13238001E+03  8.38404522E-06  0.00000000E+00  0.00000000E+00  0.00000000E+00
  6.14238001E+03  8.38349632E-06  0.00000000E+00  0.00000000E+00  0.00000000E+00
  6.15238001E+03  8.38294745E-06  0.00000000E+00  0.00000000E+00  0.00000000E+00
  6.16238001E+03  8.38239862E-06  0.00000000E+00  0.00000000E+00  0.00000000E+00
  6.17238001E+03  8.38184982E-06  0.00000000E+00  0.00000000E+00  0.00000000E+00
  6.18238001E+03  8.38130107E-06  0.00000000E+00  0.00000000E+00  0.00000000E+00
  6.19238001E+03  8.38075234E-06  0.00000000E+00  0.00000000E+00  0.00000000E+00
  6.20238001E+03  8.38020366E-06  0.00000000E+00  0.00000000E+00  0.00000000E+00
  6.21238001E+03  8.37965501E-06  0.00000000E+00  0.00000000E+00  0.00000000E+00
  6.22238001E+03  8.37910640E-06  0.00000000E+00  0.00000000E+00  0.00000000E+00
  6.23238001E+03  8.37855783E-06  0.00000000E+00  0.00000000E+00  0.00000000E+00
  6.24238001E+03  8.37800929E-06  0.00000000E+00  0.00000000E+00  0.00000000E+00
  6.25238001E+03  8.37746080E-06  0.00000000E+00  0.00000000E+00  0.00000000E+00
  6.26238001E+03  8.37691234E-06  0.00000000E+00  0.00000000E+00  0.00000000E+00
  6.27238001E+03  8.37636393E-06  0.00000000E+00  0.00000000E+00  0.00000000E+00
  6.28238001E+03  8.37581555E-06  0.00000000E+00  0.00000000E+00  0.00000000E+00
  6.29238001E+03  8.37526722E-06  0.00000000E+00  0.00000000E+00  0.00000000E+00
  6.30238001E+03  8.37471892E-06  0.00000000E+00  0.00000000E+00  0.00000000E+00
  6.31238001E+03  8.37417065E-06  0.00000000E+00  0.00000000E+00  0.00000000E+00
  6.32238001E+03  8.37362241E-06  0.00000000E+00  0.00000000E+00  0.00000000E+00
  6.33238001E+03  8.37307421E-06  0.00000000E+00  0.00000000E+00  0.00000000E+00
  6.34238001E+03  8.37252606E-06  0.00000000E+00  0.00000000E+00  0.00000000E+00
  6.35238001E+03  8.37197794E-06  0.00000000E+00  0.00000000E+00  0.00000000E+00
  6.36238001E+03  8.37142987E-06  0.00000000E+00  0.00000000E+00  0.00000000E+00
  6.37238001E+03  8.37088185E-06  0.00000000E+00  0.00000000E+00  0.00000000E+00
  6.38238001E+03  8.37033387E-06  0.00000000E+00  0.00000000E+00  0.00000000E+00
  6.39238001E+03  8.36978594E-06  0.00000000E+00  0.00000000E+00  0.00000000E+00
  6.40238001E+03  8.36923805E-06  0.00000000E+00  0.00000000E+00  0.00000000E+00
  6.41238001E+03  8.36869021E-06  0.00000000E+00  0.00000000E+00  0.00000000E+00
  6.42238001E+03  8.36814242E-06  0.00000000E+00  0.00000000E+00  0.00000000E+00
  6.43238001E+03  8.36759467E-06  0.00000000E+00  0.00000000E+00  0.00000000E+00
  6.44238001E+03  8.36704697E-06  0.00000000E+00  0.00000000E+00  0.00000000E+00
  6.45238001E+03  8.36649932E-06  0.00000000E+00  0.00000000E+00  0.00000000E+00
  6.46238001E+03  8.36595172E-06  0.00000000E+00  0.00000000E+00  0.00000000E+00
  6.47238001E+03  8.36540416E-06  0.00000000E+00  0.00000000E+00  0.00000000E+00
  6.48238001E+03  8.36485665E-06  0.00000000E+00  0.00000000E+00  0.00000000E+00
  6.49238001E+03  8.36430920E-06  0.00000000E+00  0.00000000E+00  0.00000000E+00
  6.50238001E+03  8.36376178E-06  0.00000000E+00  0.00000000E+00  0.00000000E+00
  6.51238001E+03  8.36321442E-06  0.00000000E+00  0.00000000E+00  0.00000000E+00
  6.52238001E+03  8.36266711E-06  0.00000000E+00  0.00000000E+00  0.00000000E+00
  6.53238001E+03  8.36211985E-06  0.00000000E+00  0.00000000E+00  0.00000000E+00
  6.54238001E+03  8.36157263E-06  0.00000000E+00  0.00000000E+00  0.00000000E+00
  6.55238001E+03  8.36102547E-06  0.00000000E+00  0.00000000E+00  0.00000000E+00
  6.56238001E+03  8.36047836E-06  0.00000000E+00  0.00000000E+00  0.00000000E+00
  6.57238001E+03  8.35993129E-06  0.00000000E+00  0.00000000E+00  0.00000000E+00
  6.58238001E+03  8.35938428E-06  0.00000000E+00  0.00000000E+00  0.00000000E+00
  6.59238001E+03  8.35883732E-06  0.00000000E+00  0.00000000E+00  0.00000000E+00
  6.60238001E+03  8.35829041E-06  0.00000000E+00  0.00000000E+00  0.00000000E+00
  6.61238001E+03  8.35774354E-06  0.00000000E+00  0.00000000E+00  0.00000000E+00
  6.62238001E+03  8.35719673E-06  0.00000000E+00  0.00000000E+00  0.00000000E+00
  6.63238001E+03  8.35664997E-06  0.00000000E+00  0.00000000E+00  0.00000000E+00
  6.64238001E+03  8.35610327E-06  0.00000000E+00  0.00000000E+00  0.00000000E+00
  6.65238001E+03  8.35555199E-06  0.00000000E+00  0.00000000E+00  0.00000000E+00
  6.66238001E+03  8.35499344E-06  0.00000000E+00  0.00000000E+00  0.00000000E+00
  6.67238001E+03  8.35443068E-06  0.00000000E+00  0.00000000E+00  0.00000000E+00
  6.68238001E+03  8.35386583E-06  0.00000000E+00  0.00000000E+00  0.00000000E+00
  6.69238001E+03  8.35330035E-06  0.00000000E+00  0.00000000E+00  0.00000000E+00
  6.70238001E+03  8.35273524E-06  0.00000000E+00  0.00000000E+00  0.00000000E+00
  6.71238001E+03  8.35217114E-06  0.00000000E+00  0.00000000E+00  0.00000000E+00
  6.72238001E+03  8.35160847E-06  0.00000000E+00  0.00000000E+00  0.00000000E+00
  6.73238001E+03  8.35104747E-06  0.00000000E+00  0.00000000E+00  0.00000000E+00
  6.74238001E+03  8.35048827E-06  0.00000000E+00  0.00000000E+00  0.00000000E+00
  6.75238001E+03  8.34993093E-06  0.00000000E+00  0.00000000E+00  0.00000000E+00
  6.76238001E+03  8.34937545E-06  0.00000000E+00  0.00000000E+00  0.00000000E+00
  6.77238001E+03  8.34882179E-06  0.00000000E+00  0.00000000E+00  0.00000000E+00
  6.78238001E+03  8.34826990E-06  0.00000000E+00  0.00000000E+00  0.00000000E+00
  6.79238001E+03  8.34771972E-06  0.00000000E+00  0.00000000E+00  0.00000000E+00
  6.80238001E+03  8.34717117E-06  0.00000000E+00  0.00000000E+00  0.00000000E+00
  6.81238001E+03  8.34662417E-06  0.00000000E+00  0.00000000E+00  0.00000000E+00
  6.82238001E+03  8.34607865E-06  0.00000000E+00  0.00000000E+00  0.00000000E+00
  6.83238001E+03  8.34553452E-06  0.00000000E+00  0.00000000E+00  0.00000000E+00
  6.84238001E+03  8.34499173E-06  0.00000000E+00  0.00000000E+00  0.00000000E+00
  6.85238001E+03  8.34445019E-06  0.00000000E+00  0.00000000E+00  0.00000000E+00
  6.86238001E+03  8.34390984E-06  0.00000000E+00  0.00000000E+00  0.00000000E+00
  6.87238001E+03  8.34337063E-06  0.00000000E+00  0.00000000E+00  0.00000000E+00
  6.88238001E+03  8.34283249E-06  0.00000000E+00  0.00000000E+00  0.00000000E+00
  6.89238001E+03  8.34229537E-06  0.00000000E+00  0.00000000E+00  0.00000000E+00
  6.90238001E+03  8.34175922E-06  0.00000000E+00  0.00000000E+00  0.00000000E+00
  6.91238001E+03  8.34122400E-06  0.00000000E+00  0.00000000E+00  0.00000000E+00
  6.92238001E+03  8.34068965E-06  0.00000000E+00  0.00000000E+00  0.00000000E+00
  6.93238001E+03  8.34015614E-06  0.00000000E+00  0.00000000E+00  0.00000000E+00
  6.94238001E+03  8.33962343E-06  0.00000000E+00  0.00000000E+00  0.00000000E+00
  6.95238001E+03  8.33909148E-06  0.00000000E+00  0.00000000E+00  0.00000000E+00
  6.96238001E+03  8.33856026E-06  0.00000000E+00  0.00000000E+00  0.00000000E+00
  6.97238001E+03  8.33802974E-06  0.00000000E+00  0.00000000E+00  0.00000000E+00
  6.98238001E+03  8.33749989E-06  0.00000000E+00  0.00000000E+00  0.00000000E+00
  6.99238001E+03  8.33697068E-06  0.00000000E+00  0.00000000E+00  0.00000000E+00
  7.00238001E+03  8.33644208E-06  0.00000000E+00  0.00000000E+00  0.00000000E+00
  7.01238001E+03  8.33591407E-06  0.00000000E+00  0.00000000E+00  0.00000000E+00
  7.02238001E+03  8.33538662E-06  0.00000000E+00  0.00000000E+00  0.00000000E+00
  7.03238001E+03  8.33485973E-06  0.00000000E+00  0.00000000E+00  0.00000000E+00
  7.04238001E+03  8.33433335E-06  0.00000000E+00  0.00000000E+00  0.00000000E+00
  7.05238001E+03  8.33380748E-06  0.00000000E+00  0.00000000E+00  0.00000000E+00
  7.06238001E+03  8.33328209E-06  0.00000000E+00  0.00000000E+00  0.00000000E+00
  7.07238001E+03  8.33275717E-06  0.00000000E+00  0.00000000E+00  0.00000000E+00
  7.08238001E+03  8.33223270E-06  0.00000000E+00  0.00000000E+00  0.00000000E+00
  7.09238001E+03  8.33170866E-06  0.00000000E+00  0.00000000E+00  0.00000000E+00
  7.10238001E+03  8.33118504E-06  0.00000000E+00  0.00000000E+00  0.00000000E+00
  7.11238001E+03  8.33066183E-06  0.00000000E+00  0.00000000E+00  0.00000000E+00
  7.12238001E+03  8.33013902E-06  0.00000000E+00  0.00000000E+00  0.00000000E+00
  7.13238001E+03  8.32961658E-06  0.00000000E+00  0.00000000E+00  0.00000000E+00
  7.14238001E+03  8.32909450E-06  0.00000000E+00  0.00000000E+00  0.00000000E+00
  7.15238001E+03  8.32857279E-06  0.00000000E+00  0.00000000E+00  0.00000000E+00
  7.16238001E+03  8.32805141E-06  0.00000000E+00  0.00000000E+00  0.00000000E+00
  7.17238001E+03  8.32753037E-06  0.00000000E+00  0.00000000E+00  0.00000000E+00
  7.18238001E+03  8.32700966E-06  0.00000000E+00  0.00000000E+00  0.00000000E+00
  7.19238001E+03  8.32648926E-06  0.00000000E+00  0.00000000E+00  0.00000000E+00
  7.20238001E+03  8.32596916E-06  0.00000000E+00  0.00000000E+00  0.00000000E+00
  7.21238001E+03  8.32544936E-06  0.00000000E+00  0.00000000E+00  0.00000000E+00
  7.22238001E+03  8.32492985E-06  0.00000000E+00  0.00000000E+00  0.00000000E+00
  7.23238001E+03  8.32441061E-06  0.00000000E+00  0.00000000E+00  0.00000000E+00
  7.24238001E+03  8.32389165E-06  0.00000000E+00  0.00000000E+00  0.00000000E+00
  7.25238001E+03  8.32337296E-06  0.00000000E+00  0.00000000E+00  0.00000000E+00
  7.26238001E+03  8.32285452E-06  0.00000000E+00  0.00000000E+00  0.00000000E+00
  7.27238001E+03  8.32233633E-06  0.00000000E+00  0.00000000E+00  0.00000000E+00
  7.28238001E+03  8.32181839E-06  0.00000000E+00  0.00000000E+00  0.00000000E+00
  7.29238001E+03  8.32130069E-06  0.00000000E+00  0.00000000E+00  0.00000000E+00
  7.30238001E+03  8.32078322E-06  0.00000000E+00  0.00000000E+00  0.00000000E+00
  7.31238001E+03  8.32026598E-06  0.00000000E+00  0.00000000E+00  0.00000000E+00
  7.32238001E+03  8.31974897E-06  0.00000000E+00  0.00000000E+00  0.00000000E+00
  7.33238001E+03  8.31923217E-06  0.00000000E+00  0.00000000E+00  0.00000000E+00
  7.34238001E+03  8.31871558E-06  0.00000000E+00  0.00000000E+00  0.00000000E+00
  7.35238001E+03  8.31819920E-06  0.00000000E+00  0.00000000E+00  0.00000000E+00
  7.36238001E+03  8.31768302E-06  0.00000000E+00  0.00000000E+00  0.00000000E+00
  7.37238001E+03  8.31716705E-06  0.00000000E+00  0.00000000E+00  0.00000000E+00
  7.38238001E+03  8.31665127E-06  0.00000000E+00  0.00000000E+00  0.00000000E+00
  7.39238001E+03  8.31613568E-06  0.00000000E+00  0.00000000E+00  0.00000000E+00
  7.40238001E+03  8.31562028E-06  0.00000000E+00  0.00000000E+00  0.00000000E+00
  7.41238001E+03  8.31510506E-06  0.00000000E+00  0.00000000E+00  0.00000000E+00
  7.42238001E+03  8.31459002E-06  0.00000000E+00  0.00000000E+00  0.00000000E+00
  7.43238001E+03  8.31407516E-06  0.00000000E+00  0.00000000E+00  0.00000000E+00
  7.44238001E+03  8.31356047E-06  0.00000000E+00  0.00000000E+00  0.00000000E+00
  7.45238001E+03  8.31304596E-06  0.00000000E+00  0.00000000E+00  0.00000000E+00
  7.46238001E+03  8.31253161E-06  0.00000000E+00  0.00000000E+00  0.00000000E+00
  7.47238001E+03  8.31201743E-06  0.00000000E+00  0.00000000E+00  0.00000000E+00
  7.48238001E+03  8.31150341E-06  0.00000000E+00  0.00000000E+00  0.00000000E+00
  7.49238001E+03  8.31098955E-06  0.00000000E+00  0.00000000E+00  0.00000000E+00
  7.50238001E+03  8.31047584E-06  0.00000000E+00  0.00000000E+00  0.00000000E+00
  7.51238001E+03  8.30996230E-06  0.00000000E+00  0.00000000E+00  0.00000000E+00
  7.52238001E+03  8.30944890E-06  0.00000000E+00  0.00000000E+00  0.00000000E+00
  7.53238001E+03  8.30893565E-06  0.00000000E+00  0.00000000E+00  0.00000000E+00
  7.54238001E+03  8.30842256E-06  0.00000000E+00  0.00000000E+00  0.00000000E+00
  7.55238001E+03  8.30790961E-06  0.00000000E+00  0.00000000E+00  0.00000000E+00
  7.56238001E+03  8.30739680E-06  0.00000000E+00  0.00000000E+00  0.00000000E+00
  7.57238001E+03  8.30688413E-06  0.00000000E+00  0.00000000E+00  0.00000000E+00
  7.58238001E+03  8.30637161E-06  0.00000000E+00  0.00000000E+00  0.00000000E+00
  7.59238001E+03  8.30585922E-06  0.00000000E+00  0.00000000E+00  0.00000000E+00
  7.60238001E+03  8.30534697E-06  0.00000000E+00  0.00000000E+00  0.00000000E+00
  7.61238001E+03  8.30483485E-06  0.00000000E+00  0.00000000E+00  0.00000000E+00
  7.62238001E+03  8.30432287E-06  0.00000000E+00  0.00000000E+00  0.00000000E+00
  7.63238001E+03  8.30381102E-06  0.00000000E+00  0.00000000E+00  0.00000000E+00
  7.64238001E+03  8.30329930E-06  0.00000000E+00  0.00000000E+00  0.00000000E+00
  7.65238001E+03  8.30278771E-06  0.00000000E+00  0.00000000E+00  0.00000000E+00
  7.66238001E+03  8.30227625E-06  0.00000000E+00  0.00000000E+00  0.00000000E+00
  7.67238001E+03  8.30176491E-06  0.00000000E+00  0.00000000E+00  0.00000000E+00
  7.68238001E+03  8.30125370E-06  0.00000000E+00  0.00000000E+00  0.00000000E+00
  7.69238001E+03  8.30074261E-06  0.00000000E+00  0.00000000E+00  0.00000000E+00
  7.70238001E+03  8.30023164E-06  0.00000000E+00  0.00000000E+00  0.00000000E+00
  7.71238001E+03  8.29972079E-06  0.00000000E+00  0.00000000E+00  0.00000000E+00
  7.72238001E+03  8.29921007E-06  0.00000000E+00  0.00000000E+00  0.00000000E+00
  7.73238001E+03  8.29869946E-06  0.00000000E+00  0.00000000E+00  0.00000000E+00
  7.74238001E+03  8.29818897E-06  0.00000000E+00  0.00000000E+00  0.00000000E+00
  7.75238001E+03  8.29767859E-06  0.00000000E+00  0.00000000E+00  0.00000000E+00
  7.76238001E+03  8.29716834E-06  0.00000000E+00  0.00000000E+00  0.00000000E+00
  7.77238001E+03  8.29665819E-06  0.00000000E+00  0.00000000E+00  0.00000000E+00
  7.78238001E+03  8.29614816E-06  0.00000000E+00  0.00000000E+00  0.00000000E+00
  7.79238001E+03  8.29563825E-06  0.00000000E+00  0.00000000E+00  0.00000000E+00
  7.80238001E+03  8.29512844E-06  0.00000000E+00  0.00000000E+00  0.00000000E+00
  7.81238001E+03  8.29461875E-06  0.00000000E+00  0.00000000E+00  0.00000000E+00
  7.82238001E+03  8.29410917E-06  0.00000000E+00  0.00000000E+00  0.00000000E+00
  7.83238001E+03  8.29359969E-06  0.00000000E+00  0.00000000E+00  0.00000000E+00
  7.84238001E+03  8.29309033E-06  0.00000000E+00  0.00000000E+00  0.00000000E+00
  7.85238001E+03  8.29258107E-06  0.00000000E+00  0.00000000E+00  0.00000000E+00
  7.86238001E+03  8.29207192E-06  0.00000000E+00  0.00000000E+00  0.00000000E+00
  7.87238001E+03  8.29156287E-06  0.00000000E+00  0.00000000E+00  0.00000000E+00
  7.88238001E+03  8.29105394E-06  0.00000000E+00  0.00000000E+00  0.00000000E+00
  7.89238001E+03  8.29054510E-06  0.00000000E+00  0.00000000E+00  0.00000000E+00
  7.90238001E+03  8.29003637E-06  0.00000000E+00  0.00000000E+00  0.00000000E+00
  7.91238001E+03  8.28952775E-06  0.00000000E+00  0.00000000E+00  0.00000000E+00
  7.92238001E+03  8.28901922E-06  0.00000000E+00  0.00000000E+00  0.00000000E+00
  7.93238001E+03  8.28851080E-06  0.00000000E+00  0.00000000E+00  0.00000000E+00
  7.94238001E+03  8.28800248E-06  0.00000000E+00  0.00000000E+00  0.00000000E+00
  7.95238001E+03  8.28749427E-06  0.00000000E+00  0.00000000E+00  0.00000000E+00
  7.96238001E+03  8.28698615E-06  0.00000000E+00  0.00000000E+00  0.00000000E+00
  7.97238001E+03  8.28647813E-06  0.00000000E+00  0.00000000E+00  0.00000000E+00
  7.98238001E+03  8.28597021E-06  0.00000000E+00  0.00000000E+00  0.00000000E+00
  7.99238001E+03  8.28546240E-06  0.00000000E+00  0.00000000E+00  0.00000000E+00
  8.00238001E+03  8.28495467E-06  0.00000000E+00  0.00000000E+00  0.00000000E+00
  8.01238001E+03  8.28444705E-06  0.00000000E+00  0.00000000E+00  0.00000000E+00
  8.02238001E+03  8.28393952E-06  0.00000000E+00  0.00000000E+00  0.00000000E+00
  8.03238001E+03  8.28343209E-06  0.00000000E+00  0.00000000E+00  0.00000000E+00
  8.04238001E+03  8.28292475E-06  0.00000000E+00  0.00000000E+00  0.00000000E+00
  8.05238001E+03  8.28241751E-06  0.00000000E+00  0.00000000E+00  0.00000000E+00
  8.06238001E+03  8.28191036E-06  0.00000000E+00  0.00000000E+00  0.00000000E+00
  8.07238001E+03  8.28140332E-06  0.00000000E+00  0.00000000E+00  0.00000000E+00
  8.08238001E+03  8.28089636E-06  0.00000000E+00  0.00000000E+00  0.00000000E+00
  8.09238001E+03  8.28038950E-06  0.00000000E+00  0.00000000E+00  0.00000000E+00
  8.10238001E+03  8.27988273E-06  0.00000000E+00  0.00000000E+00  0.00000000E+00
  8.11238001E+03  8.27937606E-06  0.00000000E+00  0.00000000E+00  0.00000000E+00
  8.12238001E+03  8.27886948E-06  0.00000000E+00  0.00000000E+00  0.00000000E+00
  8.13238001E+03  8.27836300E-06  0.00000000E+00  0.00000000E+00  0.00000000E+00
  8.14238001E+03  8.27785660E-06  0.00000000E+00  0.00000000E+00  0.00000000E+00
  8.15238001E+03  8.27735030E-06  0.00000000E+00  0.00000000E+00  0.00000000E+00
  8.16238001E+03  8.27684409E-06  0.00000000E+00  0.00000000E+00  0.00000000E+00
  8.17238001E+03  8.27633798E-06  0.00000000E+00  0.00000000E+00  0.00000000E+00
  8.18238001E+03  8.27583195E-06  0.00000000E+00  0.00000000E+00  0.00000000E+00
  8.19238001E+03  8.27532601E-06  0.00000000E+00  0.00000000E+00  0.00000000E+00
  8.20238001E+03  8.27482017E-06  0.00000000E+00  0.00000000E+00  0.00000000E+00
  8.21238001E+03  8.27431441E-06  0.00000000E+00  0.00000000E+00  0.00000000E+00
  8.22238001E+03  8.27380875E-06  0.00000000E+00  0.00000000E+00  0.00000000E+00
  8.23238001E+03  8.27330317E-06  0.00000000E+00  0.00000000E+00  0.00000000E+00
  8.24238001E+03  8.27279769E-06  0.00000000E+00  0.00000000E+00  0.00000000E+00
  8.25238001E+03  8.27229229E-06  0.00000000E+00  0.00000000E+00  0.00000000E+00
  8.26238001E+03  8.27178698E-06  0.00000000E+00  0.00000000E+00  0.00000000E+00
  8.27238001E+03  8.27128176E-06  0.00000000E+00  0.00000000E+00  0.00000000E+00
  8.28238001E+03  8.27077663E-06  0.00000000E+00  0.00000000E+00  0.00000000E+00
  8.29238001E+03  8.27027159E-06  0.00000000E+00  0.00000000E+00  0.00000000E+00
  8.30238001E+03  8.26976663E-06  0.00000000E+00  0.00000000E+00  0.00000000E+00
  8.31238001E+03  8.26926176E-06  0.00000000E+00  0.00000000E+00  0.00000000E+00
  8.32238001E+03  8.26875698E-06  0.00000000E+00  0.00000000E+00  0.00000000E+00
  8.33238001E+03  8.26825229E-06  0.00000000E+00  0.00000000E+00  0.00000000E+00
  8.34238001E+03  8.26774768E-06  0.00000000E+00  0.00000000E+00  0.00000000E+00
  8.35238001E+03  8.26724316E-06  0.00000000E+00  0.00000000E+00  0.00000000E+00
  8.36238001E+03  8.26673872E-06  0.00000000E+00  0.00000000E+00  0.00000000E+00
  8.37238001E+03  8.26623437E-06  0.00000000E+00  0.00000000E+00  0.00000000E+00
  8.38238001E+03  8.26573309E-06  0.00000000E+00  0.00000000E+00  0.00000000E+00
  8.39238001E+03  8.26522193E-06  0.00000000E+00  0.00000000E+00  0.00000000E+00
  8.40238001E+03  8.26470685E-06  0.00000000E+00  0.00000000E+00  0.00000000E+00
  8.41238001E+03  8.26418970E-06  0.00000000E+00  0.00000000E+00  0.00000000E+00
  8.42238001E+03  8.26367039E-06  0.00000000E+00  0.00000000E+00  0.00000000E+00
  8.43238001E+03  8.26314941E-06  0.00000000E+00  0.00000000E+00  0.00000000E+00
  8.44238001E+03  8.26262701E-06  0.00000000E+00  0.00000000E+00  0.00000000E+00
  8.45238001E+03  8.26210337E-06  0.00000000E+00  0.00000000E+00  0.00000000E+00
  8.46238001E+03  8.26157859E-06  0.00000000E+00  0.00000000E+00  0.00000000E+00
  8.47238001E+03  8.26105276E-06  0.00000000E+00  0.00000000E+00  0.00000000E+00
  8.48238001E+03  8.26052590E-06  0.00000000E+00  0.00000000E+00  0.00000000E+00
  8.49238001E+03  8.25999806E-06  0.00000000E+00  0.00000000E+00  0.00000000E+00
  8.50238001E+03  8.25946924E-06  0.00000000E+00  0.00000000E+00  0.00000000E+00
  8.51238001E+03  8.25893945E-06  0.00000000E+00  0.00000000E+00  0.00000000E+00
  8.52238001E+03  8.25840868E-06  0.00000000E+00  0.00000000E+00  0.00000000E+00
  8.53238001E+03  8.25787695E-06  0.00000000E+00  0.00000000E+00  0.00000000E+00
  8.54238001E+03  8.25734424E-06  0.00000000E+00  0.00000000E+00  0.00000000E+00
  8.55238001E+03  8.25681055E-06  0.00000000E+00  0.00000000E+00  0.00000000E+00
  8.56238001E+03  8.25627588E-06  0.00000000E+00  0.00000000E+00  0.00000000E+00
  8.57238001E+03  8.25574024E-06  0.00000000E+00  0.00000000E+00  0.00000000E+00
  8.58238001E+03  8.25520361E-06  0.00000000E+00  0.00000000E+00  0.00000000E+00
  8.59238001E+03  8.25466600E-06  0.00000000E+00  0.00000000E+00  0.00000000E+00
  8.60238001E+03  8.25412742E-06  0.00000000E+00  0.00000000E+00  0.00000000E+00
  8.61238001E+03  8.25358787E-06  0.00000000E+00  0.00000000E+00  0.00000000E+00
  8.62238001E+03  8.25304735E-06  0.00000000E+00  0.00000000E+00  0.00000000E+00
  8.63238001E+03  8.25250588E-06  0.00000000E+00  0.00000000E+00  0.00000000E+00
  8.64238001E+03  8.25196345E-06  0.00000000E+00  0.00000000E+00  0.00000000E+00
  8.65238001E+03  8.25142007E-06  0.00000000E+00  0.00000000E+00  0.00000000E+00
  8.66238001E+03  8.25087576E-06  0.00000000E+00  0.00000000E+00  0.00000000E+00
  8.67238001E+03  8.25033053E-06  0.00000000E+00  0.00000000E+00  0.00000000E+00
  8.68238001E+03  8.24978437E-06  0.00000000E+00  0.00000000E+00  0.00000000E+00
  8.69238001E+03  8.24923732E-06  0.00000000E+00  0.00000000E+00  0.00000000E+00
  8.70238001E+03  8.24868937E-06  0.00000000E+00  0.00000000E+00  0.00000000E+00
  8.71238001E+03  8.24814054E-06  0.00000000E+00  0.00000000E+00  0.00000000E+00
  8.72238001E+03  8.24759083E-06  0.00000000E+00  0.00000000E+00  0.00000000E+00
  8.73238001E+03  8.24704027E-06  0.00000000E+00  0.00000000E+00  0.00000000E+00
  8.74238001E+03  8.24648887E-06  0.00000000E+00  0.00000000E+00  0.00000000E+00
  8.75238001E+03  8.24593663E-06  0.00000000E+00  0.00000000E+00  0.00000000E+00
  8.76238001E+03  8.24538356E-06  0.00000000E+00  0.00000000E+00  0.00000000E+00
  8.77238001E+03  8.24482970E-06  0.00000000E+00  0.00000000E+00  0.00000000E+00
  8.78238001E+03  8.24427503E-06  0.00000000E+00  0.00000000E+00  0.00000000E+00
  8.79238001E+03  8.24371958E-06  0.00000000E+00  0.00000000E+00  0.00000000E+00
  8.80238001E+03  8.24316336E-06  0.00000000E+00  0.00000000E+00  0.00000000E+00
  8.81238001E+03  8.24260638E-06  0.00000000E+00  0.00000000E+00  0.00000000E+00
  8.82238001E+03  8.24204866E-06  0.00000000E+00  0.00000000E+00  0.00000000E+00
  8.83238001E+03  8.24149020E-06  0.00000000E+00  0.00000000E+00  0.00000000E+00
  8.84238001E+03  8.24093102E-06  0.00000000E+00  0.00000000E+00  0.00000000E+00
  8.85238001E+03  8.24037114E-06  0.00000000E+00  0.00000000E+00  0.00000000E+00
  8.86238001E+03  8.23981055E-06  0.00000000E+00  0.00000000E+00  0.00000000E+00
  8.87238001E+03  8.23924928E-06  0.00000000E+00  0.00000000E+00  0.00000000E+00
  8.88238001E+03  8.23868733E-06  0.00000000E+00  0.00000000E+00  0.00000000E+00
  8.89238001E+03  8.23812472E-06  0.00000000E+00  0.00000000E+00  0.00000000E+00
  8.90238001E+03  8.23756146E-06  0.00000000E+00  0.00000000E+00  0.00000000E+00
  8.91238001E+03  8.23699756E-06  0.00000000E+00  0.00000000E+00  0.00000000E+00
  8.92238001E+03  8.23643303E-06  0.00000000E+00  0.00000000E+00  0.00000000E+00
  8.93238001E+03  8.23586788E-06  0.00000000E+00  0.00000000E+00  0.00000000E+00
  8.94238001E+03  8.23530212E-06  0.00000000E+00  0.00000000E+00  0.00000000E+00
  8.95238001E+03  8.23473577E-06  0.00000000E+00  0.00000000E+00  0.00000000E+00
  8.96238001E+03  8.23416882E-06  0.00000000E+00  0.00000000E+00  0.00000000E+00
  8.97238001E+03  8.23360130E-06  0.00000000E+00  0.00000000E+00  0.00000000E+00
  8.98238001E+03  8.23303321E-06  0.00000000E+00  0.00000000E+00  0.00000000E+00
  8.99238001E+03  8.23246456E-06  0.00000000E+00  0.00000000E+00  0.00000000E+00
  9.00238001E+03  8.23189536E-06  0.00000000E+00  0.00000000E+00  0.00000000E+00
  9.01238001E+03  8.23132561E-06  0.00000000E+00  0.00000000E+00  0.00000000E+00
  9.02238001E+03  8.23075534E-06  0.00000000E+00  0.00000000E+00  0.00000000E+00
  9.03238001E+03  8.23018454E-06  0.00000000E+00  0.00000000E+00  0.00000000E+00
  9.04238001E+03  8.22961323E-06  0.00000000E+00  0.00000000E+00  0.00000000E+00
  9.05238001E+03  8.22904142E-06  0.00000000E+00  0.00000000E+00  0.00000000E+00
  9.06238001E+03  8.22846910E-06  0.00000000E+00  0.00000000E+00  0.00000000E+00
  9.07238001E+03  8.22789630E-06  0.00000000E+00  0.00000000E+00  0.00000000E+00
  9.08238001E+03  8.22732301E-06  0.00000000E+00  0.00000000E+00  0.00000000E+00
  9.09238001E+03  8.22674926E-06  0.00000000E+00  0.00000000E+00  0.00000000E+00
  9.10238001E+03  8.22617503E-06  0.00000000E+00  0.00000000E+00  0.00000000E+00
  9.11238001E+03  8.22560035E-06  0.00000000E+00  0.00000000E+00  0.00000000E+00
  9.12238001E+03  8.22502521E-06  0.00000000E+00  0.00000000E+00  0.00000000E+00
  9.13238001E+03  8.22444963E-06  0.00000000E+00  0.00000000E+00  0.00000000E+00
  9.14238001E+03  8.22387361E-06  0.00000000E+00  0.00000000E+00  0.00000000E+00
  9.15238001E+03  8.22329716E-06  0.00000000E+00  0.00000000E+00  0.00000000E+00
  9.16238001E+03  8.22272029E-06  0.00000000E+00  0.00000000E+00  0.00000000E+00
  9.17238001E+03  8.22214300E-06  0.00000000E+00  0.00000000E+00  0.00000000E+00
  9.18238001E+03  8.22156530E-06  0.00000000E+00  0.00000000E+00  0.00000000E+00
  9.19238001E+03  8.22098720E-06  0.00000000E+00  0.00000000E+00  0.00000000E+00
  9.20238001E+03  8.22040869E-06  0.00000000E+00  0.00000000E+00  0.00000000E+00
  9.21238001E+03  8.21982980E-06  0.00000000E+00  0.00000000E+00  0.00000000E+00
  9.22238001E+03  8.21925051E-06  0.00000000E+00  0.00000000E+00  0.00000000E+00
  9.23238001E+03  8.21867085E-06  0.00000000E+00  0.00000000E+00  0.00000000E+00
  9.24238001E+03  8.21809081E-06  0.00000000E+00  0.00000000E+00  0.00000000E+00
  9.25238001E+03  8.21751040E-06  0.00000000E+00  0.00000000E+00  0.00000000E+00
  9.26238001E+03  8.21692963E-06  0.00000000E+00  0.00000000E+00  0.00000000E+00
  9.27238001E+03  8.21634850E-06  0.00000000E+00  0.00000000E+00  0.00000000E+00
  9.28238001E+03  8.21576701E-06  0.00000000E+00  0.00000000E+00  0.00000000E+00
  9.29238001E+03  8.21518518E-06  0.00000000E+00  0.00000000E+00  0.00000000E+00
  9.30238001E+03  8.21460300E-06  0.00000000E+00  0.00000000E+00  0.00000000E+00
  9.31238001E+03  8.21402049E-06  0.00000000E+00  0.00000000E+00  0.00000000E+00
  9.32238001E+03  8.21343764E-06  0.00000000E+00  0.00000000E+00  0.00000000E+00
  9.33238001E+03  8.21285446E-06  0.00000000E+00  0.00000000E+00  0.00000000E+00
  9.34238001E+03  8.21227096E-06  0.00000000E+00  0.00000000E+00  0.00000000E+00
  9.35238001E+03  8.21168714E-06  0.00000000E+00  0.00000000E+00  0.00000000E+00
  9.36238001E+03  8.21110300E-06  0.00000000E+00  0.00000000E+00  0.00000000E+00
  9.37238001E+03  8.21051855E-06  0.00000000E+00  0.00000000E+00  0.00000000E+00
  9.38238001E+03  8.20993380E-06  0.00000000E+00  0.00000000E+00  0.00000000E+00
  9.39238001E+03  8.20934874E-06  0.00000000E+00  0.00000000E+00  0.00000000E+00
  9.40238001E+03  8.20876338E-06  0.00000000E+00  0.00000000E+00  0.00000000E+00
  9.41238001E+03  8.20817773E-06  0.00000000E+00  0.00000000E+00  0.00000000E+00
  9.42238001E+03  8.20759179E-06  0.00000000E+00  0.00000000E+00  0.00000000E+00
  9.43238001E+03  8.20700557E-06  0.00000000E+00  0.00000000E+00  0.00000000E+00
  9.44238001E+03  8.20641906E-06  0.00000000E+00  0.00000000E+00  0.00000000E+00
  9.45238001E+03  8.20583227E-06  0.00000000E+00  0.00000000E+00  0.00000000E+00
  9.46238001E+03  8.20524521E-06  0.00000000E+00  0.00000000E+00  0.00000000E+00
  9.47238001E+03  8.20465787E-06  0.00000000E+00  0.00000000E+00  0.00000000E+00
  9.48238001E+03  8.20407026E-06  0.00000000E+00  0.00000000E+00  0.00000000E+00
  9.49238001E+03  8.20348239E-06  0.00000000E+00  0.00000000E+00  0.00000000E+00
  9.50238001E+03  8.20289426E-06  0.00000000E+00  0.00000000E+00  0.00000000E+00
  9.51238001E+03  8.20230587E-06  0.00000000E+00  0.00000000E+00  0.00000000E+00
  9.52238001E+03  8.20171723E-06  0.00000000E+00  0.00000000E+00  0.00000000E+00
  9.53238001E+03  8.20112833E-06  0.00000000E+00  0.00000000E+00  0.00000000E+00
  9.54238001E+03  8.20053920E-06  0.00000000E+00  0.00000000E+00  0.00000000E+00
  9.55238001E+03  8.19994982E-06  0.00000000E+00  0.00000000E+00  0.00000000E+00
  9.56238001E+03  8.19936020E-06  0.00000000E+00  0.00000000E+00  0.00000000E+00
  9.57238001E+03  8.19877034E-06  0.00000000E+00  0.00000000E+00  0.00000000E+00
  9.58238001E+03  8.19818026E-06  0.00000000E+00  0.00000000E+00  0.00000000E+00
  9.59119001E+03  8.19778957E-06  0.00000000E+00  0.00000000E+00  0.00000000E+00
  9.60000000E+03  8.19744990E-06  0.00000000E+00  0.00000000E+00  0.00000000E+00
