      0  0.00000000E+00     NSTEP   TIME
 SURFACE NODE =   441  X =   1.0000E+01  Y =   0.0000E+00
              Z  PRESSURE HEAD             SW           CKRW        QTRANIE
   3.350000E-01   3.978000E-03   1.000000E+00   1.000000E+00   0.000000E+00   0.000000E+00
   3.290000E-01   1.052000E-02   1.000000E+00   1.000000E+00   0.000000E+00   0.000000E+00
   3.170000E-01   2.358000E-02   1.000000E+00   1.000000E+00   0.000000E+00   0.000000E+00
   2.990000E-01   4.313000E-02   1.000000E+00   1.000000E+00   0.000000E+00   0.000000E+00
   2.750000E-01   6.913000E-02   1.000000E+00   1.000000E+00   0.000000E+00   0.000000E+00
   2.450000E-01   1.015000E-01   1.000000E+00   1.000000E+00   0.000000E+00   0.000000E+00
   2.150000E-01   1.338000E-01   1.000000E+00   1.000000E+00   0.000000E+00   0.000000E+00
   1.550000E-01   1.981000E-01   1.000000E+00   1.000000E+00   0.000000E+00   0.000000E+00
   9.500000E-02   2.621000E-01   1.000000E+00   1.000000E+00   0.000000E+00   0.000000E+00
  -5.500000E-02   4.204000E-01   1.000000E+00   1.000000E+00   0.000000E+00   0.000000E+00
  -2.050000E-01   5.774000E-01   1.000000E+00   1.000000E+00   0.000000E+00   0.000000E+00
  -5.050000E-01   8.876000E-01   1.000000E+00   1.000000E+00   0.000000E+00   0.000000E+00
  -8.050000E-01   1.195000E+00   1.000000E+00   1.000000E+00   0.000000E+00   0.000000E+00
  -1.405000E+00   1.803000E+00   1.000000E+00   1.000000E+00   0.000000E+00   0.000000E+00
  -2.005000E+00   2.407000E+00   1.000000E+00   1.000000E+00   0.000000E+00   0.000000E+00
  -2.665000E+00   3.068000E+00   1.000000E+00   1.000000E+00   0.000000E+00   0.000000E+00
      1  1.00000000E-02     NSTEP   TIME
 SURFACE NODE =   441  X =   1.0000E+01  Y =   0.0000E+00
              Z  PRESSURE HEAD             SW           CKRW        QTRANIE
   3.350000E-01   1.936094E-07   1.000000E+00   1.000000E+00   0.000000E+00   0.000000E+00
   3.290000E-01   6.608188E-03   1.000000E+00   1.000000E+00   0.000000E+00   0.000000E+00
   3.170000E-01   1.980405E-02   1.000000E+00   1.000000E+00   0.000000E+00   0.000000E+00
   2.990000E-01   3.955091E-02   1.000000E+00   1.000000E+00   0.000000E+00   0.000000E+00
   2.750000E-01   6.579764E-02   1.000000E+00   1.000000E+00   0.000000E+00   0.000000E+00
   2.450000E-01   9.848216E-02   1.000000E+00   1.000000E+00   0.000000E+00   0.000000E+00
   2.150000E-01   1.310430E-01   1.000000E+00   1.000000E+00   0.000000E+00   0.000000E+00
   1.550000E-01   1.957803E-01   1.000000E+00   1.000000E+00   0.000000E+00   0.000000E+00
   9.500000E-02   2.601129E-01   1.000000E+00   1.000000E+00   0.000000E+00   0.000000E+00
  -5.500000E-02   4.191696E-01   1.000000E+00   1.000000E+00   0.000000E+00   0.000000E+00
  -2.050000E-01   5.765684E-01   1.000000E+00   1.000000E+00   0.000000E+00   0.000000E+00
  -5.050000E-01   8.872155E-01   1.000000E+00   1.000000E+00   0.000000E+00   0.000000E+00
  -8.050000E-01   1.194713E+00   1.000000E+00   1.000000E+00   0.000000E+00   0.000000E+00
  -1.405000E+00   1.803080E+00   1.000000E+00   1.000000E+00   0.000000E+00   0.000000E+00
  -2.005000E+00   2.407096E+00   1.000000E+00   1.000000E+00   0.000000E+00   0.000000E+00
  -2.665000E+00   3.068180E+00   1.000000E+00   1.000000E+00   0.000000E+00   0.000000E+00
   1031  9.60000000E+03     NSTEP   TIME
 SURFACE NODE =   441  X =   1.0000E+01  Y =   0.0000E+00
              Z  PRESSURE HEAD             SW           CKRW        QTRANIE
   3.350000E-01   4.121286E-03   1.000000E+00   1.000000E+00   0.000000E+00   0.000000E+00
   3.290000E-01   1.064047E-02   1.000000E+00   1.000000E+00   0.000000E+00   0.000000E+00
   3.170000E-01   2.366299E-02   1.000000E+00   1.000000E+00   0.000000E+00   0.000000E+00
   2.990000E-01   4.315963E-02   1.000000E+00   1.000000E+00   0.000000E+00   0.000000E+00
   2.750000E-01   6.908965E-02   1.000000E+00   1.000000E+00   0.000000E+00   0.000000E+00
   2.450000E-01   1.014032E-01   1.000000E+00   1.000000E+00   0.000000E+00   0.000000E+00
   2.150000E-01   1.336169E-01   1.000000E+00   1.000000E+00   0.000000E+00   0.000000E+00
   1.550000E-01   1.977345E-01   1.000000E+00   1.000000E+00   0.000000E+00   0.000000E+00
   9.500000E-02   2.615202E-01   1.000000E+00   1.000000E+00   0.000000E+00   0.000000E+00
  -5.500000E-02   4.195276E-01   1.000000E+00   1.000000E+00   0.000000E+00   0.000000E+00
  -2.050000E-01   5.761248E-01   1.000000E+00   1.000000E+00   0.000000E+00   0.000000E+00
  -5.050000E-01   8.857400E-01   1.000000E+00   1.000000E+00   0.000000E+00   0.000000E+00
  -8.050000E-01   1.192552E+00   1.000000E+00   1.000000E+00   0.000000E+00   0.000000E+00
  -1.405000E+00   1.800230E+00   1.000000E+00   1.000000E+00   0.000000E+00   0.000000E+00
  -2.005000E+00   2.403936E+00   1.000000E+00   1.000000E+00   0.000000E+00   0.000000E+00
  -2.665000E+00   3.064956E+00   1.000000E+00   1.000000E+00   0.000000E+00   0.000000E+00
   1031  9.60000000E+03     NSTEP   TIME
 SURFACE NODE =   441  X =   1.0000E+01  Y =   0.0000E+00
              Z  PRESSURE HEAD             SW           CKRW        QTRANIE
   3.350000E-01   4.121286E-03   1.000000E+00   1.000000E+00   0.000000E+00   0.000000E+00
   3.290000E-01   1.064047E-02   1.000000E+00   1.000000E+00   0.000000E+00   0.000000E+00
   3.170000E-01   2.366299E-02   1.000000E+00   1.000000E+00   0.000000E+00   0.000000E+00
   2.990000E-01   4.315963E-02   1.000000E+00   1.000000E+00   0.000000E+00   0.000000E+00
   2.750000E-01   6.908965E-02   1.000000E+00   1.000000E+00   0.000000E+00   0.000000E+00
   2.450000E-01   1.014032E-01   1.000000E+00   1.000000E+00   0.000000E+00   0.000000E+00
   2.150000E-01   1.336169E-01   1.000000E+00   1.000000E+00   0.000000E+00   0.000000E+00
   1.550000E-01   1.977345E-01   1.000000E+00   1.000000E+00   0.000000E+00   0.000000E+00
   9.500000E-02   2.615202E-01   1.000000E+00   1.000000E+00   0.000000E+00   0.000000E+00
  -5.500000E-02   4.195276E-01   1.000000E+00   1.000000E+00   0.000000E+00   0.000000E+00
  -2.050000E-01   5.761248E-01   1.000000E+00   1.000000E+00   0.000000E+00   0.000000E+00
  -5.050000E-01   8.857400E-01   1.000000E+00   1.000000E+00   0.000000E+00   0.000000E+00
  -8.050000E-01   1.192552E+00   1.000000E+00   1.000000E+00   0.000000E+00   0.000000E+00
  -1.405000E+00   1.800230E+00   1.000000E+00   1.000000E+00   0.000000E+00   0.000000E+00
  -2.005000E+00   2.403936E+00   1.000000E+00   1.000000E+00   0.000000E+00   0.000000E+00
  -2.665000E+00   3.064956E+00   1.000000E+00   1.000000E+00   0.000000E+00   0.000000E+00
