examples/SSHydro/atmbc_spatially_from_weill_withnodata/prepro/dtm_A_inflow (conflicted copy 2025-09-25 093528)
north:     0
south:           0.00000000
east:      0
west:            0.00000000
rows:     20
cols:     20
[rows 0 to 19 of 20, columns 0 to 19 of 20]
0.00 0.00 0.00 0.00 0.00 0.00 0.00 0.00 0.00 0.00 0.00 0.00 0.00 0.00 0.00 0.00 0.00 0.00 0.00 0.00
0.00 0.75 0.25 0.25 0.25 0.25 0.25 0.25 0.25 0.25 0.25 0.25 0.25 0.25 0.25 0.00 0.00 0.00 0.00 0.00
0.00 0.25 2.00 0.50 0.50 0.50 0.50 0.50 0.50 0.50 0.50 0.50 0.50 0.50 0.50 0.00 0.00 0.00 0.00 0.00
0.00 0.25 0.50 3.75 0.75 0.75 0.75 0.75 0.75 0.75 0.75 0.75 0.75 0.75 0.75 0.00 0.00 0.00 0.00 0.00
0.00 0.25 0.50 0.75 6.00 1.00 1.00 1.00 1.00 1.00 1.00 1.00 1.00 1.00 1.00 0.25 0.25 0.25 0.25 0.25
0.00 0.25 0.50 0.75 1.00 8.75 1.25 1.25 1.25 1.25 1.25 1.25 1.25 1.25 1.25 0.50 0.50 0.50 0.50 0.50
0.00 0.25 0.50 0.75 1.00 1.25 12.00 1.50 1.50 1.50 1.50 1.50 1.50 1.50 1.50 0.75 0.75 0.75 0.75 0.75
0.00 0.25 0.50 0.75 1.00 1.25 1.50 15.75 1.75 1.75 1.75 1.75 1.75 1.75 1.75 1.00 1.00 1.00 1.00 1.00
0.00 0.25 0.50 0.75 1.00 1.25 1.50 1.75 20.00 2.00 2.00 2.00 2.00 2.00 2.00 1.25 1.25 1.25 1.25 1.25
0.00 0.25 0.50 0.75 1.00 1.25 1.50 1.75 2.00 24.75 2.25 2.25 2.25 2.25 2.25 1.50 1.50 1.50 1.50 1.50
0.00 0.00 0.00 0.00 0.00 0.00 0.00 0.00 0.00 0.00 27.50 2.50 2.50 2.50 2.50 1.75 1.75 1.75 1.75 1.75
0.00 0.00 0.00 0.00 0.00 0.00 0.00 0.00 0.00 0.00 0.00 30.75 2.75 2.75 2.75 2.00 2.00 2.00 2.00 2.00
0.00 0.00 0.00 0.00 0.00 0.00 0.00 0.00 0.00 0.00 0.00 0.25 34.50 3.00 3.00 2.25 2.25 2.25 2.25 2.25
0.00 0.00 0.00 0.00 0.00 0.00 0.00 0.00 0.00 0.00 0.00 0.25 0.50 38.75 3.25 2.50 2.50 2.50 2.50 2.50
0.00 0.00 0.00 0.00 0.00 0.00 0.00 0.00 0.00 0.00 0.00 0.25 0.50 0.75 43.50 2.75 2.75 2.75 2.75 2.75
0.00 0.00 0.00 0.00 0.00 0.00 0.00 0.00 0.00 0.00 0.00 0.25 0.50 0.75 1.00 48.00 3.00 3.00 3.00 3.00
0.00 0.00 0.00 0.00 0.00 0.00 0.00 0.00 0.00 0.00 0.00 0.25 0.50 0.75 1.00 1.25 53.00 3.25 3.25 3.25
0.00 0.00 0.00 0.00 0.00 0.00 0.00 0.00 0.00 0.00 0.00 0.25 0.50 0.75 1.00 1.25 1.50 58.50 3.50 3.50
0.00 0.00 0.00 0.00 0.00 0.00 0.00 0.00 0.00 0.00 0.00 0.25 0.50 0.75 1.00 1.25 1.50 1.75 64.50 3.75
0.00 0.00 0.00 0.00 0.00 0.00 0.00 0.00 0.00 0.00 0.00 0.25 0.50 0.75 1.00 1.25 1.50 1.75 2.00 71.00
